1 2
1 3
1 4
1 5
1 28
1 29
1 30
1 31
1 32
1 33
1 34
1 35
1 36
1 43
1 48
1 49
1 50
2 3
2 4
2 5
2 6
2 7
2 8
2 9
2 28
2 29
2 30
2 31
2 32
2 34
2 48
3 4
3 5
3 6
3 7
3 8
3 9
3 28
3 29
3 30
3 31
3 32
3 34
3 43
4 5
4 6
4 7
4 8
4 9
4 28
4 30
4 31
5 6
5 7
5 8
5 9
5 10
5 11
5 28
5 29
5 30
6 7
6 8
6 9
6 10
6 11
6 12
6 25
6 27
6 28
6 29
6 30
6 31
7 8
7 9
7 10
7 11
7 12
7 13
7 24
7 25
7 26
7 27
7 28
7 29
7 30
8 9
8 10
8 11
8 12
8 24
8 25
8 28
8 29
9 10
9 11
9 12
9 13
9 19
9 24
9 25
9 28
9 29
10 11
10 12
10 13
10 14
10 15
10 17
10 18
10 19
10 23
10 24
10 25
10 28
11 12
11 13
11 14
11 15
11 16
11 17
11 18
11 19
11 20
11 23
11 24
11 25
11 26
11 28
12 13
12 14
12 15
12 16
12 17
12 18
12 19
12 23
12 24
12 25
12 26
12 27
12 28
12 29
13 14
13 15
13 16
13 17
13 18
13 19
13 23
13 24
13 25
13 26
13 27
13 28
13 29
14 15
14 16
14 17
14 18
14 19
14 20
14 21
14 22
14 23
14 24
14 25
14 26
14 28
15 16
15 17
15 18
15 19
15 22
15 23
15 24
15 25
16 17
16 18
16 19
16 20
16 21
16 22
16 23
16 24
17 18
17 19
17 20
17 21
17 22
17 23
17 24
18 19
18 20
18 21
18 22
18 23
18 24
19 20
19 21
19 22
19 24
20 21
20 22
20 24
21 22
23 24
24 25
24 26
24 27
24 28
24 29
25 26
25 27
25 28
25 29
25 30
25 31
25 32
26 27
26 28
26 29
26 30
26 31
26 32
27 28
27 29
27 30
27 31
27 32
27 33
28 29
28 30
28 31
28 32
28 33
28 48
29 30
29 31
29 32
29 33
29 48
30 31
30 32
30 33
30 34
30 35
30 47
30 48
31 32
31 33
31 34
31 35
31 36
31 42
31 47
31 48
31 49
31 50
32 33
32 34
32 35
32 36
32 47
32 48
32 49
32 50
32 61
33 34
33 35
33 36
33 37
33 42
33 47
33 48
33 49
33 50
33 51
33 52
33 53
33 56
33 61
34 35
34 36
34 37
34 38
34 41
34 42
34 43
34 45
34 47
34 48
34 49
34 50
34 51
34 52
34 53
34 56
34 61
35 36
35 37
35 38
35 39
35 41
35 42
35 43
35 45
35 47
35 48
35 49
35 50
35 51
35 52
35 53
35 54
35 55
35 56
35 61
36 37
36 38
36 39
36 40
36 41
36 42
36 43
36 44
36 45
36 46
36 47
36 48
36 49
36 50
36 51
36 56
36 57
37 38
37 39
37 40
37 41
37 42
37 43
37 44
37 45
37 46
37 47
37 50
37 51
37 52
37 53
37 54
37 55
37 56
37 57
37 58
37 60
38 39
38 40
38 41
38 42
38 43
38 44
38 45
38 46
38 47
38 56
38 57
38 58
39 40
39 41
39 42
39 43
39 44
39 45
39 46
39 47
40 41
40 42
40 43
40 44
40 45
40 46
41 42
41 43
41 44
41 45
41 46
41 47
42 43
42 44
42 45
42 46
42 47
43 44
43 45
43 46
44 45
44 46
45 46
45 50
45 51
45 56
45 57
45 58
45 59
46 57
46 58
46 59
46 60
47 48
47 49
47 50
47 51
47 52
47 53
47 54
47 56
47 61
48 49
48 50
48 51
48 52
48 56
48 61
49 50
49 51
49 52
49 53
49 55
49 56
49 57
49 61
50 51
50 52
50 53
50 55
50 56
50 57
50 58
50 60
50 61
51 52
51 53
51 54
51 55
51 56
51 57
51 58
51 59
51 60
51 61
52 53
52 54
52 55
52 56
52 57
52 58
52 59
52 60
52 61
53 54
53 55
53 56
53 57
53 59
53 60
53 61
54 55
54 56
54 60
55 56
55 57
55 58
55 59
55 60
55 61
56 57
56 58
56 59
56 60
56 61
57 58
57 59
57 60
57 61
58 59
58 60
59 60
