#Frame         global     SA_00002     SA_00003     SA_00004     SA_00005     SA_00006     SA_00007     SA_00008     SA_00009     SA_00010
       1    5259.4924     396.0508     328.4998     869.1659     294.7196     278.5843     272.1567     246.8226    1997.0011     576.4917
       2    6057.8140     399.3849     371.3667    1218.7653     439.3567     337.8938     364.9622     331.9068    1983.2617     610.9158
       3    8389.6068     422.4132     561.2651    1524.5704     484.5858     485.2868     452.8688     338.0100    3361.9491     758.6576
       4    8384.7326     431.8734     491.9033    1690.5285     621.9219     406.2688     323.0346     490.0270    3249.6911     679.4838
       5    7058.5061     729.8188     385.1536    1291.0960     518.4474     376.9031     354.5056     336.6356    2509.3824     556.5637
       6    7383.3767     520.4862     604.1258    1497.5410     568.0099     464.6893     294.9460     301.2122    2297.6897     834.6765
       7    7526.5803     521.7685     449.7638    1746.3992     334.1347     227.9555     333.1427     496.6750    2640.6311     776.1098
       8    6813.9250     487.6117     428.9614    1066.8766     255.0055     210.2519     220.0291     257.5986    2907.3854     980.2049
       9    9385.7780     424.2855     419.0087    1593.3603     672.7125     615.4756     722.3599     831.9595    3192.2349     914.3811
      10    8601.0994     607.5032     655.0370    1835.2321     530.5968     511.2882     576.4338     518.6822    2457.2258     909.1002
      11    7701.9089     402.4798     408.0879    1599.8468     590.2948     484.3881     450.3653     442.6012    2518.2554     805.5895
      12    7097.7488     604.4485     505.2654    1061.9700     361.2174     344.8986     425.3748     463.1185    2367.7097     963.7458
      13    8339.9499     421.5926     550.4954    1876.4471     575.3913     481.7584     266.0895     279.3589    2992.5640     896.2526
      14    8502.5507     813.9318     691.8725    1359.9976     393.3732     339.9596     456.8332     415.4158    3327.5593     703.6076
      15    9240.7328     740.7088     457.3326    1588.0663     683.8488     335.1563     300.4875     320.4442    3903.0289     911.6595
      16    7809.3365     336.2814     275.1760    1301.8428     516.8240     491.0808     465.0178     446.4557    2892.9782    1083.6798
      17    8648.7184     504.0773     680.7145    1580.8910     420.8506     380.2799     456.4417     483.4312    3306.9948     835.0374
      18    6460.7927     503.6333     489.3558    1251.9361     327.1641     248.6239     325.4355     482.5002    1906.5564     925.5875
      19    6641.2137     345.9535     279.5258    1014.2899     291.8566     341.6111     346.1454     305.8034    2931.2831     784.7449
      20    7160.4067     402.7948     367.4263    1346.6533     520.2598     366.9896     467.2012     502.2416    2486.6494     700.1907
      21    8429.0638     381.5346     444.4296    1214.6596     599.1299     528.0881     406.6153     418.7160    3287.1104    1148.7804
      22    5742.6130     539.4960     246.2879     817.2636     252.9153     234.1114     302.6302     315.0171    2358.3239     676.5675
      23    6980.6125     398.3607     413.6780    1506.5577     365.3249     235.8677     194.9973     212.2187    2593.3156    1060.2919
      24    9138.6789     544.3035     467.3048    1456.5320     729.4074     578.0459     527.5940     435.7281    3439.3485     960.4146
      25    6905.3844     372.0874     403.1753    1269.8830     384.4983     261.2935     317.3582     377.4447    2949.8391     569.8049
      26    8345.4750     496.6132     415.7029    1034.5959     474.1204     480.3256     464.1800     413.0825    3436.9847    1129.8698
      27    4971.7956     308.4902     242.0346     822.0374     226.8442     177.8125     316.8368     346.8682    2010.2287     520.6431
      28    7459.9982     560.3221     295.2088    1219.9053     459.7241     405.7454     418.9791     363.3060    2982.6696     754.1379
      29    6390.5969     409.0831     350.9833    1021.8003     520.7330     469.7068     350.3732     340.1547    2255.5196     672.2429
      30    7795.5220     359.9189     302.4404    1512.2554     400.8052     377.2675     307.0660     276.3908    3541.6367     717.7411
      31   10256.6333     685.7456     589.2366    2022.1524     424.3649     432.6612     393.5610     381.0690    4163.7553    1164.0873
      32    6435.4557     328.9086     288.1680     942.0218     399.8314     277.5907     319.9368     301.6994    2745.6057     831.6935
      33    6925.7166     470.6893     298.3217    1273.8773     395.5691     418.5585     524.0853     628.2561    2276.7588     639.6005
      34    8276.7928     539.3409     672.7258    1729.7747     320.4689     227.1631     236.2856     340.3243    3174.3450    1036.3645
      35    7190.1885     582.7901     571.0388    1460.6427     493.4896     500.2426     472.5807     394.4077    1884.9963     830.0000
      36    7700.3586     306.7471     328.6557    1728.8527     620.0435     482.2406     417.4409     448.7981    2582.5958     784.9841
      37    6645.0553     423.4013     351.0925    1213.8761     537.9774     434.0988     445.4991     399.8274    2098.5885     740.6943
      38    7014.5521     368.1801     293.3904    1375.8376     568.8741     400.4083     341.2521     485.5653    2371.0111     810.0331
      39    6478.9366     345.4298     293.2950    1372.3536     439.6564     267.6652     271.2699     376.8082    2256.6751     855.7834
      40    7940.4951     540.8763     520.1035    1622.5063     477.7073     568.9506     387.6172     414.3249    2512.6123     895.7966
      41    7325.0263     599.9927     382.4303    1305.9379     460.1898     482.6781     423.0452     393.3417    2679.3265     598.0842
      42    8559.0105     822.4194     692.7130    1606.4999     602.5719     293.7904     301.6315     324.9881    3317.1833     597.2130
      43    8296.7099     372.9107     359.5562    1306.3831     572.7959     380.7085     359.6880     293.5222    3862.0752     789.0701
      44    8104.9645     460.9427     467.7511    1561.8508     533.0566     468.7400     409.3273     411.9654    2847.4269     943.9037
      45    7587.6706     577.2515     484.7124    1582.1690     521.4949     325.4298     330.7582     371.4989    2738.8704     655.4855
      46    6807.1096     339.6869     364.1154    1136.1137     340.7474     277.0947     376.6387     413.5869    2761.4197     797.7062
      47    7312.0689     344.9948     383.7477    1129.8538     406.3110     383.6648     345.9505     274.1112    3072.2364     971.1987
      48    6003.7087     346.5253     293.6973     979.3590     476.5731     382.2359     398.8843     405.1768    2007.7190     713.5379
      49    5814.6273     338.2357     279.3803    1271.6365     478.3618     394.0998     309.1954     288.8135    1777.6589     677.2453
      50    6967.3753     355.8079     289.6784    1179.9909     406.0167     417.9683     391.0685     409.4606    2719.8476     797.5364
      51    6185.3107     612.4789     462.6274    1214.9596     341.1167     320.2856     214.9383     236.1377    2043.3101     739.4564
      52    7570.3800     469.3236     336.5030    1266.7526     667.7586     457.1747     466.8548     527.1740    2712.2746     666.5641
      53    8557.8725     503.8216     677.4556    1280.1774     495.0298     549.6272     382.4075     372.9255    3454.7235     841.7044
      54    8580.4098     487.6721     532.9127    1444.2690     507.9437     319.6661     383.3706     431.2556    3579.3360     893.9840
      55    7545.4604     717.6732     581.5027    1289.4912     413.8853     423.4892     445.1492     396.4222    2641.7236     636.1238
      56    7972.7606     501.2596     477.6950    1676.5144     568.6765     582.0677     493.9782     371.8192    2717.2916     583.4585
      57    7767.3670     315.0089     294.2183    1439.7776     640.5381     473.4000     487.0852     682.4474    2588.1116     846.7800
      58    6806.5046     394.3501     447.1111    1555.6438     332.2489     298.3020     343.9735     370.7535    2290.6871     773.4344
      59    7616.6788     542.0527     497.1810    1224.9805     435.1587     292.5061     304.8095     386.7451    2958.3011     974.9441
      60    7503.8568     389.6759     412.0598    1230.6047     444.2199     318.2642     382.0100     388.0089    3232.1261     706.8871
      61    9491.0042     567.2701     480.1330    1506.9514     808.2970     647.9032     297.4891     309.4816    3940.1825     933.2964
      62    8981.0861     628.2996     604.0868    1681.1775     319.5374     312.6014     259.0131     291.5846    3618.3488    1266.4367
      63    7501.9844     607.9627     575.9235    1232.2759     418.1326     381.9856     410.8926     338.1698    2918.8853     617.7564
      64    6896.7308     543.0038     396.2476     895.8999     341.6937     321.8049     311.0925     356.0499    2952.9931     777.9453
      65    7813.5480     560.8786     439.3196    1433.6299     370.4577     364.9862     385.3446     395.5617    3268.2557     595.1140
      66    6797.8535     430.0252     332.0184    1109.8625     368.7182     288.3576     372.3409     465.4252    2697.7280     733.3776
      67    7302.1946     529.5065     448.3765    1158.6072     430.7238     378.4726     384.2548     477.5854    2768.6649     726.0028
      68    8918.9049     590.8811     482.7998    1581.5966     486.4261     556.5973     342.3434     295.5841    3373.5987    1209.0779
      69    7582.7956     348.7964     288.8219    1384.3075     484.8091     387.1057     306.8309     333.7458    2920.4322    1127.9462
      70    7850.9749     459.6725     416.9400    1870.4383     352.4255     269.2478     332.6995     436.8379    2832.8054     879.9081
      71    4864.5226     349.7799     295.8317     835.4274     254.1620     226.2588     230.0474     293.6679    1884.4943     494.8532
      72    7627.5995     435.8601     435.4709    1441.2287     524.1107     433.6626     339.8207     494.4896    2798.9801     723.9761
      73    7315.2868     479.6278     325.9486    1247.9106     389.4119     315.4240     332.0352     424.5854    3117.8157     682.5275
      74    8797.9610     524.4828     595.1553    1718.5711     638.0709     591.9753     716.8488     480.2365    2578.2692     954.3512
      75    6686.8451     418.6620     457.0361    1520.4931     409.7762     338.3200     399.0711     414.0568    2231.0369     498.3930
      76    7633.3786     670.5512     447.0253    1277.2620     434.9417     264.7521     256.7292     495.1287    2878.5282     908.4602
      77    7848.7474     458.6793     372.7528    1477.9917     506.8913     485.9099     575.4366     729.9128    2427.9748     813.1983
      78    7331.9355     527.2028     453.4985    1485.0771     497.8907     280.8291     321.4228     357.9769    2667.5178     740.5198
      79    7643.1686     658.0304     442.3794    1597.5761     409.3626     285.0001     284.6732     470.6870    2596.5786     898.8812
      80    7144.3365     563.1732     544.6433    1331.1707     436.2386     301.0803     330.9398     424.9856    2391.6097     820.4953
      81    7088.3053     408.6794     388.5059    1150.3187     400.5606     363.2482     345.4890     325.9873    2943.5058     762.0103
      82    8035.6683     651.0817     584.8081    1360.0690     474.4170     345.0377     275.5007     293.1935    2826.6364    1224.9243
      83    6466.9468     366.5120     301.7709    1023.7901     324.5665     292.6622     327.9895     353.8290    2821.8673     653.9594
      84    5930.7237     558.1266     269.4230     862.1971     258.4546     245.8947     334.3435     395.7907    2394.5773     611.9163
      85    8856.7518     327.9427     317.4858    1523.8049     471.5276     545.1886     454.0349     387.8263    4078.6455     750.2956
      86    6481.1392     321.9404     261.1110    1348.8584     376.4132     298.7684     381.7826     399.3014    2417.2568     675.7071
      87    7924.8656     598.2614     480.7804    1372.3765     455.9818     437.8235     344.5063     353.9322    3011.0691     870.1344
      88    7030.6049     647.3108     347.6977    1206.5067     288.1478     237.6565     232.9485     325.9443    2836.2886     908.1039
      89    7564.7998     523.7162     408.4050     995.3941     549.6884     520.0431     371.8536     346.6033    2880.3303     968.7659
      90    5746.4791     394.9885     308.2255    1127.9182     269.1049     241.7289     320.3417     335.7802    2084.1557     664.2355
      91    8713.6657     323.5112     323.4670    1864.5726     503.3698     435.5216     475.8006     360.7746    3430.2042     996.4441
      92    8152.0577     522.2220     350.4194    2230.7056     533.3608     471.9419     297.2941     389.4364    2380.3193     976.3581
      93    8825.0704     536.2247     567.5420    2253.4679     391.5788     321.3881     251.1159     355.6387    3046.3338    1101.7805
      94    7182.5060     470.2250     488.1050    1307.4885     305.0458     239.8137     243.9189     249.3572    3114.6925     763.8593
      95    7048.8688     447.9889     418.1864    1472.6274     428.4388     385.6960     375.4251     327.5900    2500.1876     692.7288
      96    7399.8019     417.1715     355.9595    1411.9924     545.6327     336.6661     310.4171     295.7634    2853.7559     872.4433
      97    6083.7964     401.7207     323.7802    1022.8633     455.9250     356.5665     230.4885     282.0695    2518.9666     491.4162
      98    8243.5887     551.0336     475.9376    1480.5272     420.0470     321.6075     542.0468     451.1547    2861.9378    1139.2965
      99    7114.7563     602.4007     423.4124    1360.0699     413.2457     405.3819     347.1377     285.2812    2704.9837     572.8431
     100    8798.4479     549.5657     496.0286    1561.9734     535.2532     342.0072     356.3180     556.6510    3527.4423     873.2085
     101    5876.9381     358.0717     296.4534    1259.7347     345.1525     384.1435     327.4251     313.1019    1851.0258     741.8296
     102    7766.3046     417.5583     432.0795    1552.9432     448.1591     329.6199     272.0145     325.6891    3090.5304     897.7107
     103    7025.4367     363.4424     304.1461    1220.1918     510.6832     288.2540     278.1173     425.9288    2890.1522     744.5209
     104    6792.7369     644.8636     332.8547    1365.7079     339.9565     283.5767     360.4831     396.9268    2331.9608     736.4070
     105    7089.6027     559.5630     460.1892    1553.1944     498.3143     270.4808     238.0212     349.3228    2268.0091     892.5077
     106    5847.7448     409.8901     298.6455     835.0157     292.7894     269.9411     366.1214     439.7285    2262.7791     672.8339
     107    6997.1162     497.0401     363.5265     992.2784     371.5029     375.9467     373.2584     423.0022    2888.8615     711.6996
     108    7717.3924     369.2079     324.0268    1195.1396     526.4085     413.8341     421.7179     522.8072    3131.2333     813.0171
     109    7345.4813     518.5476     418.4322    1204.4722     470.4900     320.3092     260.7174     402.0807    3234.7316     515.7003
     110    5198.1733     451.3876     343.4546    1196.3429     278.5611     206.2845     195.9508     228.2226    1823.6117     474.3575
     111    7638.2291     484.0880     469.0315    1494.0689     452.3391     336.2311     331.5412     388.8645    2724.0902     957.9745
     112    6930.5474     585.7460     566.5006    1515.8010     355.5639     267.7981     270.0734     386.1082    2205.9195     777.0366
     113    7602.3549     490.8539     449.8573    1713.2863     460.2042     424.3035     550.2371     588.3968    2273.9159     651.3000
     114    7389.2483     609.7475     611.2088    1075.2515     385.7050     295.6368     325.5280     375.3167    3025.8263     685.0277
     115    8577.4776     650.8630     500.6453    1861.2662     526.4256     518.4480     407.7467     672.6972    2689.8082     749.5774
     116    7198.5381     801.1002     546.5397    1649.6784     428.4614     385.2921     286.5255     259.9304    2025.7539     815.2563
     117    9479.9505     425.4711     425.2686    1944.2352     635.1839     431.2810     428.7351     434.1229    3771.4066     984.2461
     118    7635.6832     496.9036     362.3724    1743.7426     332.7138     258.4673     450.0696     412.3508    2967.2428     611.8203
     119    8697.6808     495.0696     478.9764    1930.2475     666.5831     440.3848     375.6646     345.5158    2929.6631    1035.5759
     120    9910.2169     574.2820     556.1743    2193.1314     644.9944     605.6346     408.7334     404.0674    3492.5115    1030.6879
     121    8117.9391     553.1645     579.5222    1751.3326     474.6254     292.1297     412.3308     394.2326    2904.8526     755.7487
     122    6856.9006     548.6302     577.6250    1269.8775     376.4250     224.5206     224.6534     306.7166    2808.4726     519.9796
     123    5982.2700     364.7744     301.6829    1011.2152     437.6854     381.6283     302.9386     293.3203    2374.4863     514.5386
     124    8444.9571     613.4603     458.0994    1401.7072     535.3117     375.2828     294.3263     298.2175    3485.7700     982.7821
     125    7509.4202     336.4374     244.1442    1194.8923     467.9149     443.1700     508.9494     429.2249    3207.3565     677.3307
     126    8785.3199     652.6184     517.3268    1801.2674     498.9684     350.9920     370.7353     370.9463    3395.5139     826.9515
     127    8448.9141    1148.5514     628.1468    1539.8168     420.3916     515.9186     357.8062     334.0580    2814.9029     689.3216
     128    5755.9435     333.8414     250.5604     883.2305     272.9260     227.6093     333.7745     373.9779    2480.2953     599.7282
     129    6358.5122     381.4556     500.1618    1090.9210     349.8668     284.8938     275.5677     348.7545    2458.6389     668.2521
     130    7142.3489     432.2557     487.4884    1282.2454     430.8141     474.7561     264.1656     292.5979    2684.0476     793.9780
     131    6248.0425     537.3752     389.2276    1091.6124     276.5014     248.4919     259.2867     328.8169    2422.0059     694.7246
     132    9635.3134     808.9125     666.8744    1686.8564     575.6718     618.4039     603.6882     444.0741    3381.6751     849.1570
     133    8787.2842     551.3552     473.8531    1833.9609     431.2381     368.1691     421.4378     384.6765    3818.1685     504.4249
     134    7249.5426     572.4938     427.9324    1390.6077     414.8359     346.7307     345.5047     433.6787    2712.3688     605.3899
     135    8919.6216     511.9291     483.3374    1809.1536     632.7438     439.6988     438.1413     770.8412    2906.1562     927.6203
     136    8921.5285     667.2178     411.6593    1487.9502     448.1620     416.4272     462.6691     305.5346    3512.3949    1209.5134
     137    7727.5958     574.9565     457.4689    1646.1109     392.5204     274.7625     272.8304     289.6653    3127.0496     692.2313
     138    8674.5074     442.8966     440.1248    1475.6465     413.3908     463.9050     294.3245     321.1265    4005.9827     817.1099
     139    8025.5737     374.0640     302.1891    1710.0167     460.5570     548.2538     407.1648     341.3653    3106.1048     775.8583
     140    7518.3892     601.8680     485.8391    1190.0658     401.7432     254.7381     258.4153     438.9946    3125.2541     761.4710
     141    6742.3621     730.1778     402.4680    1014.8818     313.4098     296.5718     310.4238     408.5236    2688.2884     577.6171
     142    8392.7345     415.5936     587.6422    1596.0673     631.2004     433.8694     345.6992     389.8970    3097.9944     894.7709
     143    5755.0351     542.5732     420.5949    1314.2482     390.2890     336.1828     278.5053     243.1204    1760.3578     469.1635
     144    7460.4851     593.2361     463.5921    1122.0217     330.2579     263.0769     246.3083     385.5287    3254.1606     802.3027
     145    7104.5715     510.0786     422.9209    1393.2170     507.1245     360.9148     332.7957     605.9653    2262.8474     708.7074
     146    7462.8210     445.9679     474.7845    1789.4062     433.6880     269.7368     257.3610     312.8354    2768.9055     710.1357
     147    8355.0656    1091.4517     554.3066    1301.7802     359.7418     274.9010     252.3819     516.1409    3170.2222     834.1393
     148    6958.2548     711.1189     396.5703    1057.3499     312.3475     248.7928     241.3376     278.8584    2993.9631     717.9164
     149    9488.2208     475.8975     508.0990    1824.3358     619.1122     590.7974     404.5755     398.8996    3750.4963     916.0077
     150    6930.4375     454.4017     482.4742    1561.2563     359.2770     305.0631     448.3039     490.8605    2235.0076     593.7930
     151    8819.2023     554.2044     503.7488    1664.8414     377.0346     304.2392     379.1893     321.4531    3908.5713     805.9202
     152    9359.7395    1168.7739     660.3183    1608.6530     418.3709     327.3234     262.9269     279.2424    3819.2954     814.8353
     153    8003.5019     393.9642     343.6594    1388.2229     620.6637     484.7529     362.3539     400.4894    3295.7941     713.6014
     154    8286.2784     468.8687     550.7711    1831.0832     500.8675     344.8413     293.1393     311.6626    3117.9814     867.0632
     155    6387.7371     464.8614     452.1101    1534.9544     329.3715     193.4473     190.1333     223.4968    2181.8875     817.4749
     156    7345.1952     626.9658     480.9375     988.1101     337.9597     348.6771     327.5228     284.5232    3199.2561     751.2428
     157    6890.7405     476.0238     362.1412    1177.9985     244.9408     191.3234     256.4049     352.6191    2964.1506     865.1381
     158    7691.2878     381.9494     333.8628    1353.4474     402.3363     321.1306     347.1673     385.9394    3312.4108     853.0439
     159    8905.0931     625.5222     482.5257    1415.7575     654.3258     402.5981     323.3656     454.2089    3323.5843    1223.2050
     160    6142.4665     484.2892     455.4966    1342.1400     314.7353     232.0999     236.7764     261.7090    2119.9938     695.2262
     161    8905.0475     502.5147     356.8822    1358.8309     697.1817     569.0300     462.7465     542.0427    3541.9643     873.8546
     162    7825.0221     399.6386     376.7681    1148.9971     447.2841     428.9951     319.3354     323.7029    3519.8121     860.4888
     163    6757.1900     519.8141     522.5424    1467.2315     319.0182     277.8451     337.7345     488.4082    2238.5465     586.0494
     164    6241.8083     340.4547     350.1807    1379.8930     374.4648     345.0388     366.1988     289.3214    2155.9983     640.2577
     165    7910.9327     480.7825     454.1644    1388.8186     515.9229     420.6873     287.5917     317.3938    3343.2900     702.2816
     166    6799.6508     395.1969     392.1062    1395.2979     387.6993     331.7793     322.3777     307.4174    2732.0595     535.7167
     167    8975.0769     465.9679     543.0691    1661.0813     609.5086     480.3771     350.0901     283.5731    3565.5659    1015.8438
     168    8638.0155     532.3316     494.1623    1575.3867     486.9164     357.5706     485.1407     412.5070    3454.4759     839.5244
     169    7529.8708     621.3202     531.2281    1578.7191     300.2955     229.2518     240.7299     336.1811    3145.9635     546.1817
     170    9435.2310     499.2007     507.3988    1912.6072     516.0396     395.0645     449.9133     403.6575    3860.2010     891.1484
     171    7695.0448     758.8450     432.6856    1165.0868     337.8692     294.8256     281.6762     321.1373    3112.4797     990.4394
     172    7803.2359     429.5730     423.1152    1609.1148     674.6024     516.3032     393.8645     478.1042    2601.4117     677.1467
     173    7875.2408     486.9658     453.4559    1236.6256     597.2579     476.0699     422.5278     386.5889    3211.3899     604.3590
     174    7697.3349     609.3242     643.3556    1662.0560     355.5735     328.8359     283.2015     284.3310    2942.6894     587.9678
     175    6878.2998     357.1408     319.2528    1108.3280     490.4837     493.7847     309.7866     270.4591    2740.3039     788.7601
     176    7907.3555     655.3605     455.6446    1148.2919     585.1834     414.7215     430.0893     342.3949    3152.0972     723.5722
     177    7981.7775     611.3461     466.5464    1348.7929     400.4576     433.4964     434.3204     327.5750    3238.3481     720.8946
     178    5412.5212     399.2308     396.0492    1251.7342     374.8952     349.3572     220.7426     246.6466    1687.5505     486.3148
     179    9042.7516     616.8656     542.6841    1571.9890     462.2273     404.7536     288.3368     318.8859    3729.3945    1107.6147
     180    8401.6729     615.5180     628.9437    2008.7325     372.5711     313.2224     341.4154     432.2371    2828.3146     860.7180
     181    7228.2953     390.8132     324.7003    1447.8917     620.8042     447.0693     376.1383     474.0201    2520.4459     626.4124
     182    8110.1975     569.8086     505.9134    1518.6449     613.7994     441.1360     263.4789     274.3173    2980.6499     942.4491
     183    7119.3878     350.6502     338.0624    1300.5377     627.1860     483.2799     404.4694     383.1236    2488.1005     743.9781
     184    7206.1200     575.8631     418.6389    1313.3610     459.6761     299.3490     302.0883     304.9788    2967.4875     564.6772
     185    6968.4800     505.6741     364.1944    1138.8075     365.1907     326.9721     333.2495     273.7381    2833.5320     827.1215
     186    7176.0169     658.0878     383.6236    1192.1468     371.0111     318.0033     369.4769     329.3014    2841.8468     712.5192
     187    7445.6932     424.4794     336.4836    1361.9396     304.0613     314.8349     320.8120     287.0669    3348.5027     747.5127
     188    8332.2552     469.4016     448.3384    1685.0229     475.0005     446.2504     541.1021     686.3717    2825.3654     755.4021
     189    9487.7145     484.4122     386.5995    1417.1620     723.9123     478.9949     467.8063     376.1809    4045.9720    1106.6744
     190    7281.3638     403.3979     409.5786    1325.2210     454.0641     374.5291     311.5847     325.3568    2683.6647     993.9669
     191    6703.2398     419.5080     518.2951    1230.2219     485.2759     356.2263     269.7958     249.6301    2347.2378     827.0491
     192    8435.6105     521.9679     583.9261    2084.7930     514.1269     351.3015     329.8900     357.9976    2766.7880     924.8196
     193    6752.5158     517.3272     452.1133    1043.2830     411.2527     368.7370     368.8609     292.8051    2694.3550     603.7817
     194    8014.9281     520.2657     409.3825    1301.6484     737.4398     461.9392     314.0766     372.4587    3074.9731     822.7440
     195    8184.5236     664.2654     626.6907    1603.1917     435.7843     277.6148     231.2695     306.2475    3300.0802     739.3795
     196    7433.4158     327.2274     267.9735    1351.9796     360.5060     296.4146     365.7299     370.9737    3296.5559     796.0553
     197    7407.9762     534.2316     508.6673    1399.2487     491.4536     373.8606     331.9809     314.7751    2613.6440     840.1146
     198    8593.1452     809.6381     689.6530    1770.4953     581.7272     420.1577     334.4459     357.6918    2599.3443    1029.9920
     199    8247.3839     432.1678     470.6215    1757.5016     370.2297     237.4822     286.9143     433.4904    3389.4068     869.5694
     200    8246.4884     600.9408     471.4788    1722.2058     444.0970     342.3835     315.0210     341.5544    3369.6634     639.1435
     201    7867.3947     449.8149     403.5113    1576.8124     603.3862     403.1141     354.2553     486.2353    2970.2245     620.0407
     202    7656.6549     611.9939     436.5994    1357.7574     552.6838     386.3299     335.1459     362.2267    2894.3103     719.6076
     203    8185.9323     702.8216     495.8774    1504.8272     478.6780     382.7266     335.9154     313.4885    3411.1241     560.4736
     204    7918.5213     565.1297     397.4205    1538.4253     476.4303     415.7926     325.2034     329.0229    3109.5356     761.5610
     205    8757.4642     312.1663     290.2032    1470.4939     632.2440     519.3512     458.5953     517.0114    3699.2915     858.1074
     206    7559.9089     511.2916     368.5989    1484.1468     489.3363     439.0740     447.8005     362.2132    2724.3073     733.1404
     207    7697.8259     544.5168     492.6569    1314.1043     450.0564     374.7901     316.5218     287.2283    3191.4657     726.4855
     208    9174.9347     375.1555     443.2575    1980.3054     535.0439     529.4833     424.9009     450.5413    3529.5972     906.6497
     209    6745.4856     481.8909     379.2084    1150.0568     299.0196     265.6329     289.3443     380.3432    2671.5461     828.4434
     210    7996.7175     427.7961     426.2287    1556.5682     436.2390     283.1306     289.4518     283.9810    3562.0216     731.3006
     211    8569.2591     454.2481     389.9797    1400.2096     727.4235     453.7074     332.9509     291.3440    3555.6884     963.7076
     212    7735.7469     422.1181     435.3931    1487.5429     552.2532     347.4673     240.9107     264.1204    2873.9021    1112.0390
     213    8167.0102     502.3308     484.8571    1658.8189     478.0050     384.5854     293.2846     327.1005    3067.0196     971.0083
     214    8524.3192     539.2741     438.7905    1593.5936     826.6858     553.6934     327.2024     310.9085    3348.3292     585.8417
     215    7274.0109     537.9551     457.6388    1434.8306     579.0997     353.5163     313.9438     389.7899    2429.1575     778.0791
     216    7119.0308     448.1703     400.5516    1025.7404     466.4288     390.5319     394.3414     523.1729    2844.6656     625.4279
     217    7830.1117     536.8809     532.2446    1428.0279     575.8298     368.4185     330.6114     356.9523    2956.3739     744.7723
     218    8722.5108     618.3343     538.0546    1625.5969     488.5344     284.4936     283.8059     302.3039    3543.9285    1037.4586
     219    7324.0476     494.8113     362.3728    1240.7740     493.0256     260.4982     267.6935     409.2186    2942.0558     853.5979
     220    6709.7102     401.5766     356.9632    1058.0307     391.2119     352.1061     289.0993     256.1305    2768.2389     836.3531
     221    9107.8990     745.5276     564.6668    1892.2579     505.0109     307.5174     264.6665     259.7793    3728.8557     839.6170
     222    6368.3082     319.4202     321.5781    1037.4249     351.4931     337.3602     251.3299     251.9871    2756.9635     740.7512
     223    6629.5321     355.5666     243.3252    1398.5635     404.5557     357.1527     271.1039     391.8884    2604.4376     602.9386
     224    6957.1931     540.0597     305.7648    1300.2067     392.0448     318.2481     323.0287     445.6703    2682.5726     649.5975
     225    6689.1058     347.0870     259.6397    1359.9987     380.9343     345.8390     326.0118     343.9694    2840.9273     484.6987
     226    7211.0987     427.7418     401.3106    1430.2898     601.8970     410.9084     412.9015     456.1199    2283.0047     786.9250
     227    7357.3454     447.6473     400.1646    1503.7238     450.2806     365.5300     388.2933     347.6295    2800.1929     653.8835
     228    7210.8357     511.8905     295.3162    1025.6240     387.9134     379.4104     294.4548     383.0980    3132.1903     800.9381
     229    7502.5893     411.4368     493.0392    1437.0505     586.8878     457.0007     387.0075     284.5633    2454.4258     991.1777
     230    8480.2389     635.3752     576.3401    1874.5656     573.5115     321.0515     297.3415     299.6035    3028.0775     874.3726
     231    8891.9711     535.4466     563.1486    1794.9687     417.6665     277.2481     250.7703     307.1964    3642.2445    1103.2814
     232    7267.8934     317.1809     256.3557    1217.7012     432.8784     367.8595     393.9046     422.0461    3070.0322     789.9350
     233    7097.3142     337.0939     322.7767    1480.7475     320.6216     249.2597     313.8063     317.3110    2911.4705     844.2269
     234    8385.9348     571.3439     461.1115    1898.4180     305.5601     245.0061     331.6209     490.2830    3155.3115     927.2799
     235    8821.1041     549.1751     424.6234    1541.9544     507.1355     284.8883     254.2723     259.3387    3643.1217    1356.5945
     236    7757.9112     916.1175     491.8745    1330.6865     540.1491     349.1074     322.2266     387.1120    2666.1272     754.5103
     237    8038.7777     394.9199     500.7727    1549.1832     575.9512     279.9087     266.2164     347.1203    3418.5407     706.1645
     238    7064.9548     364.0740     255.8046    1044.9176     527.1418     427.7762     307.3375     332.0011    2923.3024     882.5996
     239    6610.0530     456.3555     451.8285    1174.5102     457.1535     455.0399     390.0219     366.5171    2129.1410     729.4854
     240    8644.7169     520.7633     415.5471    1494.4479     704.1668     513.7115     353.8116     436.2343    3369.3116     836.7228
     241    6366.0646     489.0965     406.6932    1207.1069     338.4498     224.0858     242.9397     405.7497    2424.5224     627.4206
     242    6222.2419     316.4742     265.1398    1235.0697     355.8113     336.2896     347.6603     427.2115    2333.4123     605.1731
     243    7101.9682     348.2580     278.4311    1062.2336     376.4201     284.0477     287.6469     334.9358    3327.3216     802.6734
     244    8147.3800     676.5669     482.2043    1543.0663     609.2989     484.5336     462.1103     558.0351    2525.4779     806.0868
     245    8878.8542     663.0650     605.0128    1803.6629     543.6598     492.0601     385.5842     363.6531    3000.7394    1021.4171
     246    7094.4213     411.2657     302.0131    1550.4378     399.3258     247.4642     293.5781     286.5232    3062.3241     541.4892
     247    8949.5604     720.5830     371.2972    1402.0056     853.9570     537.3209     435.8030     378.6159    3628.8887     621.0891
     248    8614.1212     570.3869     547.2450    1766.5494     479.5120     298.7842     299.4530     379.5729    3588.3290     684.2889
     249    7182.6274     354.2408     434.7431    1500.5629     514.3923     449.9567     393.3958     380.6279    2361.8403     792.8675
     250    8083.3016     590.4411     378.4533    1242.0626     389.5484     298.3688     328.8456     319.4563    3656.6715     879.4541
     251    7188.0469     559.3576     430.6470    1171.0558     427.6501     384.0964     450.1192     440.3792    2696.6688     628.0728
     252    5253.6306     453.6585     254.4488     938.8423     281.7313     271.8865     234.1400     225.6928    1979.0736     614.1569
     253    7362.6164     509.4322     563.8880    1049.7597     356.4013     267.3004     262.6335     391.9305    3381.5144     579.7563
     254    9119.5698     982.9229     648.2997    1463.8245     407.5438     392.4988     440.1439     749.4417    3253.3021     781.5923
     255    7191.1295     453.3061     446.0261    1655.1067     339.1519     222.2066     198.5870     240.3081    3126.1129     510.3239
     256    8044.5724    1229.5141     643.7395    1026.5199     389.4438     422.4833     383.1842     504.5817    2585.8784     859.2275
     257    5777.4347     324.5161     273.3359     938.1982     342.9985     342.7507     364.9902     323.8564    2291.3166     575.4720
     258    8824.2943     761.3879     549.6106    2119.3454     526.1209     337.5182     269.0486     437.1419    3019.6209     804.5000
     259    7732.2363     367.7129     472.7906    1753.4554     283.3433     205.8089     246.2543     313.3578    2951.8051    1137.7080
     260    7986.1373     377.7360     342.7273    1102.3234     449.5328     365.1832     553.5680     421.7006    3349.7633    1023.6028
     261    6860.5120     459.4623     397.4650    1321.8151     495.5332     314.2956     226.3294     354.8872    2664.4827     626.2414
     262    7143.1908     445.0527     528.0000    1720.7830     328.3598     269.1858     273.4471     276.8095    2542.7356     758.8172
     263    7899.6340     744.4766     377.7057    1096.7614     342.9994     294.9067     466.4892     439.8676    3304.7706     831.6568
     264    8324.4408     424.4258     330.5517    1244.8012     692.2479     680.8619     347.8665     361.4913    3283.9484     958.2462
     265    6296.5167     513.2041     430.1869    1347.4997     450.8618     362.4095     445.6271     366.3472    1882.5511     497.8294
     266    8955.9469     327.9875     259.1643    1469.5811     676.1080     370.1784     349.7610     392.0765    4108.2116    1002.8786
     267    6003.5603     321.5022     258.7565    1123.1347     291.1084     284.5385     267.8334     256.8634    2453.4107     746.4126
     268    6714.7217     540.8274     361.4308    1119.1903     362.9441     304.9268     429.1946     481.0401    2286.0511     829.1166
     269    7870.7672     489.1501     389.6149    1494.5844     437.6798     324.1160     279.4586     282.1421    2984.0339    1189.9874
     270    8561.1814     403.5325     397.9678    1651.1919     699.2397     547.3183     480.7067     376.0539    2870.4379    1134.7327
     271    9133.4820     461.8560     459.1031    1931.1495     354.5402     352.8339     403.2456     392.4275    3680.1274    1098.1988
     272    6873.6894     337.7561     271.3564    1035.0864     468.3876     352.3723     341.7304     288.5199    2994.1458     784.3345
     273    7351.7527     325.1363     305.7244    1133.7220     315.8491     274.2337     344.4093     328.3314    3405.7845     918.5620
     274    6538.9229     373.4623     338.5852    1208.3292     338.4274     252.8996     259.2695     351.0460    2707.9933     708.9104
     275    7538.8053     559.4808     473.2760    1793.9591     408.3071     236.8296     272.5762     432.5560    2560.1237     801.6969
     276    6506.1905     397.0647     428.4184    1034.9281     322.5029     419.7917     444.8607     398.1320    2537.0624     523.4296
     277    6473.3495     684.3102     530.0737    1127.2055     311.7325     294.2794     254.6201     269.8003    2306.2753     695.0524
     278    7675.2184     356.5437     286.3142    1649.7054     595.5161     422.4153     379.6642     336.1219    2872.1818     776.7558
     279    7739.4920     755.1417     405.6182    1308.7164     458.3482     554.4481     466.4278     446.9290    2721.6109     622.2516
     280    5741.3687     398.0536     340.7799    1304.4840     353.0487     334.3377     418.6282     356.0946    1760.0445     475.8975
     281    8841.0377     658.4802     621.3494    1494.1907     446.0097     315.4471     449.0711     447.5739    3406.8368    1002.0789
     282    7258.0153     378.1161     326.2934    1222.4498     431.0165     377.1290     358.0736     314.0238    2886.0113     964.9017
     283    8873.1694     520.3852     467.7386    1696.5176     509.9676     330.3233     383.7180     380.5009    3551.5966    1032.4217
     284    7351.8054     484.6183     496.7651    1524.9647     341.5114     397.4623     428.7974     572.2866    2370.2366     735.1629
     285    7274.3337     501.3021     415.3559    1353.1961     440.0340     303.9184     220.2624     255.3379    2728.9134    1056.0136
     286    5173.6104     339.6617     269.2627     871.8747     228.5192     190.5428     221.0324     279.7365    2154.9048     618.0754
     287    8879.6755     543.7874     381.2898    1759.3909     534.7638     467.6070     795.7632     663.9740    2747.9517     985.1476
     288    7425.3036     404.7686     439.7024    1402.5333     508.6896     369.2012     360.5098     437.0130    2604.0577     898.8280
     289    6613.3579     505.4827     454.4797    1124.0065     634.0342     454.8474     301.4411     304.5454    1947.0765     887.4445
     290    6706.8699     461.9316     450.5760    1400.4434     277.2181     189.7498     215.3121     276.3347    2939.4785     495.8257
     291    8325.1588     644.3035     518.9878    1713.5937     651.8882     410.7798     401.7580     280.4441    3080.6462     622.7574
     292    6792.9584     493.0245     410.0652    1437.2866     239.2438     180.8018     176.6628     235.1544    2631.9906     988.7287
     293    6581.4567     439.3691     383.5174    1184.4199     331.5589     248.7021     277.2822     406.4160    2560.9113     749.2799
     294    5441.4716     373.7247     313.8443    1043.3970     232.3551     198.1942     266.5112     353.3207    2142.3020     517.8224
     295    8117.2365     368.1635     468.6342    1654.2953     615.7573     419.9320     496.6580     620.5676    2712.1875     761.0411
     296    7518.0381     538.2531     408.7322     954.4085     451.4907     396.1025     388.8153     416.4192    3186.2105     777.6062
     297    7091.7622     413.4865     406.5541    1079.5961     439.2874     346.8549     325.2849     509.3410    2938.9098     632.4475
     298    7629.5862     457.0373     354.4302    1443.8021     561.6245     359.7598     472.4888     385.2651    2756.1355     839.0431
     299    7828.1800     351.5396     509.3685    1419.3890     439.8950     273.8525     294.5585     413.8872    3363.2222     762.4673
     300    6988.7686     340.7180     350.8420    1277.2055     479.5225     496.5474     577.9634     437.2207    2451.8818     576.8674
     301    6972.3199     469.1143     398.9697    1441.4268     470.6239     356.4664     319.8356     386.3427    2388.9151     740.6254
     302    9501.0395     807.7250     583.9219    1628.7215     693.7478     648.3217     525.0321     460.0908    3080.3177    1073.1610
     303    6445.6479     493.4070     350.7039    1318.4593     290.0096     237.3397     234.6716     246.0382    2569.1830     705.8356
     304    6981.9682     426.2016     520.0056    1089.9697     411.2432     365.4475     299.9892     443.3315    2789.4193     636.3606
     305    7750.4446     381.2718     293.6540    1354.2259     468.8802     487.3494     365.6883     347.1373    3264.3626     787.8752
     306    7908.0905     496.8617     422.9463    1407.2253     405.5864     319.6915     329.0696     302.4587    3227.5888     996.6622
     307    7253.3728     417.8282     466.7325    1549.6834     438.8565     292.5118     245.7434     257.4441    2473.0397    1111.5331
     308    7542.2612     351.1491     439.4077    1692.7078     579.3043     342.7888     366.0691     577.7029    2522.7659     670.3657
     309    6221.7444     444.3316     352.4405    1186.4326     353.4703     335.9961     326.8078     356.4323    2390.4187     475.4145
     310    8786.2709     449.9038     435.4506    1695.2429     813.8810     547.8570     611.5713     736.6574    2749.5092     746.1977
     311    7450.3830     544.1695     476.0550    1323.3255     470.1047     364.3098     320.3875     319.1518    3042.6277     590.2517
     312    8503.7460     485.2030     508.7712    1682.3333     627.5915     387.5295     318.3292     354.3779    3593.7634     545.8471
     313    6574.5586     441.2369     334.6707    1314.1571     323.5966     261.9054     389.4246     551.1702    2364.8735     593.5236
     314    7673.9185     357.1968     283.7836    1233.9789     581.4355     366.4793     299.1627     426.3459    3289.5255     836.0103
     315    7055.5409     711.0997     476.8568    1037.5301     335.1381     246.6796     211.3949     348.8012    2868.9912     819.0494
     316    7354.6519     410.3664     270.8617     916.7878     474.7992     414.9231     389.1427     302.1134    3309.6915     865.9662
     317    6562.4315     404.1960     335.9713    1263.2243     336.5857     218.0991     185.2319     231.7475    2777.3954     809.9803
     318    7599.7339     735.0844     503.8299    1252.4333     349.9837     233.4066     246.5530     367.5620    2853.3312    1057.5498
     319    7652.4784     795.3450     681.9924    1263.2651     379.8252     343.0994     438.8374     425.8933    2566.7729     757.4475
     320    8063.8839     512.4218     549.2605    1795.8443     436.2640     240.6121     241.6834     291.8923    2798.5657    1197.3399
     321    6672.5607     746.7296     412.9057    1121.7130     522.8694     306.7717     284.3257     391.9619    2263.8690     621.4146
     322    6155.1586     407.1126     384.4339    1151.6087     464.0612     335.8031     244.5391     268.4618    2272.7934     626.3449
     323    6680.6485     510.3325     346.6295    1003.5995     393.2059     315.3532     256.3352     306.8290    2713.0293     835.3344
     324    9209.3222     632.3546     477.0296    1548.2993     630.0432     400.1394     322.7878     460.2974    3666.4737    1071.8973
     325    7191.9227     729.8450     327.5087    1341.9803     433.2587     356.5652     245.4548     349.4583    2779.8520     627.9997
     326    7617.6284     533.2289     417.3573    1244.7049     614.1473     452.0551     343.1401     369.9180    2813.1900     829.8867
     327    7712.4892     519.7412     418.1436    1499.9944     500.6885     561.2144     722.1394     612.6921    2155.7368     722.1387
     328    7454.3763     310.2060     289.5486    1624.9202     542.8310     325.4982     234.3484     394.4591    2819.5255     913.0392
     329    7507.5977     387.9436     311.9641    1132.9374     404.7381     488.6264     325.5744     393.6939    3188.6827     873.4372
     330    8190.9774     402.3897     326.1330    1227.4832     469.8487     596.6395     520.3328     481.7672    3330.8440     835.5392
     331    6398.8462     661.4574     336.2550    1179.2876     303.5155     232.3596     266.8577     284.5859    2629.6344     504.8930
     332    4830.1947     314.4495     231.4835     824.4717     247.9055     221.4901     233.0240     290.6146    1992.9814     473.7743
     333    7667.4678     657.6354     348.0872    1205.9667     363.7221     284.5463     254.9899     287.6168    3537.1814     727.7220
     334    8113.0777     348.5016     319.8563    1783.0405     676.6723     444.0395     364.8366     434.2341    2858.9648     882.9320
     335    8896.6781     479.7460     430.9212    1424.8491     586.2290     405.8936     390.4918     364.4630    3837.1871     976.8971
     336    6899.2814     557.2940     329.6224    1235.8093     385.0444     385.1613     410.7841     381.0277    2326.3569     888.1812
     337    5730.0328     381.9866     334.5514    1202.1828     387.0864     300.7565     335.6822     354.2266    1951.7196     481.8407
     338    7628.5689     608.9325     408.6362    1480.8087     440.7239     330.3758     369.1265     531.2771    2886.8514     571.8368
     339    8568.3431     519.9012     377.7375    1474.9847     471.6234     504.3797     386.4961     393.2402    3448.8147     991.1656
     340    7786.4743     695.0223     477.4205    1241.3881     634.6794     492.6314     506.7025     539.1059    2376.4774     823.0469
     341    6781.3874     416.7850     299.4072    1492.9838     405.4018     430.5848     426.1866     356.8675    2112.8799     840.2909
     342    7668.3024     783.5396     359.3941    1349.1875     479.6537     283.3925     212.2778     239.6806    2822.6145    1138.5620
     343    9382.5869     573.3218     431.8544    1941.9441     592.4183     507.5002     366.3825     340.2442    3609.4334    1019.4879
     344    6766.2960     615.2456     435.5595    1181.8231     569.3460     351.9672     227.5655     307.3436    2363.0097     714.4360
     345    8568.2948     709.3731     576.3957    1800.8846     516.8351     407.3185     319.8680     471.2510    2977.7095     788.6592
     346    7671.3480     514.9782     423.4607    1815.4053     533.6088     544.2119     346.6483     412.8117    2322.3485     757.8746
     347    8007.5914     830.2132     519.6933    1570.3121     298.8850     286.1168     412.7188     372.8288    2865.5723     851.2513
     348    7496.0765     560.6982     413.7268    1212.3246     523.9934     311.1043     243.7907     298.2580    2874.4288    1057.7517
     349    8096.7035     554.2986     472.0733    1460.2587     499.0061     409.9827     338.3433     321.4929    2814.9781    1226.2698
     350    8532.7161     900.1138     565.0079    1703.6119     541.4661     472.2493     390.9755     307.1894    2730.7586     921.3435
     351    6983.8245     581.3799     307.0258    1494.4934     348.8261     207.4801     199.4085     269.3506    2643.8130     932.0472
     352    5769.3313     350.5646     250.0573     957.2304     358.1074     300.8172     373.8661     364.6214    2319.3352     494.7316
     353    6291.9187     447.9765     359.8655    1063.9562     295.7408     303.3246     367.1972     404.2704    2299.3780     750.2095
     354    8811.7831     360.6809     445.2854    2169.9978     475.6633     248.8475     246.8740     370.4959    3557.1404     936.7978
     355    7114.4307     304.6636     248.9353    1116.7997     427.2968     306.4735     309.5460     483.5711    3169.0567     748.0882
     356    4925.7591     339.5423     239.5712     998.6873     320.5341     244.4371     195.2295     248.6447    1859.5843     479.5286
     357    7504.5774     338.3856     407.6785    1043.8070     441.8476     423.6944     658.7362     590.0842    2685.8293     914.5147
     358    8009.1657     800.1820     422.7690    1822.4332     517.1912     402.6482     287.7746     300.6818    2475.4306     980.0552
     359    8010.4744     418.1868     476.1877    1554.7638     395.2417     247.7280     271.0058     246.5779    3688.1038     712.6790
     360    7320.9635     447.3219     404.1389    1309.8361     359.8366     267.1892     282.0039     413.0253    3037.0237     800.5878
     361    7947.7986     549.9552     617.3706    1802.1653     336.1734     243.4669     256.1955     352.2345    2742.0900    1048.1472
     362    8208.8442     475.1496     443.8103    1396.6683     798.4007     514.9740     283.8630     306.0971    3155.5521     834.3291
     363    7196.7204     461.0325     384.0462    1619.5182     517.9667     277.9154     274.1994     300.1075    2337.3252    1024.6092
     364    7610.7251     396.7082     303.2208    1545.4519     367.3035     433.2341     640.2873     678.4545    2534.9071     711.1576
     365    9798.2804     595.5838     732.2389    1680.8271     391.4406     374.7258     580.5203     589.8000    3926.0969     927.0470
     366    7772.3782     603.9090     566.1075    1460.0116     574.3442     415.4970     381.9770     423.2914    2372.7395     974.5010
     367    6817.9948     561.0130     463.0080    1120.2031     535.9083     327.1074     311.6490     311.4464    2436.1517     751.5078
     368    7707.7187     465.7580     482.8739    1542.4714     481.0550     428.7615     267.4751     289.4708    3223.9191     525.9339
     369    7256.8289     430.3984     352.6078    1514.5089     535.3739     467.1530     450.0429     495.9909    2249.8451     760.9080
     370    7991.8512     795.3007     668.6952    1582.1436     403.3858     314.9616     536.9592     544.5089    2110.4448    1035.4514
     371    7648.0363     415.4442     601.1914    1758.7290     283.5717     221.9864     208.7984     286.1986    2814.8404    1057.2761
     372    8825.1193     442.0227     604.2808    1609.0538     685.0244     556.6024     335.5206     372.7144    3223.7654     996.1348
     373    8390.0853     521.9664     393.2946    1614.8016     614.2000     363.1899     374.8464     404.6033    3273.5662     829.6168
     374    7063.2339     518.2271     431.9047    1432.4327     543.9244     362.0763     265.1802     261.5536    2555.6229     692.3121
     375    7406.1655     465.5083     486.7428    1779.2417     294.3174     215.9838     279.4482     388.8756    2666.8277     829.2200
     376    8188.4231     480.1820     379.0463    1827.3247     540.8156     468.6083     520.9521     451.1202    2798.1824     722.1914
     377    7677.7449     521.4709     417.1731    1477.9239     370.2936     261.8367     358.1750     363.6928    2960.8533     946.3255
     378    7969.4935     476.4724     372.1713    1686.2941     669.1341     613.2626     490.7184     410.0099    2491.7702     759.6604
     379    8868.7226     714.8323     624.2529    1837.9389     492.2142     365.8366     427.3432     668.7057    3125.6735     611.9254
     380    9532.5350     583.0983     426.2334    1613.9831     757.4876     453.1085     341.5650     474.7603    3911.4140     970.8848
     381    6529.7271     405.6506     448.7578    1460.1180     383.2519     267.6859     221.1421     245.3091    2304.0498     793.7618
     382    6620.2433     657.9693     244.1345    1068.5356     320.1546     246.5195     266.7549     278.6120    2739.6082     797.9547
     383    8196.3507     528.5036     614.6163    1437.6438     414.4563     310.5946     332.9818     356.9199    3174.7626    1025.8718
     384    8210.3044     335.3981     395.9682    1903.2456     554.1182     434.7620     379.7117     317.7260    2878.7807    1010.5938
     385    8593.9639     613.8717     440.7703    1639.3035     570.0911     470.4869     384.3464     570.2483    3140.9011     763.9446
     386    6691.1422     388.3787     326.2429    1338.2214     496.2647     304.6267     234.1254     279.8710    2518.5587     804.8526
     387    7559.6237     649.6678     601.2787    1364.9358     285.1513     200.2192     195.3539     245.9106    3087.8312     929.2751
     388    6466.8609     317.2993     267.5010    1347.6358     434.3485     387.7431     249.2104     266.1479    2393.7009     803.2741
     389    7617.9578     493.9083     477.1608    1513.1046     708.0052     443.0440     409.9547     516.2106    2265.3396     791.2301
     390    6219.9296     766.5117     338.6927    1300.7822     336.2088     310.9127     318.5569     336.7305    1874.0317     637.5025
     391    7842.3264     532.2451     557.3002    1368.1546     496.5744     562.2611     449.4347     346.5811    2660.7879     868.9874
     392    7905.0630     686.9212     616.1527    1750.4409     394.5887     216.0758     200.8312     279.8390    2924.9053     835.3081
     393    6213.2664     531.5852     430.3555    1342.9272     363.8896     231.4754     244.0772     319.2725    2020.3673     729.3165
     394    7024.3050     391.0573     474.8062    1331.7728     325.2378     259.2986     303.5291     377.2936    2980.4878     580.8218
     395    8581.1957     606.2775     486.3752    1912.5027     608.9979     403.5701     330.9514     396.9384    3072.2395     763.3429
     396    7199.2572     478.9671     375.8746    1311.2637     428.8123     333.6986     392.1335     474.1294    2631.0092     773.3689
     397    6699.2438     342.2444     345.2908    1408.8055     473.1403     365.3465     393.7534     556.9533    2271.6122     542.0973
     398    6424.0833     401.0137     382.6439    1345.7916     503.3320     381.0559     336.9014     372.7615    2030.9899     669.5934
     399    7379.3022     463.2498     500.3520    1165.5890     397.0237     404.5823     380.7664     386.9267    3027.5366     653.2757
     400    8347.6654     541.3367     593.4897    1995.1268     434.8420     473.5240     461.8275     405.0339    2559.0350     883.4498
     401    9429.0913     469.6367     403.3365    1738.1722     570.0737     556.8323     745.6290     858.2189    3141.4240     945.7680
     402    6436.9874     338.0511     233.4919    1449.2220     353.6798     337.7236     484.6601     438.8605    1978.8442     822.4542
     403    7067.9630     312.9587     311.0318    1158.6372     420.0028     362.3893     385.9261     388.8931    3032.3301     695.7939
     404    7678.9234     633.5169     662.9188    1221.3010     308.8024     292.8482     415.8333     565.5090    2970.5498     607.6441
     405    7724.4176     791.7912     561.1906    1432.2570     520.7688     287.4872     233.7099     332.7887    2906.4014     658.0229
     406    7432.8260     501.0695     363.0538    1357.8646     576.9306     454.7740     446.6823     435.7368    2549.9545     746.7599
     407    7584.7538     552.4022     455.9436    1512.8251     463.9058     328.4867     238.3814     249.4051    2650.2999    1133.1040
     408    6415.6077     552.2376     367.9892    1388.2006     395.7230     234.0398     182.0872     204.1644    2432.7418     658.4243
     409    7179.8793     341.0964     320.3973    1420.1567     471.2715     522.8881     349.0086     360.9443    2734.2302     659.8862
     410    8297.2437     657.0421     448.3225    1624.8525     489.0608     328.2758     257.7024     264.4473    3057.6105    1169.9297
     411    7684.6899     427.1333     614.6666    1332.1223     495.1655     420.0590     349.0231     304.7612    2870.5914     871.1675
     412    8176.0330     527.1278     383.3546    1605.5081     624.1964     369.8437     305.2932     520.0955    3034.7217     805.8921
     413    8023.5789     434.4439     333.5883    1066.9204     479.1290     486.3322     641.3906     504.9692    3175.7974     901.0078
     414    8337.1037     508.2481     429.8708    2018.9356     400.3874     345.2992     405.1762     330.8684    3145.7360     752.5821
     415    9063.9533     736.6618     526.2926    1697.0393     512.3226     862.4527     576.2898     422.0459    2861.3911     869.4576
     416    6671.9213     457.8915     448.8046    1387.4623     270.5749     187.6893     184.8791     217.2916    2541.7081     975.6198
     417    9435.4579     459.3218     571.9752    1993.5076     631.0420     338.9357     304.8301     495.5047    3627.1612    1013.1796
     418    7241.0178     464.7120     474.6694    1969.6589     339.4336     224.0031     221.7736     268.5735    2297.4180     980.7756
     419    7907.4994     621.9417     450.0650    1894.9613     463.7838     508.4710     454.3487     365.9131    2372.7173     775.2973
     420    6953.8600     505.5714     421.1104    1408.3336     492.4239     352.2633     370.4468     375.0267    2123.1893     905.4946
     421    6937.2736     406.9097     360.3345    1181.1451     398.8972     308.3775     262.4361     296.7772    2753.1518     969.2445
     422    7283.3239     357.4909     294.6499    1145.0364     530.5864     372.7784     308.1896     359.7982    2890.9822    1023.8118
     423    6303.8323     482.1684     431.5211    1165.5552     355.6808     302.6262     327.9693     412.1981    2181.3414     644.7718
     424    7588.5654     380.4430     354.1472    1193.9694     632.0074     576.8502     536.1106     598.0909    2614.4083     702.5385
     425    7724.0241     507.9365     429.2865    1291.7809     628.2145     474.7801     332.0917     343.5907    2663.8695    1052.4735
     426    8156.4279     649.0933     565.7246    1237.4967     586.4163     427.9185     359.1768     372.8997    2947.0618    1010.6402
     427    7330.8702     554.1930     505.1987    1289.9964     498.3859     376.1811     333.5196     321.2455    2677.2953     774.8546
     428    7641.9651     346.6641     310.5466    1263.1939     508.3203     477.2182     385.0005     322.2325    3042.7181     986.0709
     429    6937.1619     312.0364     235.7091    1121.3121     446.3527     217.0062     236.3249     286.9578    3129.3820     952.0805
     430    7017.1942     307.2068     255.9274    1117.9113     536.6341     391.5425     386.9175     379.3903    2974.1813     667.4830
     431    7517.2019     368.9178     413.8512    1368.7426     499.1192     434.9061     337.2905     383.7981    2795.5950     914.9813
     432    9557.0991     512.1558     433.0914    2133.4119     868.9516     593.2107     521.7842     378.3355    3337.4018     778.7563
     433    7398.4507     677.9558     481.3717    1557.2792     389.3598     408.4483     337.6321     331.8301    2403.2624     811.3113
     434    6631.0016     340.5969     405.9894    1114.9863     287.5501     285.3896     473.8607     478.8402    2687.3546     556.4338
     435    7950.4836     476.6090     592.9644    1236.9443     353.5710     268.8372     245.2075     384.5542    3498.3360     893.4600
     436    7915.1819     481.8989     396.1741    1271.7740     634.3755     427.5767     339.1975     365.2358    3068.4072     930.5420
     437    8217.0444     509.1700     679.0707    1300.1647     383.3722     337.2863     346.1324     462.8770    3404.5458     794.4252
     438    8078.4585     594.2765     569.1524    1338.0898     466.1254     270.7169     298.8165     560.0011    3255.7437     725.5363
     439    6806.7452     745.7122     390.9340    1316.0399     388.5025     306.2697     371.9346     533.5076    2274.0085     479.8362
     440    7759.2287     454.1506     526.9328    1593.6052     467.3505     416.7710     499.7436     529.0575    2379.0285     892.5890
     441    7822.9628     369.9936     404.0091    1741.3194     335.5900     304.2878     304.4978     263.7164    3288.2121     811.3366
     442    7451.0226     323.4218     264.5076    1378.1747     536.3360     372.6234     230.8759     266.8218    2937.2377    1141.0236
     443    8288.4024     400.1372     427.9720    1873.6071     625.1237     460.7236     435.0156     493.1661    2705.4790     867.1780
     444    7329.5636     425.2546     346.0940    1657.8200     540.7008     336.1840     235.5925     274.7608    2708.7425     804.4144
     445    6468.2192     311.7006     292.4297    1349.5195     487.5404     312.1382     344.1974     475.7179    2340.2904     554.6852
     446    6732.4425     304.2204     243.8356    1041.4396     515.2286     396.0857     358.8909     466.3904    2532.1983     874.1530
     447    9449.4488     707.0066     897.5457    1550.5675     595.8627     682.2949     460.4212     315.3576    3327.4619     912.9307
     448    7946.4061     428.0570     533.2828    1541.5026     488.0893     310.9737     320.7572     391.6060    3331.0342     601.1033
     449    6538.9926     352.9761     258.4955    1162.2468     358.2782     273.1032     260.3747     334.5726    2707.7574     831.1880
     450    8654.1261     805.3171     664.8935    1582.5470     431.4288     336.4964     262.2566     360.8952    3143.9420    1066.3496
     451    8617.5261     397.4512     407.6045    1748.1991     500.7330     403.6216     459.9088     345.3369    3132.5200    1222.1511
     452    8878.6526     661.5014     408.0268    1899.7300     632.4870     451.0868     441.2784     353.3049    3175.2869     855.9503
     453    7298.5904     325.4269     281.7865    1331.8814     499.7229     530.3594     399.9990     360.5420    2725.4847     843.3877
     454    8622.7654     572.9393     571.8856    1327.7617     446.4167     455.8971     367.1152     319.4964    3359.2626    1201.9908
     455    7562.6392     420.2522     383.1236    1740.5825     539.4201     410.2504     255.2660     272.7964    2506.5646    1034.3835
     456    7284.6910     502.5807     508.2233    1094.0018     518.9889     322.9103     255.9293     285.4400    2798.6695     997.9473
     457    7517.3023     650.0018     434.3348    1261.8975     459.3686     350.3559     237.4507     344.8890    2938.7199     840.2840
     458    8599.7799     900.8955     544.5152    1208.4859     425.5838     556.6596     705.9180     481.3429    3038.5234     737.8556
     459    8699.1256     624.7864     574.0934    1485.4373     388.7330     322.6287     396.9449     492.8825    3641.8693     771.7499
     460    8319.4980     444.0649     403.8263    1244.8537     689.8326     628.7615     338.1898     372.4061    3361.7362     835.8269
     461    9510.3591     368.8894     327.4855    1497.5661     590.8447     714.9336     473.4818     405.8458    4297.1358     834.1764
     462    7656.1187     435.0884     459.8629    1252.1898     365.9368     251.1632     225.7399     448.9944    3371.8735     845.2698
     463    9145.8314     360.6237     477.9082    1580.5598     471.8648     452.1373     432.6378     329.2479    3909.2916    1131.5605
     464    8146.3228     644.0814     505.7590    1556.1879     586.0655     601.6960     432.9983     395.0681    2362.0147    1062.4520
     465    9565.1900     553.0505     528.5352    2053.5427     681.8652     541.8282     483.1186     413.1631    3430.9150     879.1715
     466    7466.6905    1022.5847     481.2191    1151.1898     529.1637     447.1915     295.6730     402.6512    2296.7202     840.2974
     467    7373.2348     423.4501     360.2500    1335.2271     461.3870     400.8186     441.6482     437.2712    2614.4569     898.7258
     468    8369.0212     502.8129     685.0823    1462.1351     437.4380     431.6629     492.6967     370.2870    3128.3083     858.5981
     469    6310.8730     546.2274     549.3416    1284.7219     284.1852     217.6104     268.9587     371.0626    2142.6706     646.0947
     470    7880.7320     431.0219     356.1503    1768.7646     550.5245     498.7819     583.2555     466.5421    2315.4375     910.2537
     471    7241.0857     669.1173     425.4317    1205.3307     444.7951     368.4223     371.2040     344.7883    2593.4563     818.5400
     472    8707.2611     589.9985     570.0726    1315.1326     545.0221     542.1754     368.0210     317.8995    3317.4035    1141.5359
     473    7128.7567     500.7338     574.6873    1362.3071     486.7134     332.1490     220.2432     245.8443    2399.8401    1006.2384
     474    5507.6578     358.5484     283.2187    1165.0882     259.4029     220.3614     281.6447     275.9311    1987.0809     676.3815
     475    5741.8084     311.2002     251.0556    1059.7095     316.0011     331.2039     452.9848     434.7706    1969.2082     615.6745
     476    6332.3462     344.5239     258.5985    1267.0139     327.2606     293.1524     257.0222     258.4212    2512.8427     813.5108
     477    7484.6257     358.1747     483.6230    1667.9267     497.9210     388.3319     422.2842     495.2898    2309.8182     861.2561
     478    6511.7990     505.3976     438.2176    1053.5591     297.9451     239.4666     265.5354     336.6441    2665.1298     709.9037
     479    8204.9888     463.3648     534.5887    1695.0645     449.6543     367.1431     378.3259     479.3689    3118.1374     719.3412
     480    7702.8916     544.9546     458.4179    1481.6021     463.5280     338.4668     346.1689     323.6532    2745.6379    1000.4623
     481    6398.8440     338.4124     275.1645    1205.3420     490.6653     431.0300     345.1098     408.1820    2242.4605     662.4775
     482    8153.6716     515.3206     479.3148    1781.5770     622.1266     499.4955     493.5133     483.8337    2320.4358     958.0544
     483    6484.1176     413.3541     485.5755    1069.6503     438.4126     415.7531     346.0404     313.3903    2238.4870     763.4542
     484    7996.8275     591.0464     448.4059    1693.2199     427.0230     441.9157     393.2773     353.5665    2993.6776     654.6951
     485    6790.5924     796.7194     597.3293    1056.4422     327.1119     299.4630     242.0357     389.9923    2302.1245     779.3740
     486    7302.2617     532.3347     326.3769    1338.8707     390.4484     436.1647     310.8256     360.1831    2963.8402     643.2175
     487    7153.4934     348.7605     396.7830    1324.8284     403.4166     340.3874     342.2559     440.9484    2761.3747     794.7385
     488    7181.4304     535.1860     501.0489    1617.4466     271.5955     205.0708     202.1358     329.3144    2966.5548     553.0775
     489    7613.4589     402.6425     418.1209    1801.1821     414.0061     262.2422     352.9179     340.0090    2776.3927     845.9455
     490    6504.0783     394.5681     446.8936    1547.6498     279.2063     220.9759     219.1493     262.1489    2407.6414     725.8450
     491    8333.7001     575.9311     512.6968    1601.1668     387.8263     247.4131     282.7842     421.4698    3295.4378    1008.9742
     492    6980.2214     333.5242     355.9387    1448.1057     443.1579     281.7155     219.8135     250.6497    2620.5351    1026.7811
     493    7569.5340     529.4110     382.3098    1225.3253     404.5679     245.3699     223.5442     313.8137    3359.7004     885.4919
     494    8358.8955     351.4630     340.0436    1497.1349     647.5339     438.4810     467.3011     573.7726    2944.9140    1098.2514
     495    7781.1455     631.8128     549.9028    1390.8625     367.4129     234.9212     250.1855     411.5965    3196.8405     747.6109
     496    7745.4611     579.4265     397.7130    1590.3873     577.2795     415.7747     379.3448     347.3997    2730.0739     728.0617
     497    8316.4399     467.1290     493.0738    1454.0070     413.1683     427.9766     382.7207     456.3418    3046.4083    1175.6143
     498    7653.0965     598.8884     336.6658     951.6041     512.2639     573.1092     359.0054     390.6517    3179.0700     751.8379
     499    6549.8673     353.4276     345.8901    1328.1096     539.9651     321.7914     305.8638     393.5466    2383.8235     577.4498
     500    8438.1943     354.7641     304.3446    1634.2771     599.3702     532.3475     553.5378     576.1028    2936.0188     947.4314
