#Frame         global     SA_00002     SA_00003     SA_00004     SA_00005     SA_00006     SA_00007     SA_00008     SA_00009     SA_00010     SA_00011     SA_00012     SA_00013
       1    7791.7849     349.3049     351.0386    1159.0916     600.6279     326.4785     240.5831     209.9228     216.7783     245.0360     321.2179    2981.2514     790.4538
       2    7530.3705     450.7875     397.9031    1499.7151     397.7307     386.7716     332.9518     249.6001     225.9902     289.8399     426.0337    2271.3329     601.7138
       3   10243.9441     406.5442     424.6113    1439.0762     534.8449     478.9959     411.2130     335.7214     363.7155     335.2250     340.5916    4225.2826     948.1226
       4    8527.0942     690.1460     420.7337    1293.0027     590.2464     354.4661     333.6010     253.4127     212.8003     211.2088     272.1451    2939.6736     955.6578
       5    7931.6779     423.2256     460.5971    1406.9595     272.0941     180.0483     166.7458     160.5194     175.4803     210.6072     258.4411    3451.8644     765.0951
       6    9255.8466     315.9311     256.0576    1372.0754     613.1724     505.8799     476.3563     316.5439     352.3183     295.8988     324.5098    3613.5823     813.5208
       7    8958.4459     952.4511     511.4241    1466.9877     379.6472     309.0816     341.4387     490.8834     394.2491     322.0809     302.5267    2841.7519     645.9236
       8    9913.6996     558.1046     383.7873    1697.5310     552.3136     537.8495     324.0463     267.7150     325.7664     318.7070     359.4645    3403.0410    1185.3734
       9    7827.3016     397.9276     362.5251    1213.0218     508.5088     431.4927     401.0368     305.5580     221.7678     214.8738     296.2288    2578.5291     895.8314
      10    9877.3234     574.1803     563.5899    1746.9430     793.1840     378.3512     259.5146     368.7473     602.4838     410.8603     358.6640    2953.8205     866.9845
      11    9357.5513     597.1231     626.0696    1483.3127     502.4036     428.5843     406.9310     247.6092     237.1961     252.9255     388.5910    3493.0617     693.7435
      12    8549.4197     415.2251     345.0028    1441.3615     424.6774     322.3751     301.4294     333.9952     261.0433     261.2362     403.5070    3266.9208     772.6460
      13    8107.8052     352.2075     281.1282     970.5636     385.4719     306.1971     253.0932     331.3327     355.2926     386.7568     485.5704    3208.1106     792.0806
      14    6596.1507     410.7803     307.2493    1147.2509     257.5018     193.0248     172.8033     171.5399     181.6402     200.7171     288.2396    2491.7363     773.6673
      15    8388.3963     332.1982     282.3560    1389.5517     514.3621     460.4933     455.7573     345.4349     243.9037     242.6146     264.8129    2774.4653    1082.4463
      16   11079.4291     458.6396     395.4080    1582.5283     462.9324     426.1977     533.4336     567.1169     534.6990     430.1260     434.6065    4278.2208     975.5204
      17    6871.7702     421.0849     363.9211    1167.3009     381.7386     249.3007     238.0798     245.0573     248.5622     320.8049     373.7471    2216.1265     646.0463
      18    8234.2381     354.8488     391.2276    1691.3123     478.3697     282.7158     244.1553     229.4898     257.9966     341.6686     386.3037    2896.8144     679.3354
      19    7433.2620     912.0224     611.8847    1149.9358     457.5636     278.1092     212.8903     180.6095     167.7217     176.0005     250.7066    2187.0571     848.7605
      20    9672.9406     605.5661     371.7882    1670.3615     388.6734     512.5922     396.0713     227.3525     203.7170     260.9561     359.3239    3536.2777    1140.2607
      21    8328.0466     318.6979     276.3901    1440.2219     452.6392     335.1499     260.5034     247.9958     253.2284     330.7785     317.8382    3111.5118     983.0914
      22    9720.0166     943.8955     642.6286    2099.0082     462.3541     461.8501     403.8362     220.1229     193.9779     221.2612     301.7970    2752.7619    1016.5231
      23    8763.9347     576.6721     533.4187    1535.3943     387.2333     297.4149     314.1877     330.0525     458.4206     351.9642     413.8357    2852.4082     712.9326
      24    9071.9174     936.9003     448.1289    1280.1609     430.9117     270.3672     218.7803     263.3443     371.9971     407.6771     313.3039    3311.8355     818.5101
      25    7282.4259     478.9477     338.0125    1189.5712     312.8277     274.1502     240.0664     204.5721     261.6271     299.8045     291.6736    2591.0799     800.0931
      26    8498.9003     503.3876     432.6823    1670.2452     447.8997     301.4961     337.3057     270.7689     272.8531     221.5695     257.9332    3183.4418     599.3173
      27    9558.2433     357.7365     304.4016    1583.6049     494.6878     449.0157     458.5210     417.6957     276.0370     299.2516     353.6559    3491.5060    1072.1298
      28    9622.9571     765.9032     597.0148    1383.5307     436.3897     490.5974     392.0097     313.6267     345.3409     412.4968     321.9962    3429.2120     734.8390
      29    8965.9713     694.0483     449.3154    1350.8570     256.8149     212.5851     194.2160     187.3133     224.7525     267.2734     361.2333    3898.5307     869.0315
      30    9950.5082     572.6387     308.2644    1216.3854     660.5820     584.8440     572.7622     645.9068     460.8225     321.4622     349.2137    3453.7398     803.8865
      31    8976.4144     838.3291     594.3367    1420.4238     552.2302     286.2566     191.2957     180.1955     177.8835     200.4683     333.6213    3313.9712     887.4025
      32    9413.5691     741.1953     739.7995    1537.7691     598.7967     346.6475     399.2454     389.6224     331.9885     308.7735     312.9132    2716.4172     990.4008
      33    8276.8537     375.8435     371.8827    1879.8846     602.8489     288.9652     275.3912     429.8894     480.3768     399.4776     417.1009    2008.7099     746.4829
      34    8531.4307     449.2320     419.3413    1363.3736     503.8167     371.8006     463.0607     636.9700     376.4061     276.0563     281.8916    2713.3120     676.1699
      35    9856.0834     690.0822     523.4585    1765.5520     540.5622     452.4237     537.9711     438.3486     415.1581     290.3943     395.2170    2715.7001    1091.2157
      36    8184.9284     600.6108     582.8907    1405.8402     466.9225     423.6492     474.6037     296.2421     220.2078     223.9380     291.5856    2506.4050     692.0328
      37   11564.3209     667.9212     748.9343    1406.7354     490.3232     704.8314     726.0944     408.1631     461.2854     589.2776     501.6158    3935.6059     923.5332
      38    9285.9535     482.3348     543.2828    1924.1978     655.4819     354.9853     247.9305     200.5563     196.3764     221.3965     354.0644    3222.2380     883.1088
      39    9253.6478     317.6729     305.5575    1759.4747     629.2450     563.0252     400.2536     315.4854     433.6746     386.8364     466.9259    2712.6825     962.8142
      40    9953.0322     465.7966     396.0959    1874.6025     694.7422     355.1321     389.3717     257.1733     224.1303     318.4374     404.7271    3861.8519     710.9710
      41    9309.2049     527.6336     401.4837    1432.0404     611.7647     403.0152     517.6610     531.8654     363.4364     262.7586     252.4164    2826.6256    1178.5039
      42    9082.4122     352.4862     302.4065    1461.8675     431.0642     346.0905     423.2861     439.6146     467.3699     411.0156     355.1743    3341.1858     750.8510
      43    9357.9246     568.3440     570.8847    1426.8209     536.7868     409.7372     466.4574     300.6826     324.4924     364.1772     404.2928    3203.5840     781.6645
      44    8092.1245     462.1225     442.5531    1318.4990     353.5441     251.9078     234.7262     234.5321     356.8127     361.8128     439.0837    2873.8257     762.7049
      45    9580.2010     600.0054     350.3523    1522.9268     456.2099     496.4400     434.8691     259.7245     356.9852     403.8407     495.6186    3391.7726     811.4558
      46    8860.4781     492.4066     407.1193    1517.4883     699.1092     732.3072     467.4849     331.8452     373.1656     374.7311     444.3928    2524.6455     495.7825
      47    8042.6449     568.6103     441.0898    1707.5258     369.2967     347.4302     257.9542     197.2705     199.8868     226.4505     265.5426    2627.7034     833.8841
      48    9882.4269     412.9020     418.0475    1321.4437     534.4339     425.4947     468.6906     645.3733     545.5312     310.0082     359.6825    3126.0315    1314.7877
      49   10492.5786     598.3468     453.4317    1822.5172     510.9706     400.1809     328.9904     492.5361     538.9541     396.9580     398.7209    3700.4174     850.5545
      50    9035.8459     614.9782     526.8075    1517.5782     610.1313     480.9432     273.3624     238.9947     228.7462     247.8909     406.5503    3086.4654     803.3977
      51    9978.6135     636.0551     773.0393    1582.7993     441.0502     304.6480     313.0684     343.0717     326.1038     415.0540     545.5841    3445.2304     852.9091
      52    9549.1125     558.7487     468.4325    1647.6716     553.9989     564.3677     557.9290     472.1369     266.8416     233.3729     323.9698    3058.7216     842.9212
      53    7197.8926     345.8478     319.9733    1183.5349     381.1700     289.7038     285.2695     241.2685     205.2276     257.9794     271.9902    2778.1134     637.8143
      54    7233.6575     334.4467     341.9749    1033.0059     340.6632     222.8639     202.4693     196.8301     202.2182     241.4133     270.8501    3132.8416     714.0802
      55   10037.6018     525.3204     522.2798    1696.7175     437.0383     390.3985     273.5006     274.0820     304.0641     393.0271     310.9028    3971.1152     939.1556
      56    8470.8535     400.1750     377.0770    1519.7115     596.7387     467.7922     384.3324     407.6854     327.6867     348.6627     456.1891    2290.9324     893.8705
      57    7412.5542     499.8961     372.7153    1308.1517     458.1409     277.2045     205.7166     189.0062     187.7238     260.7448     408.6526    2718.5720     526.0299
      58    8838.8482     336.8359     360.6347    1565.3980     651.6372     514.0299     513.8629     369.2073     219.3329     211.8749     302.3100    2865.9402     927.7842
      59    9409.9597     561.5987     536.4982    1340.8118     609.8444     375.1858     262.8982     267.7765     310.7046     291.1818     324.8828    3566.3701     962.2067
      60   10242.8218     654.4211     612.9868    2126.1675     626.3950     266.5716     257.3771     331.1840     437.1655     345.2471     331.1355    3272.2304     981.9402
      61    8956.4021     359.3053     261.1189    1351.9706     486.3979     452.2454     417.8375     347.8734     262.4964     318.9909     487.2282    3314.2078     896.7297
      62   10971.1609     467.1875     459.6300    2079.2324     672.3261     483.1119     423.3096     510.5214     419.3282     342.2298     422.1769    3396.4948    1295.6121
      63    9667.5082     557.3415     428.8287    1445.8936     671.8798     451.1517     487.5951     465.6935     377.5778     284.0649     306.2349    3070.4618    1120.7849
      64    7266.0197     347.6001     262.1713    1004.1479     351.3161     309.8322     297.8298     244.5716     260.8950     225.1115     273.4715    3032.0542     657.0184
      65    7371.0547     712.7211     423.2517    1092.0821     291.4983     247.7781     275.9663     313.7546     329.2066     336.9666     324.2733    2429.1156     594.4403
      66    9628.9515     535.6640     401.8253    1432.1205     638.9059     366.7833     418.1179     495.0763     417.2957     349.8201     399.5410    3276.3854     897.4163
      67    8865.6232     416.3270     439.5853    1640.0021     416.1974     271.2803     336.1155     341.6666     441.1466     390.4206     371.6910    2933.1733     868.0176
      68    8891.8698     646.3617     472.5071    1842.5373     475.2586     361.5139     221.1730     191.1231     197.5019     288.8245     347.8110    3010.3562     836.9015
      69   10428.5815     528.5027     633.4294    2114.4462     612.9335     367.4562     408.5259     455.3078     490.0327     358.9870     286.9687    3344.0377     827.9537
      70    8926.9305     486.8883     485.1026    1257.2171     370.2104     268.6625     246.6566     413.9831     529.9983     327.8964     279.4287    3551.8782     709.0084
      71    8496.0852     509.5360     333.4245    1502.1133     544.8046     292.0008     214.3037     254.3791     393.6836     454.1828     432.1600    2846.8533     718.6434
      72    7373.4899     553.8537     491.2497    1258.2374     335.4912     219.6211     200.2669     194.5375     206.2547     242.9744     314.5927    2426.9887     929.4220
      73    6677.2143     334.4886     282.8686    1139.8051     452.8271     306.5873     231.3784     215.0602     199.7889     202.6036     256.5156    2535.0337     520.2573
      74    9869.7350     541.6090     456.6847    1539.5208     549.7653     341.2503     417.7483     446.2432     358.5010     340.2479     344.2021    3713.4094     820.5530
      75    9120.3868     694.3653     360.6803    1237.6147     724.1990     427.6599     286.4378     227.3343     241.5872     233.1640     354.9387    3385.3793     947.0263
      76    8998.6685     605.5376     550.8638    1886.5265     345.2517     226.6402     276.0918     407.6840     408.6255     317.0972     324.4278    2699.2581     950.6644
      77    8574.2304     675.8788     590.2443    1198.6345     492.2302     435.5647     436.1914     320.5193     211.9355     212.5556     270.3427    2766.2173     963.9162
      78    8424.7486     653.3319     490.5850    1674.2153     345.0450     261.5315     206.7590     289.4533     372.4830     461.6871     435.3747    2498.7387     735.5441
      79    9254.8260     442.2910     421.8313    1771.0795     517.1583     437.7477     335.4116     341.7386     344.5959     423.2561     406.5353    3067.3933     745.7874
      80    8465.3438     415.8889     406.0162    1410.1119     463.9500     396.9598     437.6845     396.9671     286.1602     338.1670     305.0981    2846.2248     762.1153
      81    8087.6381     480.6863     538.2469    1397.4481     364.6073     236.4043     214.2406     258.7765     282.0388     265.8380     360.8868    3135.6152     552.8494
      82    8959.1266     335.6250     316.0397    1747.4944     341.6783     400.4760     357.9641     285.6396     307.7490     287.6192     319.6962    3427.1545     831.9907
      83    9617.1034     342.4652     460.2735    2092.2637     434.7787     337.7438     225.5433     223.8283     362.3023     557.7240     624.7695    3315.8400     639.5711
      84    9365.1906     388.2470     430.6782    1696.6486     536.2651     374.0156     243.2580     204.2212     199.5505     277.7490     476.0694    3561.2586     977.2293
      85    9347.1441     483.7542     448.5472    2045.8776     466.8269     270.1118     289.0210     353.4515     420.0739     343.2424     433.0643    2852.5865     940.5868
      86    6069.4739     360.2974     312.1638    1226.1773     396.7012     276.0320     195.7992     205.4872     203.2002     234.8400     284.0570    1777.5737     597.1450
      87    8241.7780     542.9494     443.5566    1391.5937     698.8055     558.5402     403.0000     268.8455     300.1309     270.6102     283.4902    2107.6499     972.6059
      88    9100.6711     385.9027     367.7034    1588.9884     568.2093     492.9496     686.7042     575.6817     385.0170     375.9815     443.3478    2525.5526     704.6329
      89    8849.8804     465.0793     348.0523    1343.5846     483.6912     348.0232     451.8412     720.2221     601.2311     384.0342     385.9391    2577.4014     740.7808
      90    7750.1465     467.4677     285.4493    1307.8944     307.6507     272.2592     282.4710     302.5842     368.1322     496.1542     551.4206    2478.3846     630.2783
      91    8162.5784     508.8282     480.7949    1511.2759     427.1854     325.5593     211.6649     184.9547     178.0014     173.5301     261.0315    2920.0846     979.6674
      92    8970.6658     531.5128     358.3005    1725.3183     380.2818     235.1245     250.9109     279.1477     309.1543     340.0951     315.9113    3405.6618     839.2467
      93    9758.4270     718.9741     677.7653    1865.4673     444.1881     317.5332     263.3068     278.6265     371.5117     309.0402     356.4870    3197.6043     957.9226
      94   10274.9380     695.3232     499.3378    2057.0291     595.7866     476.2040     312.4904     273.7585     343.6342     505.5279     427.5285    3465.3836     622.9343
      95    9177.1700     582.0275     611.6060    1199.8953     583.6840     452.3354     291.6882     314.4152     274.0064     295.8736     380.4048    3499.9956     691.2380
      96    8942.6602     360.4386     277.1931    1429.0101     493.2135     500.7881     562.2825     423.8431     296.5474     276.9472     311.1930    3050.6862     960.5174
      97    8192.1015     410.7425     384.1734    1415.7922     622.7646     405.9326     396.4380     388.0891     230.8235     226.6030     309.4641    2599.4067     801.8717
      98    8731.2590     672.9289     609.8025    1631.3208     382.4473     287.0684     327.0217     350.2671     426.5595     313.7798     355.7071    2618.8873     755.4687
      99    9441.9962     754.1107     546.3146    1550.7740     442.7313     389.2538     273.4736     297.8053     322.8064     276.6905     368.5735    3159.9516    1059.5108
     100    7195.3914     630.6343     355.2344     953.4322     412.3954     303.7092     233.0614     282.2378     321.8052     286.4720     297.6022    2525.8610     592.9463
     101    7950.9630     339.4621     299.5047    1228.5522     346.0383     325.2066     242.2952     252.2677     260.4733     400.5034     414.7471    3170.9029     671.0095
     102    9452.9714     704.4945     896.3846    1567.5068     351.7512     307.4037     252.9179     212.6570     207.8360     285.2375     370.2997    3370.8406     925.6417
     103    7420.7873     615.7732     409.8899    1183.1120     322.9835     231.6027     280.8569     340.1264     450.3307     394.8081     385.6629    1947.8040     857.8370
     104    7930.7886     780.3263     523.3477    1125.7679     568.6686     388.9221     226.4354     178.1316     174.3355     184.4342     243.9208    2535.0345    1001.4640
     105    7309.7596     310.9043     286.4189    1025.2337     406.5255     484.6540     415.6841     294.3936     253.5918     284.4428     351.1782    2499.6096     697.1230
     106    9359.1265     432.9477     488.6417    1754.9962     451.4247     483.8809     500.8555     617.9319     412.2811     380.3146     390.5816    2912.9920     532.2786
     107    9027.9124     577.6293     488.7205    1309.1611     321.2524     329.9388     344.0808     280.6593     281.0433     411.6699     396.4370    3515.0652     772.2547
     108   11731.2417     745.5440     485.3155    1289.9107     383.4780     418.4063     472.3492     553.5958     600.9198     566.2439     659.6826    4502.3772    1053.4186
     109    7928.3609     351.3884     316.4508    1136.1967     327.9926     226.1319     216.8507     274.5070     388.9187     435.1809     396.1156    3023.3872     835.2404
     110    9572.0441     379.5069     395.5784    1657.6506     606.1601     477.1564     434.8820     369.3102     279.6305     297.8730     387.1643    3318.6081     968.5236
     111    8754.9060     456.4626     356.8764    1534.4688     546.5570     336.8268     349.0735     261.8363     322.3403     301.0305     349.6695    2995.6934     944.0710
     112    9506.8621     491.7248     520.4310    1356.9251     408.2368     398.6518     350.6233     295.2583     282.0622     357.5061     350.5537    3932.4310     762.4579
     113    6603.9957     312.7411     217.7794     790.9387     322.7275     300.1252     247.4116     255.3541     366.3732     482.1228     454.2711    2103.0767     751.0744
     114    9981.8053     562.2381     539.0913    1722.4415     458.0048     387.2579     365.9524     420.6454     470.2085     382.3288     506.6901    3165.7573    1001.1892
     115    9758.9202     411.5864     442.7092    1426.4882     543.1130     498.1106     550.7363     364.4922     412.6668     443.0664     506.1846    3323.2609     836.5056
     116   10738.0427     541.3895     483.2464    1322.2866     463.2350     400.8221     624.1971     870.7054     598.2462     343.9322     323.5559    3721.8103    1044.6161
     117    8928.0303     418.2789     388.5697    1812.0691     417.9482     369.3459     394.9076     374.6462     492.1385     401.8557     330.2062    2879.7204     648.3438
     118    9323.1636     736.2316     656.8500    2065.0293     396.5470     232.5684     198.5190     187.7976     202.5928     267.9849     485.1125    3140.6525     753.2778
     119    9547.3273     425.5590     402.6298    1698.8193     653.9776     410.4279     284.5473     227.0191     225.3376     307.9018     484.4794    3637.6009     789.0274
     120    8043.2772     349.0204     457.5895    1105.1603     505.6823     521.9914     503.4321     320.7727     208.7968     203.6979     295.8841    2910.5171     660.7325
     121    8826.7769     317.2034     289.0652    1744.7482     359.1915     234.8598     218.6612     246.7017     377.5059     419.9762     443.3924    3359.1371     816.3343
     122   10814.2058     562.0857     387.5840    1855.8846     660.6359     414.1999     372.3209     418.2154     312.1562     305.0821     350.5379    4267.9560     907.5473
     123    8297.0801     573.5146     478.5252    1581.3590     502.1288     341.4985     384.6300     342.9902     303.3581     219.0172     284.7350    2553.8952     731.4283
     124   10289.6546     404.1483     403.5279    1822.5216     453.7710     364.0376     423.1702     356.4769     482.3525     524.4961     524.4814    3641.3059     889.3653
     125    9782.4453     366.9964     415.8059    1592.7755     539.6784     377.6679     324.2928     484.2993     501.1729     434.1628     437.2356    3116.7167    1191.6412
     126    8102.5276     509.3876     493.5790    1241.6147     435.5985     445.0009     336.5211     335.7090     236.8434     237.5375     387.8383    2714.4623     728.4353
     127    9160.2974     530.3607     357.0612    1574.5365     549.2759     456.5822     291.5338     330.4313     386.1834     380.0990     409.3167    3089.0033     805.9135
     128    6129.4641     586.4103     384.9946     900.7391     263.4954     190.8989     173.4221     192.6691     226.5327     306.6266     371.5698    1925.2693     606.8364
     129    8302.6337     525.5240     481.5518    1439.7647     314.8899     246.5228     391.9838     366.7402     396.5793     403.0289     346.5086    2559.4732     830.0665
     130    8712.3128     603.8440     520.6624    1692.7743     359.5967     301.1628     237.2090     212.0842     239.6154     475.5308     532.5399    2803.5925     733.7007
     131    9746.2833     425.2767     445.9512    1629.8269     454.1116     382.3806     231.2877     274.4189     291.6873     293.6553     317.4977    4191.8191     808.3702
     132   10580.1379     580.1910     566.0270    1219.9884     722.6773     617.3559     497.8126     340.0181     354.0863     502.5858     393.9067    3983.8077     801.6809
     133    9303.4046     989.4905     416.6882    1499.9432     419.2117     285.6119     303.0319     496.4976     553.4000     383.3954     414.2981    2834.8252     707.0109
     134    9211.4839     552.3944     394.7183    1509.2948     475.7202     460.6902     503.0519     394.1288     450.5688     389.8643     467.5427    2962.8169     650.6925
     135   10050.4454     530.6191     380.1690    2114.4269     317.9179     352.7824     351.8491     326.7658     379.5688     507.6833     398.8967    3516.7540     873.0125
     136    9165.0575     547.2567     475.5789    1487.2289     515.1032     511.4432     326.3301     225.8562     201.1245     219.8875     366.8628    3545.7937     742.5917
     137    7195.2964     320.9751     236.3882    1345.8975     397.9840     458.1527     396.5098     310.1210     229.0133     249.3817     354.3522    2183.4005     713.1203
     138    5963.7173     394.3493     291.2333    1054.2506     303.3236     208.8506     190.9907     165.9176     172.1235     183.0902     239.1940    2189.6325     570.7613
     139   10573.9140     726.9793     606.3457    1683.5292     510.6941     386.2601     407.6825     385.1173     373.3404     302.1793     404.4313    4034.0351     753.3196
     140    8930.2823     363.9476     395.9617    1733.0409     459.7852     283.3773     287.3322     285.0881     352.9639     391.3407     352.2131    3108.9725     916.2590
     141    9286.7350     572.0841     697.5282    1769.1104     302.7006     254.4814     294.2579     291.3747     286.3881     301.4282     366.8600    3120.5464    1029.9751
     142    9569.3644     810.9045     869.5316    1566.6922     387.4901     299.1493     350.8238     367.5063     358.5233     379.6738     339.9151    3042.0691     797.0854
     143    7869.9099     390.0631     434.2117    1629.1669     459.3347     272.2151     238.0625     344.6752     412.0978     397.8878     472.2643    2285.7237     534.2071
     144    8549.2660     653.3840     439.2837    1546.5659     435.9136     383.0933     410.5611     236.5665     232.2610     308.1700     375.6973    2725.3678     802.4019
     145    8619.0681     306.4625     236.4755    1181.6542     551.7267     645.7997     517.5348     466.3145     267.5070     275.4090     356.4986    3073.4803     740.2054
     146    8484.0523     382.2891     271.2550    1539.2121     637.2803     536.1593     431.7450     343.0212     266.4004     288.7841     353.9388    2563.8054     870.1615
     147    8704.0041     514.3618     442.6627    1503.1282     389.8151     245.9537     276.8014     431.5752     508.4287     413.3277     405.0175    2752.3176     820.6145
     148    8954.0000     505.9762     305.6443    1591.4004     526.8878     395.3399     265.2100     204.2822     225.4291     316.2723     352.6247    3596.3136     668.6194
     149    9554.9394     582.4667     503.7200    1495.9716     571.8862     323.7128     238.0263     236.3574     405.4420     422.3349     427.5391    3353.8231     993.6593
     150    7050.0239     448.2314     342.1764    1112.0980     336.0584     281.5868     286.8350     381.0073     455.8587     367.7874     346.4147    2137.8419     554.1278
     151    8762.4271     387.5981     284.0813    1448.8275     571.0764     456.3512     470.9865     413.5428     502.6807     519.4383     454.5835    2700.6434     552.6175
     152    8512.7198     451.6903     300.0881    1161.2999     696.0525     585.4388     277.5097     238.2351     192.3110     214.1265     325.1030    3416.9631     653.9019
     153    9176.1258     578.0244     664.6947    1333.2815     439.2352     338.4992     305.5749     267.9530     242.7328     214.4385     268.1163    3596.8751     926.7000
     154   10448.2649     801.8003     637.1298    1994.1879     599.7985     267.1896     200.9731     204.3150     270.0962     375.4674     452.8436    3585.6141    1058.8495
     155    8766.5910     490.5857     374.3822     997.7720     448.2322     414.2987     319.9790     249.7173     214.7752     275.2553     375.9744    3748.2642     857.3547
     156    7154.1881     430.0295     370.8791    1460.7686     374.1599     322.7616     290.9034     266.3554     322.1757     225.8609     197.0968    2200.6650     692.5320
     157    8076.4263     415.2219     433.3744    1466.9862     444.1348     311.3779     236.2774     215.1616     259.9145     323.0595     436.1281    2977.6179     557.1721
     158    8100.2535     437.4993     414.6978    1171.4616     342.9327     350.4016     255.4666     219.7829     217.5808     268.4051     353.2968    3249.7563     818.9721
     159    9008.6220     596.4574     355.1022    1354.0765     446.4945     342.0093     354.0685     232.2778     343.8897     356.0165     451.4484    3240.2630     936.5183
     160    8656.3619     423.6885     409.3752    1529.3878     444.7193     338.3105     385.5706     386.3066     453.0052     294.3291     271.3327    2637.2722    1083.0641
     161    7148.4781     444.7330     421.6290    1258.4626     390.7185     301.5747     229.2162     195.3852     198.0368     230.4133     335.9317    2494.3822     647.9950
     162    8097.6724     362.1071     376.1806    1315.8259     418.1268     320.0066     425.4663     347.6708     253.1607     263.3821     346.1044    2921.3472     748.2939
     163    9166.2061     915.9805     447.6864    1460.8595     472.4983     443.2618     356.3320     222.9319     207.3513     244.0618     244.4940    3527.9757     622.7728
     164    8790.5256     565.6475     531.6296    1445.7433     369.9395     268.3909     447.3531     568.9786     443.2540     311.9282     377.4765    2848.2461     611.9381
     165    8459.3496     353.1318     385.7920    1352.3677     496.1279     429.3554     431.0596     403.4481     267.0142     282.2508     566.9982    2856.6954     635.1084
     166   11283.4398     554.6046     422.3803    2418.1744     597.9109     440.2101     507.5430     458.6786     534.2056     557.5664     608.5911    3250.2581     933.3165
     167   10328.4035     425.3967     512.3268    2390.0296     729.8557     357.1009     284.6156     302.8034     317.4863     476.3699     392.3179    3244.6113     895.4895
     168    7349.7504     793.2780     416.2070     840.0034     244.5398     204.8607     209.0640     218.1678     321.4647     308.4196     299.5127    2828.2369     665.9957
     169    9093.2645     376.1942     475.7995    1737.2024     460.3022     294.5754     179.6524     163.1285     158.9522     166.6057     222.3824    3964.3724     894.0971
     170    8929.1561     479.1466     595.8653    1811.6420     374.8341     324.9387     268.1909     230.1634     355.2650     610.5328     608.7721    2150.0612    1119.7441
     171    9819.4817     539.2767     481.3611    1374.1910     669.9887     681.3806     496.5968     386.8894     353.7287     267.3758     309.8002    3367.2137     891.6791
     172    8941.3599     531.6025     370.5910    1768.3574     564.1348     484.5155     545.9494     467.3583     302.7158     287.6607     398.3478    2235.9691     984.1575
     173    8396.3154     420.7841     498.4426    1583.2834     513.4175     365.8918     245.2565     210.8418     206.0032     266.4325     463.7588    2924.4147     697.7886
     174    8816.9812     551.8152     727.5284    1470.2072     458.4786     402.4104     389.1465     453.5589     508.4731     558.6054     441.3517    2231.3149     624.0909
     175    7330.9919     325.3289     247.9789     882.6226     389.4989     348.1942     235.4152     226.4984     282.1355     273.4900     300.0050    3090.6738     729.1505
     176    8704.9845     371.6106     385.9653    1416.7008     598.7204     306.7899     243.7694     262.3647     294.2042     362.7333     357.8284    3259.0868     845.2106
     177    9137.9828     480.8526     628.0785    1383.7041     438.4429     349.1557     305.6840     210.9852     220.0383     339.0998     371.9211    3555.7749     854.2457
     178    7792.3668     703.0188     404.0334    1710.0488     402.7726     250.8292     219.9679     220.5832     240.4735     312.4612     449.8075    2265.3303     613.0404
     179    8537.9553     526.4109     479.4949    1221.2751     451.9859     324.9252     378.5987     283.5504     313.3870     384.5314     414.8755    2979.1040     779.8164
     180    7721.6086     309.6405     229.7298    1279.1306     611.1658     562.3990     290.5767     238.4339     271.0622     310.4840     397.6960    2473.8777     747.4122
     181    8388.7940     433.0784     437.8048    1404.8439     584.8318     401.8618     303.3687     311.8461     267.8309     221.3629     248.9672    2967.0826     805.9149
     182    8362.6996     673.1950     437.6255    1496.1387     662.9529     385.0631     425.6900     339.2862     221.3427     209.0831     267.0438    2638.2408     607.0376
     183    8625.6394     401.3111     367.6656    1270.4930     702.9851     475.7727     368.1683     298.7384     273.4425     334.8255     269.2259    3060.1035     802.9076
     184    8070.2285     446.5532     415.0159    1229.4514     443.0671     329.3466     328.6087     351.4374     386.0057     305.4060     365.9745    2735.7270     733.6349
     185    9338.0865     422.2401     439.2049    1754.3564     452.2784     311.6098     346.9462     364.3329     349.9471     436.8511     481.3688    3168.8176     810.1332
     186    6879.3692     452.1951     339.5456    1086.1202     250.0060     191.7787     177.5369     190.9095     194.9981     234.2206     286.8009    2685.2902     789.9674
     187   10284.9650     656.7274     422.0299    1395.0180     499.4917     444.8422     423.5572     422.7232     365.3620     397.8883     341.8345    3748.0163    1167.4743
     188    8151.2216     567.7108     521.1963    1578.2269     456.6641     270.7354     203.6432     203.8290     225.3781     348.4870     493.1571    2629.1696     653.0240
     189    8871.3110     555.3043     400.9278    1201.5023     559.4416     389.8967     291.6932     261.6384     276.8568     342.1415     328.6671    3436.6481     826.5934
     190    9901.8816     623.1483     505.4104    1154.0986     560.0398     523.1941     460.7594     405.3311     307.2538     286.2909     341.0954    4003.7132     731.5465
     191   11865.4394     729.3116     603.7110    1884.5682     474.3864     499.1439     349.1055     329.9584     228.1067     295.7624     366.5847    5120.5593     984.2413
     192    7453.8422     359.4430     339.2880    1230.5296     428.8812     413.2887     426.4481     410.0549     313.8601     174.1923     223.9843    2398.8534     735.0186
     193   10477.7436     455.2931     495.6670    1617.0457     520.3264     380.4848     435.5094     429.3227     352.6573     393.7411     374.0444    3677.7404    1345.9113
     194    9835.4930     404.4411     475.8786    1829.1102     445.4298     270.7538     396.8360     573.4993     535.9240     334.4952     313.7753    2989.4541    1265.8955
     195   10065.1018     477.2898     506.9626    1634.1527     666.4349     602.6066     508.4875     437.6126     452.4095     344.9149     393.7894    3077.9183     962.5232
     196    9614.3045     375.2124     319.1450    1468.6434     601.2622     454.2075     664.2433     487.6192     349.8798     356.2914     457.0097    3197.9528     882.8379
     197    8688.8211     544.7700     536.1762    1548.1883     381.7581     225.1634     241.4994     310.8516     522.3607     382.0719     419.3314    2920.8390     655.8111
     198    8400.7846     578.2188     533.4379    1982.8433     524.1179     313.0453     274.0702     254.4996     210.5296     262.3250     333.9394    2293.9099     839.8476
     199    6936.0117     422.5948     342.1225    1063.1027     321.3011     317.3302     310.1264     372.7910     388.5638     479.4952     474.8774    1804.9097     638.7969
     200    9822.7172     449.7152     365.5397    2010.6562     387.8073     432.6868     413.5973     271.8198     233.5903     387.2207     494.5527    3368.9937    1006.5375
     201   12975.4227    1185.6722     610.3481    1854.3636     630.1746     407.1883     491.8363     511.7428     344.5267     363.3183     370.1857    5284.6210     921.4451
     202   10141.2249     439.1287     479.3331    1656.0845     716.1799     310.0355     307.5888     417.5369     537.0946     524.4700     520.7244    3541.0545     691.9939
     203   10730.5079     661.6953     613.0184    1817.6207     638.6967     512.4240     560.6882     361.0911     283.8709     245.4115     365.8422    3589.2894    1080.8596
     204   10529.0274     479.8876     376.7636    1509.8020     533.2380     546.9692     453.1415     318.5655     437.1695     577.1454     429.9234    3685.4925    1180.9291
     205    9023.6642     505.2704     400.8701    1547.5427     509.7190     312.3959     264.5145     300.8763     339.3439     346.4879     372.6430    3100.4712    1023.5294
     206    8859.0981     324.4972     367.7553    1948.2792     470.0985     286.0038     308.6092     325.5598     313.9538     282.9619     384.8999    3133.4851     712.9945
     207    6820.4522     338.9359     268.3893    1161.6173     464.3257     329.9833     333.4676     233.6951     207.6281     252.6362     297.2425    2236.1861     696.3450
     208    8449.2179     501.8061     343.6404    1323.4362     550.6252     483.2511     443.2530     397.8687     381.6592     301.4863     300.4590    2385.2788    1036.4539
     209   10426.4612     644.1751     700.3251    1377.3337     535.9894     512.5121     485.2441     476.5415     410.7575     394.8229     458.9039    3458.2740     971.5820
     210   10678.6375     465.7082     556.9283    1788.0660     575.8381     367.5882     334.9857     271.2802     327.9398     376.5656     437.8707    4234.9551     940.9115
     211    9529.9722     651.9798     561.1903    1581.1585     599.7534     563.4623     470.8364     288.5894     328.7904     290.3871     353.6773    2793.2278    1046.9194
     212    9654.3759     373.3710     356.9602    1429.8056     601.9674     441.8445     502.5699     563.9588     433.0449     326.7907     275.2840    3461.0401     887.7388
     213    8968.6654     445.1650     391.5156    1183.7872     390.4143     476.7959     404.0763     473.1278     482.7925     551.3388     662.0097    2668.6260     839.0163
     214    9365.9653     474.8548     332.1392    1520.2050     504.3053     376.3824     307.8602     214.2876     187.5785     218.1258     347.9612    4023.6046     858.6608
     215    9954.3899     688.6137     482.9971    2037.9748     385.3279     402.9137     360.3728     300.7820     325.7130     375.4780     403.8872    3430.0048     760.3249
     216   11316.7128     795.8376     594.5954    1452.7667     572.1791     465.8981     371.7267     377.3145     398.8761     435.4499     610.0172    4261.8488     980.2027
     217    7743.7554     485.3316     443.4090    1313.7358     340.8035     284.7536     251.3784     240.0020     260.5619     272.3664     304.7855    2823.5899     723.0378
     218    9794.5420     374.7148     425.7336    1599.4773     582.1680     321.6277     371.7942     378.8645     356.3344     439.3147     403.5294    3737.4697     803.5136
     219    9549.2954     502.2492     716.6801    1348.7914     382.6927     329.4479     389.2798     397.1552     502.1456     553.3880     376.5981    3396.4377     654.4297
     220   10420.6138     585.2921     591.1426    1810.5223     491.1990     401.6589     435.0311     259.9805     221.4830     234.7791     379.3554    3972.9072    1037.2627
     221    9432.8952     477.2867     647.0814    1648.2032     381.7677     370.1596     393.9049     286.6313     283.2525     248.0921     292.1238    3489.4524     914.9396
     222   10285.8605     450.1106     531.9797    2026.4194     572.9782     390.0245     449.5380     463.3027     321.2317     405.9793     646.6313    3314.7558     712.9093
     223   11342.2981     548.0081     583.4533    1745.9095     640.6407     464.7700     463.7664     492.9316     502.2032     467.2034     393.6926    3913.9502    1125.7691
     224    7023.4188     359.4261     385.4381    1072.4387     347.0839     248.2915     230.9027     271.4782     359.9137     413.3755     417.8999    2148.7609     768.4095
     225    7244.2454     339.1562     265.9245    1047.6923     410.6077     223.9017     180.6713     195.7582     245.6227     274.2176     345.1227    2968.2380     747.3325
     226    8827.4832     561.0582     440.0411    1697.8266     559.1196     317.2507     221.8431     212.8327     254.7236     343.3648     357.7733    2977.6772     883.9723
     227    6827.4292     331.2647     266.5424    1069.1335     517.7055     368.7767     334.8786     380.9626     301.8988     234.7949     295.8769    1998.5815     727.0129
     228   10890.3236     566.7711     478.2328    1828.7673     493.4741     318.8987     450.9934     415.1325     269.7511     279.6405     336.0063    4267.3524    1185.3036
     229    9102.1737     870.3082     541.4274    1748.5129     428.6864     290.5052     256.0637     212.0157     202.2661     275.2627     412.2977    2907.5113     957.3165
     230    9097.1608     464.6588     416.2848    1381.3058     653.3187     482.7105     366.0001     493.3352     514.1667     436.7517     680.1224    2399.1719     809.3343
     231    7824.7085     379.5538     467.9614    1172.8655     355.2360     333.2759     441.9316     508.3485     432.6549     355.6599     415.7826    2141.5529     819.8856
     232    9035.9808     312.0657     257.2212    1465.6142     542.4019     448.3672     496.8710     370.6519     247.3494     248.8176     325.1472    3142.9961    1178.4773
     233    8260.2199     774.8102     530.1777    1210.7758     386.3825     310.5342     254.2171     327.1914     392.7791     502.0016     436.3456    2411.2488     723.7558
     234    8824.9041     437.6426     445.9004    1734.7920     614.8432     524.0857     509.8294     343.4227     246.7028     286.5828     417.6417    2444.7670     818.6939
     235   10864.0441     966.4127     684.5557    1788.3735     678.5098     367.1949     315.7267     361.6492     316.2689     340.5879     412.9600    3770.9547     860.8503
     236    9637.1607     327.9565     260.0584    1261.4032     411.4419     469.9296     458.3379     605.2492     638.9795     366.1707     343.8803    3488.7672    1004.9862
     237    9479.2919     467.4984     505.9869    1942.7775     651.0693     419.5985     263.4251     287.6958     282.3996     265.4436     328.3603    2877.4906    1187.5461
     238    7811.4586     493.7206     290.0666     878.7717     363.2058     408.0185     248.2000     324.6381     293.9805     246.5648     262.9057    3135.7228     865.6636
     239    7412.9875     314.8320     242.7480    1139.7025     420.1704     353.0676     404.9881     297.4788     241.3957     273.0000     374.9683    2624.5766     726.0596
     240    8462.9418     328.9165     342.1840    1960.8629     441.6191     251.4252     243.2402     231.8435     310.0071     528.8872     604.7471    2328.8176     890.3914
     241    9326.3690     845.9366     579.6552    1856.4098     438.4939     248.6383     214.8219     277.4647     394.5415     431.7293     452.3167    2848.6477     737.7134
     242    7067.8851     378.4535     273.6568    1052.9838     437.6175     343.1513     334.1496     241.0582     212.1240     218.7298     292.8551    2495.3196     787.7861
     243    8653.2135     334.4385     292.3109    1380.2404     335.5410     276.5447     366.3003     339.0287     369.0964     410.2280     368.2128    3116.8613    1064.4106
     244    7109.9047     412.6245     330.4938    1154.7778     405.6153     360.9454     323.1426     386.1018     338.1263     268.1730     281.2371    2186.9113     661.7559
     245    8849.0135     516.4442     445.1838    2204.0255     293.1667     218.3982     287.4896     369.9223     281.5273     385.8762     470.3675    2564.2225     812.3895
     246    9043.1866     319.0237     308.4667    1257.8895     658.6747     458.0563     363.2107     247.7454     295.3863     439.2532     447.4752    3183.4369    1064.5681
     247    7985.0627     580.1060     480.9647    1197.4566     331.5137     206.4654     188.7647     197.7583     267.0543     451.4168     406.8713    2746.5198     930.1712
     248    9270.3798     512.3917     545.1703    1525.2427     439.7723     272.9304     255.5798     242.9675     329.8844     392.7742     403.4407    3292.0749    1058.1509
     249   12057.5683     706.7446     495.3638    2080.8559     590.5926     463.5866     456.1176     312.3987     420.0767     547.6916     459.8907    4487.4306    1036.8188
     250    8324.5914     459.7197     381.1650    1384.8430     371.7139     316.2803     270.0451     351.2796     337.0218     363.6315     403.5358    2921.0167     764.3391
     251    8145.2604     607.5129     455.2797    1044.1420     448.6171     409.1757     226.5323     174.6117     206.8454     311.5535     358.2098    3311.7953     590.9850
     252    9121.3096     582.2308     532.2905    1311.2256     389.5167     280.4261     301.7689     283.1354     421.8728     570.2872     549.6293    2930.4051     968.5213
     253    6862.0554     338.9997     376.8462    1275.3738     326.0329     216.1879     176.3546     176.1441     171.7902     185.3673     237.5292    2719.1259     662.3036
     254    9283.0373     799.7098     470.2071    1637.2705     365.5731     283.6837     343.4703     350.0247     359.8656     388.9752     687.9660    2899.1717     697.1197
     255    8323.7767     418.3759     364.9996    1727.3750     317.6220     252.4970     221.8663     236.0720     445.0213     531.0325     392.7644    2335.1123    1081.0383
     256   10207.7588     722.0301     573.3505    1958.7774     426.4840     236.2059     215.1826     293.1924     411.2066     459.5185     438.4324    3416.1234    1057.2549
     257    9058.5922     358.6559     338.0694    1076.8532     511.0073     566.8386     418.4906     369.4054     380.0931     428.4383     519.2954    3177.1526     914.2924
     258    8357.2189     658.0650     485.8510    1272.4198     465.7320     271.4418     331.1057     453.3397     367.6296     313.3626     403.1631    2657.9935     677.1151
     259    8997.7064     659.9877     424.1859    1333.6976     451.8352     372.1911     259.1047     216.9807     305.2594     486.2702     434.5912    3383.5070     670.0957
     260    9740.5945     445.8484     388.9210    1528.1638     548.2060     292.8354     319.1908     473.0766     373.8322     479.6113     819.7100    3296.5255     774.6735
     261   10188.5915     689.4742     659.7427    1571.2185     493.9323     445.2291     232.3483     221.7749     272.3062     408.3983     399.8940    3621.7019    1172.5712
     262    8573.5257     479.9920     499.4961    1795.3168     340.7763     216.2309     228.6883     324.8986     439.5362     571.1789     401.7447    2442.0326     833.6343
     263    6197.8893     448.7202     316.1616     896.5620     307.5711     346.8286     273.7470     199.2952     209.1691     208.1669     257.7686    2056.2339     677.6650
     264    6714.1333     487.6028     409.7397     968.0805     328.4957     280.2106     221.0935     234.9640     261.6492     242.5837     255.7475    2488.4299     535.5361
     265    8595.6330     572.7278     468.4266    1285.8200     458.0054     313.2245     241.4844     264.4070     321.4454     301.1896     352.1530    2921.6608    1095.0887
     266    7521.6958     408.1957     284.3338    1134.7851     465.7056     394.0866     435.8981     393.0274     254.1074     267.0249     398.2142    2327.4586     758.8587
     267    9506.9349    1125.9301     395.1247    1082.3132     382.5324     372.1951     424.2505     324.5510     322.5796     418.6995     446.0148    3522.2051     690.5390
     268    8897.1067     452.1776     474.4884    1295.5415     303.7380     303.2490     330.1655     287.6660     296.6186     369.6195     383.3814    3478.7267     921.7345
     269    9270.5649     686.0116     454.9402    1324.4472     543.6109     568.2330     414.0168     391.7416     298.6375     311.5468     363.8286    3045.7092     867.8416
     270    9309.8519     455.2596     612.1770    1461.6938     499.1735     568.2238     489.6762     398.9847     299.0810     255.0506     279.7888    2879.1616    1111.5813
     271    8278.3931     311.1331     225.3789     827.4103     394.8025     401.7117     318.0570     296.0870     472.0864     537.5689     351.4820    3346.2308     796.4446
     272    7596.2412     624.7702     439.0653    1440.4313     261.3928     211.9451     223.2353     208.0405     212.4243     262.4848     383.2085    2542.1435     787.0995
     273   11286.9977     592.8979     513.0647    1772.3983     582.5818     530.3897     548.9379     615.4100     453.0127     277.2068     399.5002    3699.3561    1302.2416
     274    8927.3696     644.5794     540.0215    1593.9574     336.3762     288.0713     299.5965     297.6885     281.0840     350.6532     592.8518    2942.4625     760.0273
     275    8514.3283     350.2794     273.4018    1084.8582     658.4739     396.6586     229.6168     204.9897     215.1498     312.4788     384.1415    3551.2520     853.0278
     276    8834.6460     410.6926     320.6459    1253.7072     621.7758     504.2154     313.7958     241.6834     267.3797     463.6507     467.0929    3081.3198     888.6869
     277    9437.2056     529.6261     400.5027    1467.9777     361.6504     378.4513     335.9821     357.6919     679.1975     722.5043     464.5063    2955.5939     783.5213
     278    9596.4574     672.9784     643.2603    1331.0771     602.1652     291.2958     268.7081     452.9167     464.0853     314.4456     294.0606    3037.4609    1224.0035
     279    9576.3430     530.6156     433.2470    1490.4652     773.8296     371.1234     354.1430     531.8170     635.3822     448.2157     358.4827    2786.7010     862.3206
     280    9830.9946     659.7130     413.6149    1640.0232     332.7302     287.4659     274.1663     354.9060     507.6914     650.6896     449.6720    3410.5768     849.7455
     281    8668.3357     340.4095     526.0511    1690.7762     353.6018     280.4612     337.8464     276.4166     225.6819     217.3653     275.4403    3041.2965    1102.9888
     282    7235.5746     310.3271     250.9978    1113.8004     559.7145     375.1098     309.8466     304.8615     320.4938     407.2971     361.0174    2266.9658     655.1429
     283    7867.7711     514.3167     598.2347    1170.8092     293.9450     257.2014     321.8477     373.6557     392.5196     504.3706     478.7166    2070.6382     891.5156
     284    9809.1750     666.5683     512.7110    1632.5916     590.4756     410.6516     273.6940     226.2251     253.1571     389.3480     495.8183    3359.9900     997.9442
     285    6895.7709     484.2720     336.8414     985.4326     268.9652     211.1796     223.1190     270.8853     296.2467     291.8162     298.6820    2505.6794     722.6515
     286    9319.2126     379.8217     422.8686    1422.8301     456.7753     386.0514     381.8577     274.3381     221.1109     266.9775     541.5087    3676.4064     888.6663
     287   10884.9699     524.2814     362.6443    1676.8452     858.7595     374.6155     366.7077     356.3581     392.4167     453.5216     479.8617    4093.7394     945.2188
     288    7385.0905     516.8821     426.4994    1098.9632     276.3996     215.8893     207.9908     243.0945     221.5820     212.0137     327.5189    2759.4352     878.8218
     289    8455.2972     758.4810     529.3029    1185.8644     428.3430     411.2475     410.7413     337.7377     370.1841     300.0367     309.1250    2525.4020     888.8315
     290    8849.1606     514.9540     448.9114    1481.4365     416.4476     339.8997     260.7739     233.2075     233.8834     310.0240     537.0564    3399.4536     673.1125
     291    9491.7200     565.5408     518.5034    1940.5982     579.7278     462.9557     302.8807     223.7926     217.8527     253.5510     401.3584    3205.5848     819.3738
     292    7340.5980     767.6894     435.3894    1302.2212     407.3923     338.4152     266.7434     282.7556     231.9684     242.3454     251.3324    2147.6531     666.6922
     293    8143.6414     384.0406     407.1319    1536.3790     357.1505     235.1648     244.8735     300.0103     471.6125     451.0759     349.5786    2584.6077     822.0160
     294   10380.3270     740.3008     700.6211    1514.4775     536.9222     394.1267     277.1830     269.5336     311.4270     288.1981     374.3537    3910.5049    1062.6783
     295    9527.0562     378.7513     564.4640    1746.4639     551.2832     405.3131     364.5129     352.5788     298.0331     363.7129     403.9053    3063.6917    1034.3460
     296    9941.6888    1094.1667     760.5816    1341.7224     678.1895     549.4422     499.5957     397.2519     392.4345     335.0631     346.5412    3026.3300     520.3700
     297   10342.9047     737.9478     557.8802    2061.6309     440.2210     392.0864     371.6195     224.0844     220.8077     318.1317     315.6641    3976.3362     726.4948
     298    8832.4145     510.4444     388.1349    1301.9820     473.2535     240.3437     227.5952     292.3877     346.2698     364.6981     425.1953    3448.3747     813.7350
     299    8454.9995     466.9768     446.8413    1094.8875     393.3245     339.9307     424.8052     445.3538     496.6990     443.0152     390.3353    2747.0619     765.7683
     300    8254.7914     529.1183     433.0356    1215.2221     335.0692     260.8702     255.3512     234.0890     304.3312     397.5845     385.3229    3092.0648     812.7324
     301    6458.6148     502.1139     347.2048     938.8406     359.6468     294.8793     267.8441     198.7108     208.1817     218.0494     242.8923    2252.1438     628.1074
     302    9069.0487     828.1726     443.9505    1407.3874     463.6730     266.1767     227.9090     319.8663     376.5417     308.5443     386.7971    3350.9871     689.0431
     303    9558.5170     472.6330     306.9630    1422.9362     404.8414     571.6540     535.0237     612.4724     482.9376     378.3290     396.0176    3222.4208     752.2882
     304    6848.7835     327.0608     255.3128     897.5567     411.2957     416.4341     409.4961     330.2525     220.0712     211.2264     263.0084    2283.0986     823.9704
     305    9159.3775     460.1714     416.3071    1190.2811     696.1601     505.3279     370.8704     390.9618     355.8955     291.5147     296.6470    3407.9351     777.3054
     306    9270.9235     326.4718     299.9557    1481.3361     641.6913     391.9657     364.6410     514.8144     604.7353     442.1562     364.1282    2939.1933     899.8344
     307   10821.6138     802.0727     539.2948    1576.8839     508.0701     613.2610     752.9347     550.2900     301.5587     282.0912     527.3285    3270.2155    1097.6127
     308    8822.0436     401.9012     306.1983    1198.7638     653.7905     294.7829     285.0262     522.7301     550.7056     363.4666     337.2919    2962.7783     944.6082
     309    9264.6394     502.1355     436.3897    1713.5460     429.4899     237.3166     355.2215     445.9158     425.4735     336.4800     368.0290    3110.4945     904.1475
     310   10232.7027     813.0256     500.5005    1497.3216     471.9367     326.3072     374.7709     504.8614     573.0333     510.4377     462.9385    3144.2096    1053.3596
     311    8869.8432     438.4517     432.2171    1277.8931     550.9772     436.2454     348.9043     466.4288     436.8426     555.3947     406.8011    2985.1798     534.5074
     312    7507.5481     380.6543     431.2142    1355.5378     399.9794     304.7572     250.9036     198.8578     208.2229     311.3859     376.9635    2579.1487     709.9228
     313   10356.5794     506.0698     602.0766    2382.3112     391.8038     339.9414     484.5563     432.2057     431.9912     377.7405     626.3657    3043.7083     737.8089
     314   10732.2227     500.9395     428.5687    1611.4666     511.7098     542.8619     345.8794     351.0780     429.6854     483.6904     424.5276    4204.6877     897.1276
     315    8762.1497     505.2072     489.2706    1413.6348     382.3891     363.4047     427.3257     409.4231     398.4812     379.2207     363.6840    3013.7124     616.3963
     316    8438.8698     594.0562     501.2768     971.2914     301.7694     230.0009     234.1977     329.4578     475.5483     352.4542     407.7450    3156.8084     884.2637
     317    9870.0549     738.1740     574.1444    1768.4662     393.2431     361.5314     513.9392     607.6180     392.7432     303.5097     427.3640    2870.8288     918.4929
     318    8788.9838     413.6518     491.4327    1427.0734     563.3080     355.5861     285.2725     299.4740     287.0693     374.2766     461.4281    2676.4336    1153.9777
     319    6224.2846     459.1754     323.7982    1182.2931     234.7806     178.5639     174.2326     167.8092     179.3509     251.7483     382.4291    2157.4431     532.6602
     320    9106.4857     747.9666     531.3436    1395.9258     502.6824     334.0986     272.8658     266.7270     242.1717     444.4586     718.5153    3003.1986     646.5317
     321    7509.7229     345.8818     281.3401    1154.9784     355.5929     263.8757     260.6842     243.8895     414.6537     432.6029     427.5845    2456.1683     872.4710
     322    7491.5850     481.8545     406.1082    1100.8214     404.4110     360.7312     274.0270     264.8018     300.3266     239.9535     267.9549    2594.0997     796.4951
     323    8292.0713     388.3515     338.0980    1480.3497     511.4031     267.2277     289.6035     344.4792     331.8376     378.8192     497.7030    2880.1786     584.0202
     324   10496.8119     539.4850     704.4474    1960.4062     449.5693     318.5595     208.4379     201.1723     271.1282     390.5375     424.4224    3771.5035    1257.1427
     325    8733.2383     636.0177     526.2012    1116.0864     514.7881     380.8519     308.2067     267.2329     306.6086     468.9025     533.9728    2874.8701     799.4992
     326    9140.6134     627.2368     825.4667    1430.8702     413.3362     284.8474     259.4011     309.2173     332.3878     328.7511     531.4921    2981.5926     816.0138
     327    8858.3566     538.3568     483.6331    1796.3977     653.8790     444.8976     327.0753     263.2246     231.1801     206.6297     250.1871    2616.8976    1045.9978
     328    8351.2282     796.5547     664.2149    1334.8539     466.1841     271.3650     205.6009     188.3668     190.0580     206.4847     278.0355    2857.6899     891.8197
     329    9330.6426     413.9640     458.8209    1589.8316     610.4791     330.2377     323.0707     354.1343     480.0435     359.6761     339.2048    3169.4863     901.6936
     330    8096.6270     474.0617     376.7766    1753.9128     515.0531     456.0620     278.6416     216.7500     249.5605     319.8149     472.0228    2175.5388     808.4323
     331   10204.7495     522.4190     561.6979    1884.5403     629.3118     411.5943     443.5882     429.8683     260.4683     260.6971     387.2227    3393.3714    1019.9703
     332    8660.7396     614.3821     616.1127    1263.0452     685.8620     411.3487     265.5411     238.3798     208.5741     214.5676     381.8221    2967.1985     793.9057
     333    9732.7254     502.7774     401.6418    1635.1435     491.0441     366.4719     330.6624     343.2622     664.4472     662.2953     442.6409    3182.4057     709.9330
     334    8158.7977     338.5183     294.8682    1349.8211     311.4996     242.8315     256.0741     338.1868     375.8987     364.3667     324.2643    3000.5168     961.9517
     335    9957.3465     358.5781     451.8307    1912.2535     582.4004     388.3214     268.6953     245.8830     278.1422     448.5539     452.5331    3324.0086    1246.1462
     336    7793.4335     348.2795     388.8951    1167.1747     235.0682     180.9753     163.9719     175.8182     268.3536     449.3173     347.1603    3295.5362     772.8832
     337    7290.9818     588.2465     310.3390    1144.1722     343.9778     274.8805     334.9656     382.8789     294.9134     259.3716     291.9836    2549.4031     515.8496
     338   11073.0963     482.5209     419.8250    1843.0767     549.0607     521.5189     520.0227     312.3202     263.3655     333.4771     443.9373    4512.9496     871.0217
     339    6922.8960     551.2338     565.0410    1523.4953     374.3130     208.7573     184.4376     163.7111     178.9758     168.1071     199.5978    2040.1757     765.0505
     340    9592.7846     409.3110     564.2483    2385.8036     392.0306     236.1477     240.0596     251.1974     337.2208     346.9961     330.9881    2903.5744    1195.2070
     341    7644.6443     530.0712     317.0556    1051.2112     352.1973     311.7157     326.5210     324.9730     333.4615     299.8718     327.6460    2701.8602     768.0598
     342    6372.4447     326.7210     266.6923     904.3287     268.1020     239.9067     254.1873     357.3831     320.3386     246.5982     233.6065    2226.6027     727.9776
     343    9563.6690     459.6443     350.7720    1827.2328     713.7163     423.3555     367.3530     526.6586     586.6808     607.6141     434.9178    2345.6283     920.0953
     344    8751.2024     676.3812     642.9212    1308.3440     284.6232     221.8249     286.4749     419.3377     452.8790     432.3035     376.5036    2545.0742    1104.5349
     345    9951.3176     660.0157     499.2064    1902.6144     465.2644     410.2798     400.0282     386.8041     265.3897     265.9939     350.6425    3588.0122     757.0662
     346    8582.8510     458.1075     341.4225    1774.6682     351.4397     369.0733     396.1358     435.4266     443.5385     337.2932     310.9965    2540.7904     823.9589
     347    8364.9565     632.7851     587.4203    1440.2424     482.0647     285.9235     224.0338     268.0739     402.0447     547.8090     556.4500    2257.9334     680.1757
     348   10214.6879     501.4630     415.1981    2085.7057     561.4730     279.7945     234.9843     305.6783     653.1620     481.5015     328.4246    3588.2347     779.0682
     349    8573.7734     538.7835     701.4431    1461.3776     490.2691     245.3883     209.2892     226.0920     266.0082     271.1381     315.9589    2893.2461     954.7791
     350    8781.4243     324.2369     266.8811    1415.6665     424.1896     462.8751     408.8832     357.2449     370.3975     392.2627     418.4668    2848.2928    1092.0270
     351    6821.6115     468.9914     386.2070    1028.8743     295.6519     231.6482     204.4372     194.8049     224.3287     256.6063     403.1346    2416.5648     710.3621
     352    9448.3881     554.3767     508.4152    1447.2012     554.8737     399.4914     413.1897     475.5671     452.4124     483.5783     407.6595    3000.4433     751.1794
     353    8589.8101     368.2314     268.0350    1198.1194     623.7559     378.8265     247.5005     196.8996     206.7171     325.6034     498.2932    3432.1674     845.6608
     354    8104.6094     507.4712     396.4921    1497.7490     281.0847     204.7292     201.9724     271.0046     333.0143     315.1198     337.7024    2944.4491     813.8206
     355    8985.9589     406.9026     434.1872    2121.2296     572.5852     483.8568     305.9534     225.2464     230.2793     255.5441     355.6548    2735.7704     858.7493
     356    7047.6080     441.7749     349.1804    1028.9022     386.9494     296.6177     238.3280     232.7780     261.4191     259.4824     226.7682    2553.2338     772.1739
     357    8760.2212     545.7484     379.8550    1287.6329     473.5569     332.9980     445.1349     467.9957     298.9823     279.4073     299.6323    2792.6781    1156.5993
     358    7926.2906     343.5586     296.5066    1615.7160     393.8127     341.1564     242.6742     323.5963     378.1401     401.6084     440.7620    2426.5910     722.1683
     359    7780.8466     428.2372     465.1996    1120.0277     342.4758     227.8124     217.0582     287.2634     330.5101     326.6462     311.0900    2965.0167     759.5093
     360    8271.4318     468.3751     416.7283    1300.3007     587.7868     435.5981     270.1222     226.3394     268.7547     301.2464     498.0503    2879.4055     618.7243
     361    8824.0085     561.3754     483.4833    1182.0172     379.8311     397.6037     498.2884     351.2960     351.9567     457.2146     442.8130    2669.1275    1049.0017
     362    8411.1248     336.7439     321.0969    1716.5914     455.7453     331.1628     338.5427     482.9563     449.7233     497.0435     446.7170    2296.3404     738.4614
     363    9993.8902     441.8120     490.9135    1861.6254     579.7936     329.4643     291.4711     412.8401     308.1097     421.9301     644.8280    3372.0803     839.0218
     364    8359.4849     558.9302     266.8999    1289.2099     523.4667     455.3230     481.3010     548.6299     375.2251     236.1034     291.8235    2410.3446     922.2278
     365    9979.6804     643.4137     550.6113    1628.7762     473.0030     261.9982     237.0006     331.7527     494.1084     384.7710     346.4704    3281.5282    1346.2467
     366   10012.6821     381.4356     389.3398    1438.1664     641.0273     491.8157     335.6504     476.5838     453.1856     334.7023     389.8866    3642.5625    1038.3261
     367    8280.9510     502.7661     464.2038    1173.3735     368.1889     332.7425     342.4999     267.0378     285.9268     514.3997     477.1755    2483.9933    1068.6430
     368    9748.1691     832.9842     519.4255    1876.6436     334.2201     254.5239     252.2732     324.2741     411.2232     418.0886     323.3544    3495.5767     705.5817
     369    9382.2922     367.6910     358.9762    1165.3223     400.9232     341.3735     384.5447     476.2042     461.2986     668.6616     713.5546    3189.5761     854.1660
     370    7937.2819     355.5618     337.8889    1549.0066     330.2941     307.2137     259.6224     263.8213     399.2268     338.8594     319.8688    2928.1746     547.7434
     371    7640.3579     664.1857     493.9037    1104.6978     283.5387     245.8871     262.9915     238.1862     336.6756     523.9337     474.7305    2259.9571     751.6703
     372    9426.5667     429.0175     416.9642    1687.0312     644.4235     291.7252     206.8652     212.1946     283.1187     336.2266     412.8265    3713.4933     792.6802
     373    7858.3640     376.3093     316.7365    1267.0647     365.3864     297.7238     320.5971     357.6639     322.8605     340.6828     288.6638    2830.2496     774.4257
     374    7400.6994     579.6870     408.6579    1202.4162     347.8549     287.3021     260.6993     296.7453     385.5036     336.6097     354.7260    2435.2200     505.2775
     375    7678.1286     632.8407     354.6002    1055.0602     310.9935     276.6345     243.1693     234.8554     232.9269     311.8294     286.1371    2786.6270     952.4544
     376    9028.2149     701.7711     442.8512    1613.0065     338.4797     285.8092     380.1213     559.4248     472.7209     368.4808     326.8006    2638.4240     900.3248
     377    8205.4624     593.6238     528.6702    1702.1464     382.9672     199.9196     175.7873     178.9773     207.0569     293.9101     334.9563    2692.6843     914.7631
     378    9253.4039     706.5858     675.8222    1172.4812     285.0840     201.4176     194.8946     194.9808     194.0399     227.0190     378.8638    4072.7918     949.4231
     379    8476.6832     407.1489     457.9406    1798.5290     502.8812     414.8499     392.9474     303.8416     391.0308     409.4500     330.3612    2116.0704     951.6323
     380    8256.1118     321.7123     268.4963    1496.0111     569.4435     289.9610     255.1789     295.4572     461.2299     398.6964     357.9028    2900.7007     641.3217
     381   10109.5854     491.2267     527.8750    2401.4869     512.4055     323.8026     356.4262     463.7372     455.4162     356.3005     375.6010    3101.5621     743.7454
     382    8746.2991     379.6731     532.7933    1353.1395     459.2690     382.2530     405.4328     305.5034     344.8278     452.0858     350.0646    2682.5255    1098.7314
     383    6955.6494     413.3805     388.5229    1319.7095     270.2569     224.1233     224.9897     221.1073     275.6256     302.6258     295.7711    2444.3983     575.1387
     384    7797.6241     313.3974     243.0349    1422.8072     687.4955     508.0983     282.2115     212.0999     274.1342     599.8164     496.3880    1948.6848     809.4559
     385    9044.0319     462.6818     366.1882    1430.1392     526.3234     565.6054     467.3255     380.7439     342.2105     355.6680     537.0473    2828.2940     781.8046
     386   10706.1045     524.4218     449.5711    2296.7214     514.8242     271.9196     256.1147     333.9791     275.0964     432.2543     527.1432    3903.7860     920.2727
     387    8153.0492     451.5707     374.7521    1592.3552     499.0627     402.4094     247.1725     216.3581     280.0776     520.2844     691.5840    2237.0590     640.3636
     388   11374.9248     661.9094     458.9149    1485.9762     502.3087     531.8561     496.4920     573.5727     783.0008     872.6417     533.7557    3483.4060     991.0907
     389    8244.6480     541.6561     513.3675    1428.2115     306.1215     239.9552     250.4492     354.7195     286.0164     238.4671     265.8215    2735.3829    1084.4797
     390    9006.0249     481.5363     451.4516    1355.8822     397.0096     241.5361     248.7674     310.6228     381.9070     569.5707     774.9175    2954.0165     838.8072
     391    9242.0245     571.7062     378.7509    1172.5227     384.5031     394.2379     368.6575     406.8656     297.7779     427.8985     416.9712    3502.8378     919.2951
     392   10244.1573     653.8116     677.8823    1773.2507     537.1570     357.8557     485.9413     609.6132     502.0514     479.4033     445.6780    2622.7416    1098.7714
     393    9847.6783     682.5686     472.9192    1490.0322     527.6414     445.9586     288.7391     277.6245     342.6622     353.0081     601.7580    3556.4798     808.2867
     394    9895.6140     459.3299     567.2665    1645.9845     596.4972     402.4691     469.5159     384.8282     221.8194     192.8528     275.7996    3320.1624    1359.0886
     395    9171.9263     341.5843     246.7635    1280.8684     485.9290     540.4794     428.5316     424.2943     557.3441     638.1987     561.0964    2767.6765     899.1598
     396   10225.2586     443.8694     456.6271    1562.4159     522.2256     384.5780     459.4750     344.1203     400.7967     475.7575     411.4884    3627.5456    1136.3591
     397    6722.1598     402.9854     323.6891    1239.3042     273.3109     215.8650     211.1125     229.4030     224.1007     238.5496     287.5628    2389.7644     686.5121
     398    9426.4156     966.5510     577.5931    1808.6554     415.5547     276.6342     246.2066     285.5238     302.0904     307.9353     461.4341    2788.0001     990.2369
     399    9590.7744     516.9063     387.6823    1563.3598     480.6723     473.0181     456.3073     441.0008     399.2730     343.0887     377.3635    3445.5583     706.5439
     400    9374.6774     503.7152     509.4649    1635.8948     553.2112     395.0707     233.4850     192.1453     191.9770     227.3944     397.5304    3520.1694    1014.6192
     401    9056.2513     448.5388     503.3758    1516.6182     301.2237     228.7180     234.0217     295.2994     333.2153     371.2564     382.3748    3327.0786    1114.5305
     402    9705.7437     473.5046     417.5352    1653.9773     487.3055     267.3175     229.0563     308.6626     419.3460     362.5862     292.7329    3892.5150     901.2046
     403    8502.3223     577.4833     492.0140    1664.8079     458.2535     249.2456     196.5409     200.6336     342.5282     607.4210     563.2189    2680.7293     469.4461
     404    9035.3868     438.1582     410.3501    1258.5896     475.7626     453.3999     414.9888     538.5666     456.9455     278.1316     274.5095    3111.4201     924.5643
     405    7691.9517     559.8427     383.6406    1049.4688     428.9053     471.6850     391.7747     364.4558     267.6575     232.3132     236.3259    2362.6376     943.2446
     406    9741.3778     334.4890     361.2985    1532.6362     786.5904     501.6806     295.0449     457.7987     500.2173     418.9640     507.1677    3065.2930     980.1976
     407    9506.1328     605.4519     480.4819    1395.7525     461.4860     387.7353     386.0365     359.4596     292.2695     343.4515     640.9430    3357.1785     795.8866
     408    8787.2927     676.6590     410.6167    1201.0655     395.6855     506.5781     482.0336     354.4001     276.4116     238.1273     341.6206    3149.9151     754.1797
     409   10015.7560     572.8509     470.6914    1714.6002     521.7418     463.2028     307.1290     293.3562     271.8352     237.1978     333.9647    3861.7840     967.4020
     410    6938.4087     465.2074     287.8477    1035.3729     381.8459     319.1088     256.1795     181.5679     185.5425     179.0623     225.2520    2624.1287     797.2931
     411    8556.3073     315.7822     240.2577    1531.8103     471.1656     303.2575     335.0324     357.8741     298.6496     289.2906     356.8803    3031.7167    1024.5904
     412   10789.0075     572.2408     479.0201    1635.0323     483.5934     422.6796     673.6762     972.1190     678.4488     345.4982     371.5980    3331.2953     823.8059
     413    8603.5772     670.0901     428.2754    1903.7413     376.0569     287.4508     394.8609     478.6251     558.6109     376.7038     332.4041    2220.1008     576.6571
     414    9178.8204     479.8968     506.0462    1632.4157     421.8157     367.1090     271.4248     243.6943     293.3793     541.5010     727.7925    3043.2949     650.4502
     415    7769.3639     591.3302     572.4133    1252.9833     267.0004     257.0390     287.0938     274.6158     235.7726     255.9640     366.4007    2666.4780     742.2731
     416    9373.5915     477.8282     363.1559    1521.7179     546.3223     355.9038     301.2387     315.6214     275.6922     269.3422     463.4841    3660.2742     823.0106
     417    8726.2148     307.4284     296.4990    1681.3720     577.0616     430.5982     397.8135     334.6862     346.3264     287.3635     395.9640    2912.2057     758.8964
     418   10766.1967     754.9289     524.0458    1686.1299     531.4327     408.6543     241.2616     196.0610     215.5282     320.1880     356.9129    4738.4305     792.6229
     419    7299.0286     312.4182     304.1672    1021.6118     453.5231     387.3659     331.6591     237.0270     224.6824     241.6174     368.5254    2567.6547     848.7764
     420    8280.1412     437.8335     435.7412    1850.3531     537.3836     355.0541     316.9197     430.7024     424.9414     437.2480     319.8613    2000.6410     733.4620
     421    8059.0786     698.6869     596.7323    1719.7734     479.2416     389.8330     374.2173     260.9613     201.6602     241.2158     296.9644    2267.2342     532.5583
     422   11344.9084     658.8546     416.1040    2027.0607     495.9897     493.5931     684.3265     492.7126     553.0349     462.4600     437.5952    3342.0691    1281.1080
     423    6526.1081     318.4664     232.1513     769.0324     251.1074     285.0492     317.9943     267.0052     212.2810     207.0383     274.0128    2606.7134     785.2564
     424    7351.6992     391.2262     364.0984    1755.1139     447.6750     334.0558     360.3182     386.2276     271.0426     243.6445     305.6721    1920.7788     571.8463
     425    9247.5897     439.4288     652.3219    1802.0234     382.7442     333.1562     383.4874     399.5672     413.2831     384.6546     531.6683    2840.7571     684.4976
     426    7646.0110     380.5380     370.9057    1224.0690     557.1867     470.4425     376.8518     203.8127     252.9998     329.9524     293.7219    2343.1410     842.3894
     427   11134.0906     389.7745     518.6873    1778.7485     534.4773     375.7369     327.7259     372.2071     389.3475     584.3900     516.8493    4025.2201    1320.9262
     428    8807.8193     496.5883     491.7849    1327.5703     432.4521     335.0859     487.2510     638.4569     363.2479     317.4240     294.7620    2617.0318    1006.1643
     429    8236.2124     318.7258     242.9621    1411.4865     504.8042     361.2199     480.3191     403.3636     221.1012     251.4439     363.3791    2788.1137     889.2935
     430    8429.5805     382.9389     488.5173    1921.4506     511.8904     289.3386     184.6844     160.4124     165.0749     178.5873     259.6807    2753.8400    1133.1652
     431    8077.9031     316.5510     231.8083    1121.0797     470.5498     433.0269     340.1271     415.1649     287.9198     280.7617     362.8944    3174.1140     643.9056
     432   10285.6666     632.7795     494.1341    1654.3335     584.3617     390.2314     386.1314     324.1083     289.1348     387.9967     493.8546    3602.9817    1045.6189
     433    8441.8115     556.6325     417.7360    1120.6830     428.9942     323.3863     315.6814     322.5542     245.9284     246.0044     378.8829    3264.6035     820.7248
     434    8875.0427     805.8196     363.8388    1531.6034     402.3778     333.0395     316.4351     190.2684     189.5720     246.2957     306.8772    3479.6373     709.2780
     435    6992.0043     381.6578     333.5920    1251.1529     313.1751     268.2307     273.5715     216.3254     184.2625     196.2878     227.4065    2628.1081     718.2341
     436   10007.6376     765.6071     741.2607    1418.2029     356.6540     263.5320     278.6159     281.2223     276.3236     353.0896     351.6558    3919.9832    1001.4904
     437    7104.1067     392.2398     360.1872    1153.1482     404.9977     298.4455     235.0695     223.2383     233.6645     240.4867     315.5390    2547.9038     699.1866
     438    6547.9142     330.7728     274.9104    1441.8375     412.7602     225.1064     169.1040     174.4885     179.7673     203.2435     217.6124    2144.6081     773.7032
     439    9918.1950     626.1781     473.3978    1568.7526     626.3039     384.9831     339.2475     270.3642     303.6100     421.0821     649.6890    3436.0901     818.4966
     440    8639.6342     528.1595     505.5075    1333.2002     368.5767     317.8367     312.6443     275.2351     312.2739     289.8866     299.2032    3103.3702     993.7404
     441   10278.1489     538.3791     418.0074    1443.6867     673.9219     517.1293     533.4949     540.8928     543.2277     358.8300     361.2751    3190.8682    1158.4356
     442    9722.3539     573.3681     677.8022    1905.4432     339.8256     250.7622     308.7898     379.7990     278.1649     370.4956     576.9075    3344.1865     716.8093
     443    8458.6629     409.6946     361.6713    1836.8879     470.2188     335.3012     351.5946     256.6131     199.2957     192.5316     264.4542    2733.4327    1046.9672
     444   10802.3231     370.6667     339.8586    1275.8898     561.0530     476.9546     555.5506     736.7323     795.8117     718.1223     447.2356    3421.3505    1103.0975
     445    9166.0902     724.9724     499.5522    1622.5374     453.5756     390.1363     311.6742     235.0003     261.4516     325.7413     460.1757    2914.7576     966.5156
     446   10353.2185     413.1707     589.6222    2165.6799     290.5629     222.3466     275.2066     444.9157     479.0714     317.5793     365.5155    3733.2880    1056.2597
     447    7891.0432     701.3979     389.9276    1404.8692     422.1906     298.8869     232.8881     240.7347     273.2499     422.3588     388.9101    2513.5104     602.1189
     448   11153.2301     597.5455     456.4774    1942.9661     568.7552     464.4782     492.6911     463.5952     447.2703     465.0982     379.6048    3471.6425    1403.1057
     449    8579.4868     331.9763     297.7417    1461.2200     489.1359     343.1869     359.7033     406.3847     352.5804     403.7423     312.9193    2877.7707     943.1253
     450    8505.8090     422.0231     367.2639    1320.4985     458.5392     257.9689     245.1513     450.3382     575.2448     560.2746     544.8807    2558.4632     745.1626
     451    6724.2989     423.6363     332.0935     970.6318     501.7551     369.8122     232.9611     230.6674     267.0544     303.6285     339.0476    2246.4235     506.5875
     452    7830.0276     442.3847     433.0924    1311.4875     546.1681     411.8852     187.4397     174.0209     171.9654     179.6917     281.7656    2624.5560    1065.5704
     453    9545.1201     494.0284     340.1269    1329.9620     446.6880     351.9367     436.5639     553.5824     458.1666     451.3493     338.8917    3736.2303     607.5939
     454    7399.4366     367.8020     280.9262    1322.8701     342.2790     207.4483     215.6715     292.2378     392.2652     359.9767     449.9822    2534.3336     633.6442
     455    8319.6536     567.8798     372.0286    1211.8458     469.9871     496.9403     328.8199     250.4920     321.7879     388.2264     570.4476    2720.6484     620.5497
     456    8081.4537     318.2812     283.2820    1298.6283     384.4831     301.8181     224.4526     236.2446     341.2104     315.1415     302.6815    3309.2677     765.9628
     457    8537.4451     535.4755     341.5443    1379.1028     474.2781     367.1428     267.2569     251.2277     317.9429     467.0762     616.5563    2758.6908     761.1507
     458    9348.3911     694.0603     547.8294    1481.9191     648.3023     299.5001     206.8416     192.8761     195.9134     272.1774     369.7135    3302.9956    1136.2622
     459   10436.2997     628.5741     426.3304    1518.4357    1004.5591     725.0629     373.3274     243.2068     227.6523     301.9801     444.4278    3502.1888    1040.5542
     460    6889.4278     450.4853     417.6399    1335.8019     352.1328     233.4976     235.7051     218.0595     205.1393     211.6493     300.3790    2025.0632     903.8750
     461    8523.3666     469.1569     360.5208    1634.2749     516.4723     392.3196     379.0699     503.9011     743.8171     446.0646     323.7988    2017.1603     736.8105
     462    8112.1158     473.9142     529.7388    1483.3986     451.9529     303.4212     220.1668     196.4591     196.8606     224.5179     316.9401    3043.3249     671.4208
     463    8161.1572     818.2031     524.1841    1464.5039     374.1587     337.0789     323.8027     285.3157     205.3693     215.1047     262.1713    2594.7703     756.4946
     464    8107.1331     376.3553     311.7169    1123.2388     420.1292     472.2366     334.8398     349.3461     466.6257     509.7573     551.5100    2422.3673     769.0101
     465    6765.6864     499.7190     352.3723    1065.3196     363.9453     232.4482     251.8903     196.0255     188.9815     205.2859     262.9845    2514.8408     631.8735
     466    7522.2178     500.3579     373.4921    1064.9738     335.9679     263.4881     271.4034     226.4201     224.3970     325.0800     448.6736    2780.4884     707.4755
     467    8196.2780     607.7725     549.0249    1072.3567     365.9166     371.2322     292.9235     426.1882     348.6497     396.5835     336.3262    2917.4471     511.8569
     468    8165.0790     607.1115     414.8792    1265.4964     312.3449     230.5854     235.0668     194.0121     218.6488     411.7492     536.4469    2946.5397     792.1981
     469    7957.3465     488.8545     393.5977    1058.5423     406.9503     272.2231     222.8760     252.1402     392.7136     314.6782     333.6001    2957.0983     864.0723
     470    8483.4245     326.1845     317.5212     925.5306     471.2413     472.9620     422.4625     467.6363     271.1211     300.2908     307.7880    3046.6344    1154.0518
     471    7520.6561     691.7288     441.1166     912.9728     305.6245     353.1133     270.4022     191.1118     190.1914     209.1502     245.3455    2740.4086     969.4904
     472    9560.9269     503.3395     532.0711    1933.3834     487.2072     355.8032     280.1469     250.9230     279.9244     274.1247     364.6731    3243.3162    1056.0144
     473    6690.4532     344.4442     366.5540    1048.5454     317.4331     262.0974     268.4885     320.9234     398.0642     324.5292     244.7074    2159.9505     634.7158
     474   10295.3156     511.5415     530.9444    1851.7255     366.5552     260.0522     346.1290     302.4485     261.0809     307.2428     459.2901    4101.5290     996.7766
     475   10229.6009     395.5753     512.4801    1895.5455     590.3186     388.6097     378.1841     368.4745     436.3320     316.4906     425.4740    3981.8493     540.2673
     476    7406.9122     325.8535     272.0371     960.6616     503.3819     416.2306     353.2950     209.4995     192.2007     236.7128     307.5682    2644.2126     985.2587
     477    7832.0089     470.8157     313.7961    1299.5413     278.4165     190.1426     178.7960     189.0811     224.5258     324.8759     366.0474    3215.3725     780.5980
     478   11085.5463     564.3353     718.4012    1775.3976     581.7204     382.4659     250.5078     344.8250     365.9600     382.6580     329.4939    4649.4746     740.3067
     479   10556.7074     543.3945     484.8967    1670.8369     683.5477     492.0059     511.4398     469.6852     430.9963     310.8024     356.1928    3570.4659    1032.4434
     480    8829.9594     309.7231     309.1262    1794.2336     674.5015     479.1617     395.6734     238.7570     197.9881     199.1716     288.0057    2954.6712     988.9464
     481    8344.5030     419.6222     401.6433    1556.3076     712.6001     436.7405     426.0590     539.6164     319.4942     231.9335     260.8890    2142.7812     896.8161
     482    9321.6668     726.0601     851.4545    1272.2138     343.0880     255.5993     247.8756     285.0304     453.6019     568.5970     419.8221    3075.8662     822.4578
     483    8357.1255     551.0806     478.3911    1380.6503     329.7003     231.5755     192.4553     193.4833     219.0801     362.4149     536.4292    3195.5792     686.2858
     484    9127.6451     454.3066     415.2214    1569.0090     647.7586     550.1234     373.6383     439.5376     426.4671     425.5873     396.7817    2491.4223     937.7918
     485    8003.4913     349.3802     263.2791    1368.9727     422.3800     388.9637     354.5121     393.8878     470.1505     469.8633     542.2912    2440.2449     539.5657
     486   11253.7322     764.6349     638.8004    1148.7617     630.3671     587.5857     521.0535     420.9294     443.7329     495.0717     767.6200    3805.0259    1030.1489
     487    8104.2755     397.3362     283.4805    1418.7735     446.7727     318.2760     321.5566     396.0043     482.7610     405.5728     432.6258    2522.1007     679.0154
     488    7389.9820     379.5541     415.4984    1240.3622     403.7062     312.5342     348.7782     440.2470     354.9067     404.1723     495.4369    2049.6253     545.1603
     489    9481.9948     602.3278     496.0347    1736.9294     398.1437     279.9035     313.2709     351.8946     461.7096     556.4038     405.9732    2837.3139    1042.0897
     490    8681.4197     523.0242     348.0444    1253.6806     547.6894     492.6786     515.1138     444.0597     262.9442     256.7461     324.2665    2938.4264     774.7455
     491    8558.5191     495.3415     640.7782    1226.0249     342.2200     275.0668     288.1146     299.0445     312.1978     381.8818     345.9711    3259.3682     692.5097
     492    5589.7869     347.8506     269.1452     967.1089     252.7835     178.7901     160.4103     161.2478     185.9221     235.9009     312.3027    2018.4975     499.8273
     493    8801.6938     442.5334     472.9179    1700.7972     639.0298     363.8146     343.7501     254.9968     248.9928     318.2569     396.5060    2777.0052     843.0930
     494    8616.9362     501.3577     441.7339    1506.7402     650.2208     669.6863     352.3431     329.5904     294.5458     304.4011     281.3338    2800.1901     484.7929
     495    7021.0399     342.8381     313.4929    1320.8193     340.9016     264.0274     224.5585     251.7394     226.6302     252.5318     300.9380    2643.7124     538.8503
     496    8279.3183     536.2976     375.5307    1183.3727     371.0784     267.6902     239.5109     246.7731     242.2670     471.5748     440.7134    2953.2960     951.2135
     497    8983.3502     476.6380     480.5285    1334.8563     482.8034     275.8374     225.5018     238.7211     235.8429     333.6138     450.4211    3467.8006     980.7851
     498    7910.2150     499.4706     331.1932    1107.1844     303.6567     241.5448     272.2103     327.2193     314.1647     433.9404     508.9137    2712.0308     858.6860
     499    8198.3715     591.7886     495.7135    1444.2058     471.4774     345.7601     248.9363     285.8129     433.2287     575.8100     408.8024    2276.2714     620.5644
     500    8944.2282     342.0247     353.7637    1373.2305     472.2407     403.2258     338.3668     272.1426     385.1100     374.5826     386.2313    3725.4387     517.8708
