#Frame       dist_I_P
       1       8.4509
       2       8.9829
       3      15.3033
       4      10.2328
       5      11.2509
       6       6.2697
       7      11.9679
       8       9.0872
       9      16.3099
      10      11.8261
      11       9.1626
      12       8.9461
      13      12.5993
      14       8.6920
      15      14.3992
      16      14.4908
      17       5.0055
      18      14.3577
      19       6.4759
      20      16.4781
      21      13.5771
      22      15.7009
      23      14.2998
      24       9.3815
      25      17.4851
      26      18.2872
      27      10.3115
      28      19.7721
      29      15.8182
      30      14.9551
      31      11.8804
      32       7.6734
      33       8.0138
      34       8.9439
      35       8.9081
      36      14.9106
      37       5.3928
      38       9.5838
      39      11.6653
      40      12.1464
      41      13.5493
      42       5.3398
      43      16.7172
      44      11.5765
      45      16.9529
      46      10.2599
      47       6.6203
      48      12.0164
      49       5.2073
      50      15.3552
      51      18.1896
      52      12.5030
      53      15.2655
      54       4.5235
      55       8.1182
      56      14.3182
      57      13.7018
      58      12.6242
      59      11.9084
      60      17.9252
      61      10.6105
      62      18.1108
      63       7.9217
      64       6.3671
      65       7.7151
      66      19.7250
      67       9.8059
      68      10.8519
      69      14.2039
      70      11.4792
      71       7.1976
      72      14.1575
      73      13.7237
      74      12.6208
      75      18.8554
      76       8.1644
      77       7.7608
      78       5.4276
      79       6.6824
      80      22.7422
      81       5.0711
      82      12.8842
      83       7.6486
      84       5.0267
      85      10.8304
      86       9.9511
      87       8.5058
      88      20.1139
      89       8.6378
      90       8.8088
      91       7.1741
      92      15.1688
      93      16.8467
      94      11.8243
      95       5.2464
      96      10.4234
      97       8.5841
      98       3.7031
      99       8.2941
     100      18.2914
     101       9.0724
     102      13.8667
     103      11.4097
     104      10.9759
     105      11.3693
     106      12.4743
     107      13.3135
     108      12.1641
     109      14.4907
     110      13.7334
     111      11.5389
     112      16.0077
     113       9.5103
     114       5.8619
     115      11.1885
     116      11.9920
     117      14.8634
     118       7.0002
     119       9.1731
     120       4.3006
     121      16.2111
     122      19.8832
     123       6.4596
     124      12.2872
     125       4.4945
     126      10.5343
     127       7.2214
     128       4.9890
     129       6.9345
     130      13.3643
     131      14.2074
     132      12.7593
     133      11.9071
     134       7.6381
     135      10.8382
     136       7.6663
     137      13.4956
     138      15.2753
     139      18.3977
     140      18.8547
     141      13.9445
     142      13.3551
     143      14.4214
     144       3.4368
     145      16.5847
     146       5.3617
     147      13.7166
     148      10.8838
     149      11.1824
     150       9.0570
     151       7.6927
     152       7.9920
     153      10.1712
     154       9.7891
     155       6.4250
     156       4.7452
     157       4.0988
     158       7.4126
     159       8.5276
     160      15.4358
     161       5.6123
     162      11.1790
     163      12.3541
     164      15.6600
     165       7.7242
     166       9.3060
     167      12.0240
     168       9.0696
     169      11.0445
     170       7.7237
     171       7.9260
     172      11.9357
     173       9.6820
     174       8.2770
     175      10.9778
     176      11.1300
     177      11.3613
     178       9.8477
     179      17.4249
     180      10.1678
     181      15.1346
     182       6.6230
     183      13.8203
     184       5.7356
     185      13.8005
     186      12.7420
     187       7.6134
     188      15.9128
     189       4.3553
     190      11.9518
     191      13.7374
     192       6.6472
     193      13.1709
     194       7.3938
     195      10.3920
     196      11.5474
     197       8.2454
     198      17.2994
     199      11.6270
     200      10.0580
     201      11.1013
     202       5.7088
     203      13.2554
     204      12.8674
     205       9.4332
     206       8.7946
     207      11.8776
     208       7.1088
     209       4.4508
     210      11.1934
     211       8.4493
     212      11.2170
     213       8.7551
     214       3.1201
     215       6.2271
     216      13.7705
     217       5.6932
     218      17.9215
     219      20.1675
     220      13.2738
     221      16.5068
     222      12.5224
     223      11.7891
     224      14.7236
     225       7.6688
     226      19.8794
     227      12.9397
     228       6.4669
     229       4.2884
     230       3.8850
     231      15.8842
     232       8.9642
     233       5.8644
     234       7.7802
     235      17.3579
     236      10.2482
     237       9.5057
     238       7.2052
     239       9.6303
     240      11.7992
     241      10.9082
     242      11.5730
     243      10.8468
     244       6.8077
     245      16.4935
     246      19.1848
     247       8.2854
     248      14.5190
     249       9.8864
     250       5.8005
     251       6.1098
     252      14.4820
     253       6.2336
     254      10.2183
     255       5.9033
     256      12.4140
     257       5.1936
     258       7.8336
     259      13.4644
     260       8.6829
     261       8.4078
     262       7.3838
     263      17.9248
     264      13.9074
     265       9.1319
     266      10.2067
     267      12.8444
     268       6.5495
     269       9.1721
     270       5.3708
     271       9.8194
     272      16.1642
     273       7.7065
     274      16.8181
     275       8.4586
     276      12.5129
     277      13.7473
     278       3.9195
     279       6.0018
     280      11.0532
     281      14.6069
     282       9.0949
     283      11.6884
     284      12.9573
     285      13.1125
     286      13.1769
     287      12.6698
     288      11.4674
     289       3.1101
     290      19.2766
     291       9.2684
     292       9.8324
     293      12.0055
     294       6.0092
     295       8.9479
     296       8.1899
     297      12.8394
     298      12.0702
     299       8.0665
     300      15.3186
     301       7.0004
     302       6.9254
     303       9.4965
     304       3.6243
     305       5.5458
     306      10.2242
     307      15.1698
     308      18.0528
     309      11.2050
     310      13.8565
     311       8.5246
     312       9.9256
     313       6.1944
     314       6.8557
     315       7.8695
     316      10.7379
     317      10.0660
     318       7.4037
     319      11.9727
     320      11.3444
     321      11.4412
     322       7.0068
     323       9.2530
     324       8.5408
     325       9.6146
     326      12.1388
     327      13.2662
     328      15.3284
     329      12.9097
     330       9.2525
     331       7.1599
     332      11.6606
     333      10.0660
     334       6.3899
     335      10.8853
     336       6.4313
     337      16.9975
     338      13.9213
     339       4.9276
     340      13.8656
     341      15.3433
     342      15.7816
     343       9.5133
     344       5.4893
     345      20.3375
     346      13.8336
     347       6.5772
     348       8.8430
     349       7.3310
     350      10.9162
     351      10.2768
     352      11.6534
     353      17.9950
     354       9.7964
     355      13.7178
     356       9.8902
     357      15.4520
     358      10.1527
     359       9.8393
     360      11.1332
     361      12.0622
     362      13.8922
     363       6.1184
     364      18.4785
     365      11.5493
     366      12.3234
     367      13.6819
     368      15.2769
     369      14.8645
     370      14.2294
     371      11.3428
     372       9.7072
     373      14.5396
     374      11.0961
     375       7.4406
     376      11.8147
     377      14.7474
     378       9.7883
     379       7.7641
     380      13.0893
     381      16.1778
     382       8.9623
     383      14.4394
     384      13.7995
     385      12.4559
     386      11.7301
     387      15.4331
     388       6.0582
     389      10.4219
     390       8.5548
     391      15.8574
     392      10.5978
     393      10.0281
     394      11.8996
     395      13.7565
     396      12.4068
     397      15.3082
     398      13.1565
     399       9.1277
     400      10.1421
     401      17.3351
     402       9.1310
     403       8.5693
     404      11.6430
     405      10.3334
     406      10.1488
     407       9.1590
     408       4.3677
     409       6.0741
     410      12.9531
     411       7.4353
     412      11.3913
     413       9.6377
     414      11.2661
     415      10.3672
     416      10.5419
     417       8.9186
     418       5.9382
     419       5.3788
     420       9.6334
     421      20.3623
     422      17.0478
     423      11.8449
     424      15.8685
     425       7.7507
     426       8.2972
     427       6.0789
     428      12.4376
     429      10.7826
     430       8.2834
     431      14.9762
     432      11.5896
     433      15.5826
     434      15.0839
     435       8.3265
     436      15.4733
     437       8.5023
     438       8.0112
     439       8.0455
     440      12.5866
     441       9.2326
     442       8.1444
     443      20.1795
     444      11.3687
     445      11.8420
     446      10.4985
     447       8.0863
     448      12.6200
     449       9.7419
     450      13.0068
     451      18.4745
     452       7.1540
     453       6.9145
     454      13.0097
     455       9.5338
     456       7.4951
     457      10.2288
     458       7.0162
     459      14.3792
     460      16.7573
     461       9.4234
     462      11.0449
     463       6.3868
     464      10.9740
     465      13.8326
     466      14.3974
     467      11.3066
     468      15.9171
     469       9.7417
     470      14.9762
     471       9.2779
     472      11.0079
     473      11.2957
     474       5.5839
     475      11.9304
     476       6.8896
     477      15.4877
     478       3.4223
     479       7.1141
     480      11.0683
     481      15.8184
     482      14.3948
     483       5.9240
     484      13.2362
     485      16.2052
     486      12.1661
     487      10.2683
     488      10.6297
     489      11.8087
     490       8.0470
     491      10.2618
     492      11.7996
     493       8.6884
     494      14.8381
     495       6.1220
     496       7.7248
     497      12.5389
     498      15.7349
     499       7.9273
     500      12.9843
