#Frame       dist_T_P
       1       7.2938
       2       8.6760
       3       7.4272
       4       9.1661
       5       7.6668
       6       7.6662
       7      10.4497
       8       7.4299
       9       6.7918
      10      10.3045
      11      14.2540
      12       7.5581
      13       7.8554
      14       7.7503
      15       7.7741
      16       7.4377
      17       9.4573
      18      10.3270
      19       8.9681
      20       6.4195
      21       6.3039
      22      11.5155
      23      12.6629
      24      11.2168
      25       7.5133
      26      13.7832
      27       8.2011
      28      11.7617
      29       6.3805
      30      13.1296
      31       9.2916
      32       6.8680
      33      13.6018
      34       9.9961
      35      13.7192
      36       8.6322
      37       6.3667
      38      13.7555
      39      12.2458
      40      10.0859
      41       5.9844
      42       7.4852
      43      14.0020
      44       7.8636
      45       8.8862
      46       9.3781
      47       6.6672
      48       7.3374
      49       9.9418
      50       9.7215
      51       6.7707
      52      12.3356
      53       7.7052
      54       5.6758
      55       7.8651
      56      12.1736
      57      13.2377
      58      13.7282
      59       9.6725
      60      10.4353
      61       5.6080
      62       8.0549
      63       9.3706
      64       7.3927
      65       8.4982
      66       8.2712
      67      12.1829
      68      12.8154
      69      12.3900
      70       7.4795
      71      12.2637
      72       8.1951
      73      12.0653
      74       7.3381
      75       7.1907
      76      12.1383
      77      10.8069
      78      12.5791
      79      11.6037
      80       7.5713
      81      12.3765
      82       6.9341
      83      12.1316
      84       8.6669
      85       8.1760
      86      14.0276
      87      13.2884
      88      13.5282
      89       9.9548
      90       7.8657
      91       6.3679
      92       9.1668
      93      13.3076
      94      12.8911
      95      11.9185
      96       8.8679
      97      12.3554
      98       8.7707
      99       7.0457
     100       7.6479
     101       8.1436
     102       7.3447
     103      11.1839
     104       8.4803
     105       9.2533
     106      13.5350
     107       8.0707
     108       7.1781
     109       7.5030
     110      10.8180
     111       8.3146
     112       7.0906
     113      12.2593
     114      13.4986
     115      13.4245
     116       8.1227
     117      10.5017
     118      12.0602
     119       8.9158
     120      13.0108
     121       6.5566
     122       7.7584
     123      10.5370
     124       7.3058
     125       6.5120
     126      10.1880
     127      13.5678
     128      13.7494
     129      11.9480
     130      13.7669
     131       8.0473
     132       8.1777
     133       8.2252
     134      13.3232
     135       6.9138
     136       8.5008
     137      11.5966
     138      10.6167
     139      12.7120
     140      11.1184
     141       8.5960
     142       8.4914
     143      13.1595
     144      10.6867
     145      10.5572
     146      13.9511
     147      11.3953
     148       8.0692
     149       7.2494
     150      11.8815
     151       8.5650
     152       9.9362
     153       7.4227
     154       8.7844
     155       7.2966
     156       8.1297
     157      10.8859
     158       6.1921
     159       7.9728
     160       7.7001
     161       9.0320
     162       8.7558
     163       7.8033
     164       9.0134
     165      13.5725
     166      12.5871
     167       9.7985
     168       9.7679
     169       7.5862
     170      13.9046
     171      10.1805
     172      12.7293
     173      10.8193
     174      14.3246
     175       7.7034
     176       7.9058
     177       7.8616
     178      12.5850
     179      12.7239
     180      12.9358
     181      12.5558
     182      13.3910
     183       7.8511
     184      13.2879
     185       7.3168
     186       7.0340
     187       6.2184
     188      12.7367
     189       7.8331
     190       7.7596
     191       7.3373
     192       7.9355
     193       5.6679
     194       7.9387
     195      13.7573
     196       8.1266
     197       8.5757
     198      11.7634
     199      11.8404
     200       8.0554
     201       7.8298
     202      10.5560
     203       9.0639
     204       8.2169
     205       8.5702
     206       6.9668
     207      13.0222
     208       9.5632
     209      13.3927
     210       8.6354
     211      10.8592
     212       9.6715
     213       7.2169
     214       8.1387
     215       7.7948
     216       7.1188
     217       6.2756
     218       7.5666
     219      11.4213
     220       7.8625
     221       7.9322
     222      13.2041
     223       6.6910
     224      11.9556
     225       8.6045
     226       9.9995
     227       8.3859
     228       7.9624
     229      11.6984
     230      13.5832
     231      13.6687
     232       7.5069
     233       9.0614
     234      11.1840
     235       7.4266
     236       7.7317
     237       7.7673
     238       7.7347
     239       8.4493
     240      10.5857
     241      11.5488
     242       9.1973
     243       8.0400
     244      11.4833
     245      12.4842
     246      10.0218
     247      10.4989
     248      10.4380
     249       9.4057
     250      11.3249
     251      12.0252
     252       9.6484
     253       7.5307
     254      10.2798
     255      12.0050
     256      11.0267
     257       7.4945
     258      13.7973
     259      11.5481
     260       9.9602
     261       7.2170
     262      11.5592
     263      10.8912
     264       8.9219
     265       8.2469
     266      12.7440
     267       7.7938
     268       8.2711
     269      12.9989
     270       8.0991
     271       7.6769
     272       9.1714
     273       7.1232
     274      11.6066
     275       7.3856
     276      11.5551
     277      12.5476
     278       7.9841
     279      10.7911
     280       8.0237
     281       7.3682
     282      11.3517
     283      11.0283
     284       7.2465
     285       8.1430
     286       7.0992
     287       7.9463
     288       8.0042
     289      12.5148
     290       9.0244
     291      13.6010
     292      11.4199
     293      11.7191
     294       8.0614
     295       7.4546
     296      13.2424
     297      11.3759
     298      11.1739
     299      10.6505
     300      10.1652
     301       8.1647
     302       7.3656
     303      11.7019
     304       8.2874
     305      10.7534
     306       7.8722
     307       9.9124
     308      11.9123
     309      10.8385
     310      10.9028
     311      11.4121
     312       7.3063
     313       8.6133
     314       7.4474
     315      14.0096
     316       7.4777
     317       5.8638
     318       6.8069
     319      13.0664
     320      13.4134
     321       8.3822
     322       7.8943
     323       7.8610
     324       9.9342
     325       7.7728
     326      12.8057
     327      10.6713
     328      11.8057
     329      10.8065
     330      11.4872
     331      10.3272
     332      13.8967
     333       8.5430
     334       8.1820
     335      10.3468
     336       8.1151
     337       9.4945
     338       7.3461
     339      12.3323
     340       7.3027
     341       7.4016
     342       7.3887
     343      13.8261
     344      10.8317
     345      12.7793
     346       8.1076
     347      11.1479
     348      12.8520
     349      11.6768
     350       9.7509
     351       9.4088
     352       9.2867
     353       8.6847
     354       8.1037
     355      12.3957
     356       7.7506
     357       8.5267
     358      12.2561
     359       5.6567
     360      13.8752
     361      11.8250
     362      11.1050
     363      11.1190
     364       7.9944
     365       7.1097
     366       6.4983
     367       7.2061
     368      10.8391
     369      10.0074
     370       7.4245
     371       9.7953
     372      11.2230
     373       7.6365
     374      13.3824
     375       7.9463
     376       7.4723
     377       8.8380
     378       7.4633
     379      11.7377
     380      11.0357
     381      12.2395
     382       7.6963
     383      13.7303
     384      13.4543
     385      12.1926
     386       9.6223
     387      12.0887
     388       7.4282
     389       7.7354
     390       8.2516
     391       7.4756
     392      11.6529
     393       7.1382
     394       7.7567
     395      12.8063
     396       9.3127
     397      10.6899
     398      11.1931
     399      12.3350
     400       8.2666
     401       6.5827
     402       8.1020
     403      11.5767
     404       7.7079
     405       7.9251
     406      12.9444
     407       7.2829
     408       7.6529
     409       7.8502
     410       8.1476
     411       7.4670
     412       8.3431
     413      10.4586
     414       7.3015
     415       8.8647
     416       8.3705
     417      13.0833
     418       8.1015
     419       7.5767
     420      11.7745
     421      11.0101
     422       7.6346
     423       8.0867
     424      10.5354
     425      13.8324
     426       9.1933
     427      10.2619
     428      11.3792
     429       9.1856
     430       7.4229
     431      10.3120
     432      10.1545
     433       9.3043
     434       8.9663
     435       7.1400
     436       7.8351
     437       8.7123
     438       9.8603
     439       7.7974
     440       7.4181
     441       8.7803
     442      13.1040
     443       7.2074
     444       7.9383
     445       7.4869
     446       8.2383
     447       7.0566
     448       7.5592
     449       7.7654
     450       6.3851
     451      11.5269
     452       8.3547
     453       8.2905
     454      12.1852
     455      14.3497
     456       7.7158
     457       8.6433
     458       7.7633
     459       8.5873
     460       7.0864
     461       8.2968
     462       7.9810
     463      11.2314
     464      12.6937
     465       8.3648
     466       9.1791
     467       9.8890
     468       7.2333
     469       8.0373
     470       7.9363
     471       7.6909
     472       9.1444
     473       8.9369
     474       8.5564
     475      12.9269
     476       8.4286
     477       8.8671
     478       9.7229
     479       8.4387
     480      10.9887
     481      11.8294
     482      11.8044
     483      10.3101
     484      12.6101
     485       9.1274
     486      12.8893
     487       8.4943
     488       9.6492
     489      11.9774
     490      13.5838
     491      10.4547
     492       9.8107
     493       9.1869
     494      12.5605
     495       8.5588
     496       6.8049
     497       7.9836
     498       7.4016
     499      12.6590
     500      13.6624
