#Frame   dist_end-end
       1       4.6710
       2      16.5726
       3      10.1926
       4      14.6306
       5      13.0814
       6      11.6133
       7       5.1547
       8       5.8105
       9       4.9086
      10      11.9711
      11      10.9932
      12       8.6233
      13      12.6819
      14       5.3454
      15      14.6016
      16       7.7479
      17      14.5841
      18      11.7621
      19      13.9520
      20      11.0202
      21       5.3518
      22       7.8092
      23      10.5347
      24       3.8705
      25       8.0966
      26       9.4567
      27       7.3907
      28      11.7321
      29       9.3776
      30      12.2893
      31       8.6005
      32       9.3016
      33      10.9788
      34       8.1412
      35       8.1127
      36      11.9445
      37       8.4582
      38       8.9855
      39      11.4347
      40      20.1515
      41      11.3223
      42      10.4974
      43       7.7173
      44       9.6078
      45      18.9585
      46      10.0048
      47       7.5982
      48       4.7716
      49      17.9860
      50       8.4510
      51       6.1796
      52       8.4731
      53       4.9162
      54       7.0138
      55       5.7430
      56       6.9650
      57       9.3248
      58       9.7041
      59      13.5427
      60      11.0670
      61      13.8430
      62       8.3628
      63      14.6272
      64       7.2361
      65      11.2967
      66       5.3376
      67      17.2689
      68       9.5791
      69      11.1156
      70       9.5795
      71       9.5939
      72       5.0713
      73       8.0529
      74      13.6705
      75       3.8227
      76       5.7828
      77       9.6920
      78       7.1640
      79       8.4795
      80       7.1777
      81       8.6637
      82      19.2862
      83       7.8259
      84       9.3162
      85      11.4618
      86       7.2070
      87      17.1274
      88      12.0982
      89       9.5088
      90       6.7313
      91       6.2762
      92      12.8597
      93       8.2560
      94      14.8007
      95      17.0478
      96       8.2622
      97       8.8371
      98      11.3294
      99       6.3575
     100       6.3922
     101       8.4767
     102       5.6700
     103       7.0721
     104       5.7696
     105      14.9767
     106       3.3258
     107       5.0346
     108       7.9927
     109      16.3161
     110       8.6431
     111      11.6631
     112       6.3946
     113       9.0353
     114      12.6886
     115      14.7894
     116      17.7745
     117      11.1902
     118      12.4030
     119       6.8517
     120       8.1110
     121      13.9063
     122       9.5478
     123      11.0953
     124      12.6405
     125      12.9804
     126       5.4169
     127       9.9316
     128       7.3969
     129      14.5241
     130       8.9900
     131      10.0109
     132      10.5868
     133       6.3945
     134       8.8458
     135       3.7124
     136      10.3447
     137       5.0568
     138       5.3882
     139       5.3342
     140       7.3949
     141       6.8961
     142       3.2078
     143       7.0083
     144       6.2970
     145       4.8114
     146       5.5636
     147       8.9476
     148      14.2852
     149       3.9292
     150       7.8650
     151       4.3639
     152       7.9510
     153       5.6405
     154       9.4862
     155      12.1999
     156      13.1067
     157       7.1954
     158      10.0360
     159      10.7998
     160      11.4856
     161      12.2148
     162       9.8696
     163       5.1328
     164       5.3668
     165      19.6528
     166       9.2566
     167      14.6637
     168       6.8804
     169       6.5338
     170       5.8346
     171       6.2368
     172       7.4974
     173       6.3168
     174      10.3310
     175       5.7700
     176      13.1992
     177      14.3931
     178      10.0583
     179      14.9595
     180      12.5647
     181      10.0529
     182       9.9956
     183       4.2923
     184       6.9815
     185       9.6035
     186      11.9396
     187       4.7063
     188       6.9621
     189      12.0939
     190       8.1568
     191       4.9708
     192       6.8033
     193       6.2154
     194      11.0667
     195      17.0132
     196       4.1860
     197       9.5313
     198      11.6158
     199      13.6327
     200       5.8814
     201      10.5501
     202      19.3685
     203      11.5540
     204       9.7791
     205       9.1935
     206      11.1329
     207       7.4421
     208       8.8967
     209       9.8647
     210      17.0813
     211       9.8381
     212      18.2455
     213       9.8845
     214      10.6485
     215       6.7976
     216       6.4776
     217       5.9238
     218       5.9122
     219      10.5774
     220      10.6145
     221      10.6329
     222      12.3323
     223       6.8081
     224      14.6499
     225      13.9434
     226      10.1072
     227      10.0549
     228      13.7013
     229      10.1238
     230       7.4867
     231      21.1406
     232      14.3148
     233       8.5157
     234       4.8817
     235       8.4547
     236       5.4093
     237       4.4323
     238       7.7330
     239      11.2983
     240       8.7522
     241       9.1029
     242       8.4494
     243       3.5920
     244      13.1434
     245       7.4915
     246      10.4332
     247      10.9113
     248       7.8513
     249      15.3679
     250       8.6952
     251      14.0915
     252      18.1372
     253       5.8834
     254      14.2385
     255       8.4185
     256       8.0488
     257      14.6773
     258      10.0103
     259      10.2975
     260       6.1939
     261       9.7815
     262       8.4761
     263       8.7340
     264      12.3414
     265      13.6439
     266       4.4809
     267      19.0110
     268       5.3624
     269       6.5993
     270       5.5589
     271       6.3703
     272      11.5927
     273      11.9344
     274       6.5213
     275       7.2405
     276       9.3821
     277       8.6098
     278      12.2550
     279      10.3289
     280       6.8958
     281      13.6513
     282       9.2542
     283       5.4937
     284      12.8499
     285      19.0227
     286       8.7643
     287       5.1857
     288       6.9435
     289       8.2994
     290      11.6806
     291       8.8094
     292      12.0625
     293       5.8249
     294       6.1784
     295       8.7750
     296       6.3699
     297       6.4407
     298      16.8030
     299       9.6965
     300       8.5034
     301       4.5113
     302      19.6778
     303       8.1360
     304       9.1681
     305       7.3417
     306      12.1860
     307      21.8223
     308       7.1441
     309      12.9011
     310       5.2248
     311       7.0470
     312       9.7740
     313       9.8521
     314      12.6242
     315       7.9013
     316       9.8920
     317       6.3945
     318       9.2033
     319       9.7024
     320       8.2194
     321       5.9762
     322      14.8927
     323       9.0612
     324      15.8343
     325       5.4666
     326       5.0629
     327      17.3507
     328       7.4822
     329      11.7196
     330      10.6602
     331       8.7636
     332      10.8335
     333       3.4398
     334       7.9309
     335       3.4376
     336       5.3130
     337       7.4083
     338       7.9518
     339       7.0507
     340      12.9496
     341       8.7312
     342       4.9643
     343      11.8523
     344       6.9375
     345      11.6623
     346      11.5817
     347      19.0953
     348      14.1093
     349       9.7725
     350       7.0864
     351      12.4227
     352      22.1815
     353       9.1077
     354      10.5228
     355       7.2818
     356       5.0887
     357      13.5340
     358       6.1430
     359       9.6394
     360      10.5778
     361       5.9333
     362       6.4885
     363       4.7545
     364       8.8548
     365       8.6179
     366       7.7516
     367       6.4411
     368      18.6554
     369      12.1683
     370      13.0327
     371      16.7727
     372      10.7630
     373       6.1233
     374       8.2311
     375      10.8127
     376       4.0229
     377       8.7287
     378      10.3948
     379       6.1959
     380      13.0543
     381       7.9426
     382       6.3290
     383       4.7642
     384      10.1962
     385       6.6779
     386       7.5019
     387       4.8099
     388       4.7779
     389       5.0527
     390       8.4087
     391       8.4197
     392       6.3520
     393       5.6158
     394       9.2892
     395       8.4898
     396       8.7851
     397       5.6577
     398      11.0605
     399      18.4549
     400       8.1384
     401       7.9937
     402       8.0070
     403       8.3311
     404       5.5433
     405       7.5877
     406      10.7617
     407       7.3142
     408      10.4699
     409      13.8076
     410       7.2205
     411      15.4797
     412       5.9344
     413       9.8299
     414      11.5445
     415       4.7256
     416       6.3726
     417      18.3290
     418       7.5793
     419       6.6070
     420       8.0724
     421       5.4232
     422       6.4479
     423      10.7395
     424      12.7324
     425       9.0905
     426      11.8440
     427      10.4166
     428      10.1860
     429       9.8421
     430       9.5682
     431       5.2668
     432       5.2497
     433      19.2743
     434       6.7400
     435       5.5489
     436       4.2432
     437       4.0632
     438       9.7689
     439       7.3231
     440       7.6964
     441       4.9659
     442      15.3382
     443      12.4696
     444       9.8932
     445      12.4354
     446       6.6815
     447       5.3474
     448       5.9747
     449       7.9705
     450       8.1761
     451       6.4520
     452      11.0026
     453       9.2175
     454       4.5410
     455       4.5139
     456       8.2015
     457       6.4629
     458       7.6637
     459       7.2400
     460      11.8101
     461       6.0045
     462       5.7141
     463      10.3998
     464       6.8960
     465       6.7239
     466       8.1622
     467       7.2482
     468      10.6021
     469       9.1840
     470       4.8247
     471       5.0668
     472       8.0738
     473       4.5239
     474      10.4765
     475       8.1996
     476       4.4274
     477      10.2878
     478       8.3875
     479       5.6019
     480       5.8742
     481      12.1181
     482       9.2350
     483       9.4432
     484       6.2422
     485       9.6815
     486       9.9909
     487       7.6690
     488      10.9744
     489      17.3149
     490       8.5450
     491       6.3138
     492       7.4358
     493       7.8974
     494       8.3663
     495      19.4873
     496       9.8359
     497      10.5877
     498       3.6810
     499       7.2474
     500       7.4606
