#Frame         global     SA_00002     SA_00003     SA_00004     SA_00005     SA_00006     SA_00007     SA_00008
       1    5596.1844     463.9372     378.3132    1258.2750     346.1374     271.0293    2389.5782     488.9141
       2    6719.0324     305.1862     235.2617    1451.4609     400.4535     434.2734    3050.3714     842.0253
       3    8114.7123     691.6754     773.6529    1420.2258     517.8350     474.8380    3400.4477     836.0374
       4    5929.6457     372.2075     302.1322     929.3160     361.0098     379.9248    2815.9889     769.0664
       5    6801.4811     394.5535     335.9205     913.3529     531.5995     440.7914    3358.9894     826.2739
       6    6821.9289     410.5337     536.6634    1293.6848     394.6857     377.3277    3061.3067     747.7268
       7    6007.0150     600.9407     425.6817    1367.0342     488.3595     394.8426    1883.4367     846.7194
       8    6648.6163     522.3070     469.3093    1507.2938     515.5588     386.8608    2424.8163     822.4702
       9    7138.3031     421.7306     497.4218    1541.0187     574.2815     404.5607    2877.8955     821.3943
      10    5666.9604     429.6090     370.7997    1139.7344     309.6898     247.3415    2417.0286     752.7574
      11    6084.8864     397.4966     292.7763    1421.8437     472.5927     445.4142    2490.1852     564.5778
      12    7095.0330     473.0291     410.7331    1514.4848     475.2681     419.3625    3125.6138     676.5416
      13    5470.7156     335.1581     298.3687    1099.4168     393.4024     325.2726    2510.2486     508.8484
      14    7514.0202     351.4067     285.2983    1416.7976     530.3145     522.6333    3596.5560     811.0138
      15    6636.7103     318.0083     252.0501     957.5218     454.4169     427.2111    3401.2472     826.2549
      16    6512.3808     629.7236     438.9870    1039.5487     350.8794     315.9535    2698.0777    1039.2110
      17    5810.4672     334.9023     254.2586     993.9106     279.1920     346.3190    2858.1151     743.7695
      18    7178.5091     469.0270     388.8419    1525.7717     461.7398     381.9647    3239.7278     711.4363
      19    4549.5445     382.9049     320.6761     927.6616     301.2521     273.8395    1840.4233     502.7870
      20    7275.6895     546.5567     492.5310    1374.1996     353.4755     402.9434    3295.9414     810.0421
      21    6775.0777     550.4643     390.3661    1712.1819     561.0083     515.0537    2155.7967     890.2067
      22    6246.5885     643.0996     460.8735    1598.8557     490.6696     355.9508    1872.1884     824.9509
      23    5892.8792     453.9513     282.5089    1002.6161     383.1595     299.3859    2802.9125     668.3450
      24    6368.8728     522.2765     508.2420    1444.4763     351.8563     271.6957    2732.7481     537.5777
      25    6100.8659     384.7845     448.4574    1211.6857     473.7788     427.2175    2585.9097     569.0323
      26    7307.8597     530.8252     377.4587    1355.4776     394.3613     360.0116    3500.9428     788.7825
      27    5938.2657     628.6086     503.6622    1313.2770     352.1726     281.1015    1997.5171     861.9267
      28    9178.3255     598.5681     658.0960    2290.3178     482.1640     429.1524    3840.6147     879.4124
      29    7855.4530     555.1729     379.0702    1668.8912     475.0902     381.1072    3652.5643     743.5570
      30    6754.2161     311.4828     289.3080    1753.9121     439.0653     402.9974    2893.9989     663.4516
      31    8195.8791     450.1250     531.6821    1536.3974     536.2797     504.3032    3806.1532     830.9384
      32    5963.7411     463.2256     423.0947    1235.6604     335.5963     266.5265    2319.1168     920.5207
      33    7293.9197     383.6531     401.8358    1356.8184     571.9652     478.8667    3306.2163     794.5643
      34    7840.7681     485.9229     577.4404    1572.2394     577.9612     449.1707    3228.3456     949.6878
      35    6122.6790     473.0950     378.8469    1134.6950     375.9079     293.0571    2562.0286     905.0485
      36    6766.9386     363.1665     474.0238    1309.7745     467.7626     450.0839    2866.4483     835.6790
      37    6128.5849     579.9497     355.9306    1339.8123     539.2716     381.6460    2108.4605     823.5141
      38    8682.5422     695.2635     401.5359    1578.9349     557.3084     546.7561    4043.2332     859.5102
      39    7182.5791     415.8412     360.4722    1567.1972     398.6904     365.4875    3349.1355     725.7553
      40    5682.0288     347.8141     266.9566    1067.9785     358.2957     346.2434    2632.2295     662.5110
      41    7887.2201     602.4977     648.8431    1578.0849     527.7377     479.0021    3550.5376     500.5170
      42    6054.4555     500.6776     348.4126    1142.9391     390.9015     378.3538    2587.2266     705.9442
      43    7466.1235     534.2631     531.6011    1634.9831     377.7031     328.6105    2983.1172    1075.8454
      44    6311.8152     626.3164     508.5164    1116.6601     385.7650     368.6414    2572.6913     733.2247
      45    5377.1331     513.8412     344.5987    1275.5533     395.8552     309.0018    2057.8328     480.4501
      46    7433.9443     341.4040     372.0345    1570.3203     570.4307     373.1205    3319.3438     887.2906
      47    7423.7368     573.1916     569.5681    1616.0802     476.1612     389.7891    2921.6054     877.3413
      48    7736.9070     704.7332     529.0230    1616.4032     501.4157     373.9858    3171.4983     839.8478
      49    5674.6690     369.4107     352.9557    1369.7576     366.2672     311.6717    2434.6663     469.9398
      50    6245.3449     566.4546     497.1041    1018.0810     539.9623     520.8529    2426.0484     676.8416
      51    6995.8419     676.8577     442.1437    1824.7972     483.4899     445.0060    2254.6577     868.8897
      52    5441.1019     318.6553     239.1503    1138.1055     525.4282     499.6076    1983.6677     736.4873
      53    8692.4053     707.0599     582.4514    1885.6251     566.2533     450.3631    3633.2040     867.4484
      54    6352.5759     620.2222     545.7230    1374.5886     386.6391     297.2660    2220.6431     907.4938
      55    9103.1906     558.3426     845.1294    1640.5058     563.2190     369.0158    4175.5845     951.3935
      56    7218.9048     647.2029     515.1756    1550.1294     530.3080     430.0887    2794.6693     751.3308
      57    5725.4466     442.6781     314.9537    1173.9237     281.5092     304.0271    2450.0685     758.2862
      58    7858.7545     560.0789     443.9583    1437.5621     439.1045     373.7805    3766.0949     838.1754
      59    8127.6010     345.6316     493.9300    1508.9092     462.9101     404.5920    4037.3759     874.2522
      60    6784.1747     412.7054     383.6447    1672.3821     505.7694     359.3324    2813.6409     636.6998
      61    7598.1715     553.7963     673.0527    1456.3398     449.4662     437.2888    3210.6444     817.5832
      62    6564.8832     531.8538     445.2707    1291.9838     303.6800     270.1197    2686.9388    1035.0365
      63    5626.5869     338.6696     271.2381     869.8748     370.4010     313.3121    2743.1806     719.9107
      64    7437.1648     495.5430     418.6033    1188.9051     473.6192     334.1992    3484.9902    1041.3048
      65    6389.2506     373.3153     260.8280    1103.3029     433.5709     419.1393    3060.3769     738.7172
      66    6893.0865     605.3899     452.1844    1399.2787     474.0881     444.5768    2862.2197     655.3490
      67    6993.4303     316.0218     247.7084    1247.2184     509.4111     403.5138    3545.7917     723.7652
      68    8001.3092     688.6661     600.3827    1690.0005     498.9120     405.4999    3433.0552     684.7928
      69    9719.0789     575.2922     563.3654    2155.3780     652.1909     582.1494    4117.7853    1072.9177
      70    7668.6853     699.6265     454.0661    1705.0882     410.1211     360.5098    3065.1628     974.1109
      71    7856.3423     505.7636     577.7826    1772.7890     455.8458     325.4443    3472.4789     746.2382
      72    7721.5931     628.9830     562.2945    1710.9097     413.3044     408.8725    3378.6104     618.6186
      73    7522.2465     607.3434     503.6762    1268.0397     386.7090     371.2291    3217.8615    1167.3877
      74    7492.4793     317.6917     323.5401    1423.4704     479.4238     422.6623    3770.1018     755.5893
      75    8853.4346     537.0844     400.5642    1908.1023     591.5207     460.0787    3799.0200    1157.0643
      76    6864.6396     478.5974     328.9172    1318.8422     446.8085     343.4492    3142.6271     805.3980
      77    7582.1937     604.2706     562.9221    1441.0282     596.9479     553.8940    2904.4687     918.6624
      78    7025.2336     478.0317     528.3723    1666.5995     307.6646     300.2749    3022.2612     722.0293
      79    5395.7888     484.8286     294.6274     977.1429     305.0521     266.5336    2322.1664     745.4376
      80    7855.1582     633.8650     481.4893    1777.0813     474.7455     366.1833    2987.5721    1134.2216
      81    7313.4596     528.6927     365.1439    1063.2830     440.3298     376.4986    3691.3166     848.1949
      82    5330.0959     314.2695     238.9238     883.2864     259.2283     265.4695    2612.0475     756.8710
      83    6050.4122     435.6135     442.2771    1276.6453     467.8218     332.9423    2230.9727     864.1395
      84    5711.5573     392.6548     308.4660     942.3983     294.5085     261.0996    2708.6645     803.7657
      85    7294.3691     354.9037     391.0943    1767.8898     530.1631     458.9251    3009.5325     781.8607
      86    7616.4068     535.9934     493.2008    1873.1926     519.6095     500.2677    2985.0714     709.0714
      87    4588.2719     316.7831     243.0727     936.4071     355.6511     310.1104    1848.2673     577.9802
      88    6956.2861     337.8019     314.9145    1359.6741     445.0942     321.2307    3409.7161     767.8546
      89    6857.8174     313.3398     245.4350    1300.2065     479.4865     453.1672    3274.4300     791.7524
      90    6440.7600     373.2014     354.1445    1458.5492     516.9590     468.4865    2777.9565     491.4629
      91    6875.0799     441.7718     450.7758    1365.3000     361.5612     285.4668    3247.8071     722.3972
      92    5350.0492     323.8878     240.9040    1091.1328     307.1529     269.4524    2365.6605     751.8589
      93    7389.0614     383.0846     451.8436    1703.0936     531.8761     375.5720    3174.4486     769.1427
      94    6799.0776     397.8540     400.5487    1009.0547     508.1687     391.0160    3297.9446     794.4910
      95    6207.1010     332.6680     254.2219    1321.8286     476.2387     423.5722    2759.4516     639.1200
      96    6255.4062     406.5602     376.1903    1565.4460     396.1682     368.0394    2472.2486     670.7535
      97    6869.7736     643.2972     552.4159    1207.2271     291.1138     323.2720    3069.1756     783.2721
      98    6679.2052     397.6346     364.4367    1407.9084     347.6463     350.1178    3092.9438     718.5177
      99    5871.3063     473.8666     398.1027    1597.8302     430.0116     332.5065    1870.3039     768.6847
     100    8075.2688     542.5837     548.7400    1449.2816     506.2334     399.6435    3523.9639    1104.8227
     101    6558.7076     532.6031     437.9900    1325.5872     373.6136     362.6319    2621.5868     904.6950
     102    6900.2051     638.2167     381.1086    1730.3364     323.8220     296.3554    2637.6586     892.7075
     103    6340.7085     527.1742     436.9680    1659.3545     418.5909     368.2985    2057.9214     872.4009
     104    6517.0548     559.1326     464.8915    1150.5147     369.1586     365.1906    3073.0321     535.1349
     105    5422.9593     345.6304     373.1014     860.9094     316.8414     374.0573    2484.9131     667.5064
     106    8039.6756     590.7441     637.4213    1728.2716     534.9518     348.7366    3239.6590     959.8912
     107    6487.0085     548.0474     469.4245    1378.2129     479.9393     349.2188    2624.3417     637.8239
     108    6497.0680     510.4423     472.0866    1005.6868     331.4377     315.1197    2894.4802     967.8147
     109    5348.8353     304.3195     237.5408    1141.6627     424.5380     431.2665    2291.4471     518.0607
     110    5712.7345     493.9654     333.8684    1223.1614     338.1434     308.6017    2538.0684     476.9259
     111    4690.9614     321.2738     317.5491     876.7806     306.0731     326.7317    2017.6044     524.9487
     112    6514.8708     695.3688     391.1707    1509.2914     376.5948     355.9793    2525.6464     660.8193
     113    6981.8425     339.4318     320.6633    1499.4642     561.1866     383.1110    3015.0298     862.9558
     114    6909.0833     701.2762     640.1804    1253.4825     374.3694     343.4733    2932.9800     663.3216
     115    6285.9721     307.7539     278.3449    1095.1282     417.2103     324.1771    3094.8745     768.4832
     116    6331.8044     342.0588     290.6103    1144.8819     455.5444     382.6595    3031.3463     684.7032
     117    5034.1978     346.2626     277.6767    1202.3318     275.6587     337.6787    1906.1945     688.3948
     118    6139.3808     332.0905     302.3303     980.5116     343.3394     319.7605    3069.6592     791.6892
     119    6351.8341     768.5266     495.2519    1468.7479     397.9934     280.7944    2090.0063     850.5136
     120    6666.4403     518.0325     588.5173    1033.7900     474.2350     395.7829    2816.2532     839.8294
     121    5608.3449     410.8393     284.2978    1319.7081     414.4111     369.8561    2267.4736     541.7589
     122    6966.1270     334.9250     375.7080    1552.3351     523.8585     416.7561    3199.7247     562.8197
     123    7988.9787     402.3853     374.5745    1697.9075     503.9238     379.6858    3863.5128     766.9890
     124    6603.1561     411.2154     314.7200    1162.0155     432.7761     355.3348    3166.3450     760.7493
     125    5811.0059     438.8064     364.3101     915.0256     348.4139     400.0764    2633.9842     710.3892
     126    7847.9112     448.0956     422.5810    1618.5335     458.5889     334.7523    3565.1102    1000.2497
     127    7552.7582     525.5471     540.9126    1221.2852     486.3022     464.3724    3453.0213     861.3173
     128    7678.2353     420.0221     354.0648    1661.5738     485.2092     390.7458    3716.9418     649.6777
     129    7136.0619     339.2614     366.5608    1747.1669     404.8306     338.1187    3249.8467     690.2769
     130    6255.8722     478.4710     344.6383    1165.8561     382.7085     401.9957    2837.7841     644.4185
     131    6992.4410     382.5643     406.5954    1333.6549     427.9531     386.0055    3199.3705     856.2974
     132    6686.0701     714.9938     592.6547    1129.0467     514.8830     404.7506    2612.5556     717.1857
     133    7301.3270     584.3662     509.0742    1934.0512     498.0109     531.9516    2510.3108     733.5620
     134    7075.3044     451.1326     464.3871    1924.2468     782.6141     604.0920    1965.0795     883.7522
     135    6614.2165     709.6042     583.0416    1127.5844     361.0504     360.1220    2748.8353     723.9787
     136    6775.6547     458.5925     322.6322    1051.5642     492.3417     383.7356    3348.5716     718.2167
     137    8467.8403     754.9961     461.6480    1634.1920     438.6435     408.2072    3935.7158     834.4376
     138    7340.5468     781.7577     518.9021    1340.4645     465.7127     380.9953    3199.1198     653.5949
     139    6658.9443     562.1978     432.6745    1661.7841     512.1137     423.4394    2219.7405     846.9944
     140    7339.7925     755.3571     673.3819    1394.5320     427.7021     406.9475    3039.9130     641.9590
     141    7356.9389     524.8630     526.3620    1427.3880     532.2206     377.0068    3116.4184     852.6801
     142    8237.1936     552.1505     368.3503    1751.8409     526.3749     481.8845    3747.8987     808.6939
     143    8633.9023     514.7410     633.0005    1983.2498     694.5174     411.7245    3396.7977     999.8714
     144    5331.8988     523.0741     333.9030    1446.3042     330.1816     325.5445    1799.3622     573.5292
     145    5975.3379     490.8670     294.4706    1015.8386     500.2123     422.6739    2744.4688     506.8066
     146    7433.7877     575.2974     509.8243    1534.6571     567.5934     445.9359    2977.3258     823.1539
     147    6761.2864     493.3220     573.0700    1230.7014     478.1778     308.6712    2938.5301     738.8138
     148    6029.3047     346.3247     288.9189    1314.2817     311.1943     328.9862    2662.9175     776.6814
     149    8046.6959     554.8820     568.5426    1555.7990     565.6887     473.9267    3409.2000     918.6569
     150    4995.6056     342.5664     338.8348    1076.1932     405.0763     317.5754    1811.8564     703.5032
     151    8102.8709     712.6367     584.6319    1957.3920     322.4805     304.9558    3106.8664    1113.9077
     152    6476.6703     682.9325     488.7114    1463.5387     481.3182     329.1074    2319.4581     711.6040
     153    7235.0584     557.0359     398.7556    1285.2383     453.8083     422.0160    3362.7661     755.4381
     154    7591.5973     496.7596     362.2111    1131.2058     599.2985     494.0892    3695.1413     812.8919
     155    7255.6676     439.3882     403.9921    1405.9473     499.5632     396.8874    3389.5262     720.3632
     156    7119.3791     432.5674     397.0876    1407.3545     339.1955     330.6205    3316.6384     895.9152
     157    5384.6224     584.3111     432.8306     918.2502     269.4964     257.5042    2415.3183     506.9116
     158    8330.5266     484.7663     545.1848    1556.5802     562.1833     427.7406    3662.0737    1091.9977
     159    6871.9732     509.5676     441.0730    1517.9698     420.9765     530.6710    2686.6789     765.0364
     160    8552.4928     524.9678     732.6913    1534.3409     523.9283     504.2388    3943.0464     789.2794
     161    7087.2976     507.3880     381.8680    1346.4827     384.7665     444.9610    3296.7818     725.0496
     162    7387.3150     484.5738     498.0344    1588.6778     550.5365     455.7512    3141.2866     668.4547
     163    7001.1029     391.0547     321.0396    1305.8366     505.3307     454.6417    3330.6007     692.5990
     164    8659.5269     513.8872     367.9804    1896.1292     605.0564     386.8586    4099.6012     790.0138
     165    5929.3514     317.8817     328.2679    1153.5051     461.1592     357.5906    2826.0480     484.8988
     166    6559.4755     503.6015     447.5474    1013.9989     427.6131     414.7055    3104.8691     647.1401
     167    6911.2490     417.8308     520.9676    1251.5529     383.8341     326.6885    3322.7001     687.6751
     168    6900.4802     437.9779     291.7085    1155.6272     496.5825     386.1016    3331.1217     801.3608
     169    6277.2588     536.8280     452.3573    1317.0063     439.1149     333.0587    2646.5346     552.3590
     170    8545.1706     516.6899     602.7045    1734.6785     596.2987     407.8835    3621.8718    1065.0437
     171    5927.6742     588.2285     453.3578    1069.1789     328.0411     263.9750    2625.7815     599.1114
     172    6958.2098     646.8421     468.3392    1445.8750     356.1094     314.5243    2739.1745     987.3453
     173    6174.5789     475.9380     361.7926    1572.0621     524.7390     419.4899    1998.2952     822.2621
     174    7804.6057     610.5258     723.2207    1631.7105     460.1286     397.7436    3353.5504     627.7261
     175    7559.8089     641.9710     384.8779    1662.4943     419.9990     404.4905    3052.8352     993.1410
     176    6493.1189     498.3179     419.8997    1130.9750     404.8452     370.1261    2790.4085     878.5465
     177    7410.7255     418.4672     436.6460    1531.2735     450.8585     423.6060    3143.1935    1006.6808
     178    9338.2644     883.4543     654.5030    2210.4346     610.7282     505.4490    3797.5732     676.1220
     179    5501.3157     371.2954     390.2860    1138.3452     391.4722     289.7972    2433.0198     487.1000
     180    5819.6183     315.7239     258.6089    1233.8343     473.2345     361.7944    2634.6550     541.7673
     181    7513.0340     501.5469     375.9118    1844.5188     509.1459     338.1211    3225.1506     718.6389
     182    6895.3237     328.5057     437.6831    1321.9040     455.0076     307.0941    3344.9218     700.2074
     183    6131.1192     791.8777     563.2592    1034.2641     272.7390     265.0039    2495.5037     708.4717
     184    5511.6552     530.9925     379.6529    1141.2983     322.4245     340.7676    2195.4102     601.1093
     185    7138.8270     437.6645     432.3469    1325.9272     486.0213     441.8876    3054.2641     960.7155
     186    5353.2965     380.9841     342.0133    1275.0900     491.9390     371.6009    1786.2656     705.4037
     187    6555.4722     559.3931     454.9337    1151.9983     462.1316     339.2276    3093.3430     494.4448
     188    6298.8576     777.7915     528.6141    1119.3007     307.9011     352.7470    2522.7831     689.7203
     189    6557.9045     413.9903     439.3199    1404.2189     478.1860     451.6670    2783.8669     586.6555
     190    7356.6737     616.6372     551.7491    1668.1190     580.1745     591.9617    2632.5297     715.5025
     191    7074.4817     637.4019     412.1348    1698.6044     503.1835     493.4538    2405.7853     923.9182
     192    7204.4340     562.3686     497.7156    2049.5481     598.9592     472.2569    2095.5036     928.0820
     193    7213.2055     752.4138     471.4191    1878.2641     448.2908     397.9303    2528.7065     736.1809
     194    8008.1492     669.2497     423.2093    1580.1535     424.5818     343.2564    3738.6427     829.0559
     195    7373.5627     369.9083     315.5255    1555.1627     484.2907     446.3448    3406.6746     795.6562
     196    8190.0688     771.5139     546.0631    1744.9417     538.1406     500.7632    3220.2769     868.3694
     197    6456.8103     456.8505     428.1899    1243.6258     504.1461     399.2817    2754.3026     670.4137
     198    5088.0281     317.5041     258.1383    1161.6994     361.0154     340.8995    2100.3845     548.3869
     199    8507.3139     461.6336     544.5717    1981.0400     601.0970     623.3757    3394.5257     901.0702
     200    6662.8557     500.9168     473.6889    1595.7818     395.6291     362.1966    2412.0268     922.6157
     201    6397.2748     443.6369     344.6509    1546.8334     409.3441     403.7781    2511.8284     737.2030
     202    6741.8574     373.4504     294.2610    1181.0764     497.1600     380.9360    3297.6088     717.3647
     203    5367.5236     336.4378     296.0436    1458.2088     370.3109     329.7216    1891.2222     685.5787
     204    5516.7676     680.4945     353.1311     829.7446     334.3902     392.0587    2389.5018     537.4467
     205    7815.0222     524.0681     555.9747    1224.6144     418.0211     340.7482    3880.4445     871.1512
     206    7990.4007     405.2215     337.3220    1930.0881     396.8239     458.6383    3626.5238     835.7830
     207    7568.3847     537.1918     538.9064    1325.6933     478.5678     425.4881    3288.9124     973.6248
     208    6001.1085     572.0192     421.9375    1113.5559     480.0629     415.4644    2222.4947     775.5738
     209    7133.4211     373.4562     473.8305    1505.9871     467.5868     359.1704    3015.8963     937.4938
     210    5484.8444     333.2758     270.7821     962.0954     366.1543     369.9797    2526.9154     655.6416
     211    7130.1352     378.0885     282.3748    1236.3147     585.0616     449.1224    3367.6869     831.4863
     212    6961.7336     319.0806     240.6880    1334.1588     463.3968     416.2222    3405.4507     782.7365
     213    7792.2191     545.5285     511.3674    1172.7698     548.9420     378.3698    3839.8686     795.3728
     214    6378.3630     420.9468     528.1406    1267.5828     489.1915     437.3453    2653.1469     582.0090
     215    6434.1866     392.3794     502.5991    1381.6475     505.5302     315.8416    2529.8453     806.3435
     216    7776.9307     627.5848     574.0480    1513.6978     497.7115     450.5549    3161.5558     951.7779
     217    8037.5170     679.2828     456.8195    1578.3680     527.6184     408.8761    3339.3296    1047.2225
     218    7097.2182     641.6584     467.1495    1734.1726     535.5023     462.2788    2369.4240     887.0327
     219    6667.1002     482.0435     307.6358    1066.4666     410.0892     334.4944    3273.1871     793.1836
     220    6309.3834     678.7999     497.3130    1106.3457     283.2129     283.4119    2742.0018     718.2982
     221    6384.8266     412.2341     373.6462    1297.5395     433.3645     346.7087    2543.5330     977.8005
     222    4952.2351     359.5030     268.1107     804.3312     271.1471     232.0545    2314.5919     702.4967
     223    6763.1966     752.6135     553.7302    1562.9878     369.0535     393.6553    2216.8104     914.3458
     224    4690.9094     372.7466     298.1525    1030.6737     327.0334     309.6109    1882.4427     470.2497
     225    6311.8687     382.0278     354.7355    1184.9951     286.3816     254.4083    3071.4181     777.9022
     226    6740.2557     587.6251     619.0224    1626.8564     534.1225     429.0251    2064.3291     879.2752
     227    6345.5276     526.7093     310.3677    1083.0212     433.0531     320.7508    2942.0457     729.5797
     228    6002.4073     350.7598     273.2333    1327.1320     441.6382     314.9005    2631.9248     662.8187
     229    8436.5649     506.1429     536.1650    1331.2136     389.0408     356.2057    4393.3232     924.4736
     230    7139.5463     484.1097     535.5160    1110.7277     430.9386     397.0388    3179.6331    1001.5825
     231    4342.5844     332.0401     283.0645     957.1394     270.5322     272.3649    1735.3481     492.0951
     232    8051.7682     389.9633     411.6287    1718.5193     596.5150     640.0089    3446.4479     848.6852
     233    7390.6291     812.7198     458.7371    1676.3573     434.6039     490.2633    2919.0236     598.9240
     234    7185.5426     466.4311     269.1008    1255.8605     442.3765     424.7497    3494.9432     832.0808
     235    7990.8033     650.6351     745.5926    1426.5595     451.5596     506.7136    3369.4672     840.2758
     236    7969.2780     558.1942     413.6240    1799.5469     539.2932     373.4610    3463.5965     821.5621
     237    8316.8547     828.8315     431.8127    1398.4186     621.0487     500.4695    3873.4853     662.7884
     238    8305.6603     709.4947     598.9422    1643.0717     505.5400     380.6446    3795.2263     672.7408
     239    6158.8077     370.3309     346.6762    1177.2194     440.6648     413.9592    2675.6482     734.3089
     240    7897.1532     614.4374     530.1089    1811.1801     382.8096     331.8698    3111.1779    1115.5694
     241    5597.9208     387.5869     282.4246    1324.1544     310.6732     328.5476    2332.4138     632.1202
     242    6169.3024     407.6928     363.5783    1675.6729     496.9443     407.7367    1980.8100     836.8674
     243    7439.1227     438.8736     345.6892    1449.1508     448.0808     378.4984    3576.1165     802.7135
     244    5983.7629     490.8843     334.3296    1442.9955     438.8659     387.5149    2336.1807     552.9920
     245    7997.1673     645.1789     538.6747    2053.5471     484.3397     426.9951    2926.6662     921.7658
     246    6391.1549     493.3074     539.8401    1373.8325     336.8848     268.6312    2643.6143     735.0447
     247    6084.4560     532.3800     321.2869    1187.5740     360.0033     356.0063    2602.2004     725.0051
     248    7850.4555     834.9683     432.0431    1955.1901     550.7173     509.8319    2659.3030     908.4017
     249    5178.8500     331.2177     266.1967     984.9136     335.5965     294.0339    2429.0211     537.8705
     250    6024.0640     819.9074     538.2949     955.9130     355.6652     438.5979    2185.9634     729.7221
     251    4760.9115     320.1410     231.8010     861.3654     260.7290     228.1262    2207.0247     651.7243
     252    6229.2993     316.6197     303.2167     960.7249     409.9804     373.2460    3139.1527     726.3588
     253    8005.3185     556.1906     443.5099    1473.6108     548.7025     505.8817    3520.4779     956.9450
     254    5491.0223     351.4361     284.9800    1172.1017     383.3970     463.6768    2307.2848     528.1460
     255    7855.3809     516.5424     559.0673    1463.1683     394.3941     331.1072    3496.1650    1094.9365
     256    7670.6747     568.6953     295.4623    1534.6210     512.8122     512.2940    3482.8395     763.9503
     257    6463.0565     305.0697     237.0683    1693.6314     394.5342     424.7929    2875.2119     532.7482
     258    7169.7777     421.3122     381.2813    1309.8851     373.7279     346.1712    3437.2058     900.1942
     259    6866.7083     589.2924     399.4843    1250.4562     401.2799     399.8657    3123.8666     702.4633
     260    9249.9412     550.2285     457.2456    1807.3814     678.4288     616.3038    4168.0583     972.2947
     261    8180.6119     520.3381     548.6671    2091.9420     399.4905     367.8343    3125.1972    1127.1428
     262    6633.5779     464.3730     409.9715    1158.5565     400.1973     314.4851    2912.1969     973.7974
     263    7929.6050     874.3446     637.0216    1660.9048     467.0607     511.3422    2981.0014     797.9297
     264    6766.4107     567.3019     461.0671    1459.2766     525.9088     332.1180    2704.6206     716.1176
     265    6374.4786     410.1492     488.1513    1363.3637     429.6789     383.7085    2702.7959     596.6310
     266    6051.5139     562.8607     509.3733    1167.8301     331.2707     293.9951    2540.8117     645.3724
     267    5352.2185     417.0683     332.4312    1095.2455     280.2054     245.4957    2314.9359     666.8364
     268    8038.8907     580.0600     632.8353    1748.2239     583.8896     508.1063    3152.9311     832.8444
     269    7024.5686     784.8574     556.0963    1199.9632     317.8591     354.4263    3078.6709     732.6954
     270    7600.5027     511.0930     399.6462    1513.3123     398.7506     367.9679    3454.9300     954.8027
     271    6687.7013     804.1358     413.1014    1278.0790     416.3406     295.5850    2890.1193     590.3403
     272    5733.1241     450.2667     314.2200    1158.7402     363.9993     312.9079    2573.7611     559.2289
     273    7047.9983     323.1820     314.4640    1770.9839     579.6669     414.3169    2769.7704     875.6141
     274    6716.6334     432.6930     438.3081    1667.2379     352.4396     323.7139    2529.9788     972.2622
     275    6884.2529     532.4596     417.8145    1413.8308     481.4700     426.2149    2824.9644     787.4987
     276    7578.4168     491.9165     673.3471    1602.3217     463.8059     386.7547    3146.1722     814.0987
     277    7481.8776     412.3511     357.4060    1487.8101     516.7896     479.8969    3550.4844     677.1395
     278    6735.3361     515.2074     331.4540    1138.5971     486.8090     379.4010    3173.4957     710.3720
     279    6485.3945     482.3462     283.0734    1114.4875     377.6968     365.5654    3064.5988     797.6264
     280    5204.8048     500.4930     326.3733    1277.3575     355.5612     277.4040    1766.4215     701.1942
     281    5388.0796     511.0041     355.4341    1114.4166     425.4526     359.4245    2152.8605     469.4872
     282    7314.1050     659.1307     637.9012    1354.3421     483.2191     484.6354    2921.0106     773.8659
     283    7232.3646     611.4737     514.6970    1583.7554     497.1460     445.9184    2737.6730     841.7011
     284    5821.6107     325.6916     287.9389    1357.0877     382.8445     350.7132    2416.3897     700.9450
     285    7045.7089     343.8802     323.8135    1545.5624     504.7330     488.4911    3102.0989     737.1297
     286    6518.0029     574.5323     308.3162    1168.8600     457.0837     377.5878    2937.0111     694.6118
     287    7998.1751     419.3739     294.7567    1640.8091     484.6807     389.3638    3946.5222     822.6687
     288    4787.2591     297.2419     259.0825     983.0411     362.0649     319.9041    2098.3517     467.5729
     289    7559.4964     660.0447     470.3604    2029.4456     506.4975     515.3603    2497.5038     880.2841
     290    5303.7319     502.2793     375.6346    1500.4959     393.3952     284.0514    1702.6650     545.2105
     291    8573.7035     539.6285     545.2616    1505.8233     552.2495     471.0196    3932.8502    1026.8708
     292    8736.9139     469.3802     450.3386    1904.2800     720.2678     432.8506    3872.8191     886.9777
     293    8857.9925     737.1087     746.5846    1908.1308     539.9076     382.8623    3741.1027     802.2960
     294    8827.9581     602.2678     571.4298    1779.6632     699.5853     446.6784    3845.1698     883.1637
     295    8324.8616     602.1138     473.4505    1826.0642     557.1143     405.3322    3670.8890     789.8976
     296    6635.4432     597.0368     494.6719    1523.2815     360.9547     329.3489    2397.7105     932.4389
     297    6581.8115     536.4880     616.1958    1316.2431     407.4931     324.4290    2578.3337     802.6289
     298    6369.7393     500.1726     435.2527    1077.6100     441.8702     433.1754    2812.5215     669.1369
     299    7260.4971     441.3633     421.8458    1465.2467     402.1036     360.4070    3329.9328     839.5979
     300    6514.6565     352.6793     532.1647    1190.1635     459.8032     347.6323    3030.2209     601.9924
     301    7558.2331     494.3408     473.0446    1502.9406     375.0700     272.0986    3626.5261     814.2126
     302    6062.2854     356.8570     311.6395    1149.4591     305.5339     282.0274    2874.2880     782.4806
     303    8080.8701     517.5802     354.7312    1531.3934     519.9094     456.9035    3915.2784     785.0740
     304    6070.1405     432.6003     481.0479    1278.1909     394.0895     328.7692    2600.7031     554.7395
     305    5615.0214     747.1164     510.3622    1051.6837     368.6972     417.6035    1868.2267     651.3317
     306    6977.0267     333.2024     407.9657    1170.0902     503.9621     449.3186    3202.2006     910.2872
     307    6505.5305     342.6830     288.1956    1064.6739     493.9044     421.5490    3056.8045     837.7202
     308    6781.2450     673.2942     411.7241    1697.2021     428.0734     434.1709    2293.6137     843.1666
     309    6496.6724     334.3868     252.4662    1264.5855     392.7181     446.6204    2928.2219     877.6735
     310    7939.0896     590.5513     636.3394    1820.5688     478.2991     356.1541    3204.8132     852.3637
     311    6806.2095     644.0180     468.5662    1732.2893     560.0115     485.3020    2051.7341     864.2883
     312    7180.0580     486.1186     505.8920    1507.8868     492.8175     424.4446    3046.3119     716.5867
     313    6831.4412     663.3246     613.4283    1330.1422     356.9361     298.3176    2862.8769     706.4156
     314    6078.7685     469.1297     473.3971    1573.5732     517.1168     481.4827    1956.8968     607.1722
     315    5845.2612     488.3950     440.7058    1365.7750     337.9554     271.9464    2091.2692     849.2145
     316    5879.2692     364.1329     292.7411    1157.4113     378.6904     316.8481    2542.7627     826.6828
     317    6531.4997     606.4777     495.5648    1217.1607     495.2565     428.5826    2464.7757     823.6816
     318    7804.9259    1131.1563     577.4300    1376.8485     559.5676     585.6125    2939.9939     634.3172
     319    5421.8302     331.4377     302.3867    1170.2627     382.8195     302.6821    2452.3570     479.8844
     320    6869.8868     568.0931     375.3096    1285.0462     361.0206     284.1081    3201.3539     794.9555
     321    7902.2142     530.8250     482.5025    1844.9800     479.6101     369.2748    3112.8162    1082.2056
     322    6620.3078     400.7282     325.0016    1199.5959     460.2099     376.7946    3116.9338     741.0437
     323    6725.0425     440.7406     317.6598    1116.1063     393.1789     376.9740    3250.1083     830.2746
     324    5569.0128     320.5815     247.3201     824.7583     285.1901     290.8355    2800.9835     799.3439
     325    5815.1599     555.4845     399.3461    1272.6587     335.9904     354.0504    2376.2449     521.3848
     326    6159.0328     569.0761     313.8922    1203.1047     281.1185     298.6672    2616.2744     876.8996
     327    6510.5459     308.1674     256.7932    1030.4737     436.0447     397.7633    3292.1852     789.1184
     328    7149.0973     644.8864     623.7485    1450.3649     429.4200     463.4563    2765.9207     771.3005
     329    5355.2333     316.2471     228.7048    1080.4725     298.7008     302.3133    2505.7819     623.0130
     330    6404.1383     458.4354     343.4774    1841.4349     490.2932     358.0360    2079.5883     832.8732
     331    7703.5973     397.1584     595.3305    1400.0230     488.0494     445.0889    3599.8108     778.1363
     332    5936.2383     360.4530     250.0347    1058.7307     362.3825     349.7716    2836.4989     718.3668
     333    6520.0200     684.3687     347.8262    1232.5676     346.9595     373.7052    2822.4337     712.1592
     334    8325.7192     513.9260     633.1881    1778.1435     618.2200     552.1467    3272.5207     957.5742
     335    7506.7186     595.5469     492.4113    1519.1091     492.0554     411.1299    2933.8049    1062.6612
     336    7459.4452     814.6003     525.5398    1448.9592     405.8764     396.8758    3272.5311     595.0626
     337    6545.5358     492.7589     448.6525    1606.8223     394.7673     408.6740    2366.1062     827.7545
     338    6530.4080     347.4596     245.6250     910.4386     469.6171     434.4892    3308.6805     814.0981
     339    7584.0995     687.3265     492.8991    1789.6689     379.0581     379.3354    2826.8452    1028.9663
     340    5253.6296     398.7071     322.2576    1124.3653     525.8846     363.6014    1779.0252     739.7884
     341    5701.1052     324.4996     303.2577    1426.6418     433.1133     420.6967    2067.5700     725.3262
     342    6851.3703     583.8949     479.1916    1732.6894     489.9709     372.0073    2237.0763     956.5398
     343    8743.7239     471.6839     623.9799    1667.4129     563.2278     428.0082    4096.9038     892.5074
     344    6873.4933     817.7786     405.7463    1575.4533     352.0083     328.5527    2868.2970     525.6572
     345    6605.6093     544.0776     410.0689    1357.1848     411.5668     469.8877    2659.7388     753.0847
     346    5486.8374     335.4730     237.0981     991.5572     278.0887     313.6031    2609.6254     721.3920
     347    7635.9618     365.5380     358.6462    2078.7060     446.1410     431.3877    3068.8562     886.6867
     348    7852.9380     421.4116     557.7208    1280.6530     454.2842     515.4329    3771.7352     851.7003
     349    7134.4917     496.3863     341.6469    1310.5027     520.6221     410.3664    3282.7356     772.2316
     350    7703.6625     693.5221     561.4238    1353.1909     400.5805     439.7202    3284.6036     970.6213
     351    7038.6204     480.0095     500.5899    1517.5337     410.9240     503.9054    2840.1980     785.4600
     352    5393.9325     320.0221     240.4449    1035.3800     315.2801     285.8558    2459.1902     737.7594
     353    7081.1109     651.6115     487.3588    1384.9868     488.8943     422.9739    2772.9975     872.2881
     354    4905.7196     350.7466     285.7137    1233.5679     358.0138     269.1220    1705.8597     702.6958
     355    5992.0537     372.5210     272.9452    1256.8185     501.1632     450.0561    2639.1163     499.4334
     356    7702.7878     494.2584     303.0932    1541.5581     414.6024     365.9245    3765.4594     817.8918
     357    8260.1670     406.1243     355.1766    1694.8365     533.5435     374.8603    4100.0857     795.5401
     358    9030.1808     675.3978     645.6624    1909.5507     492.7563     429.5003    4053.1349     824.1784
     359    7549.3825     451.2288     341.9441    1193.6313     507.6330     438.8896    3760.3315     855.7242
     360    7910.1521     381.0406     482.4915    1504.5946     548.8006     469.7760    3703.6888     819.7600
     361    8676.9540     572.4327     473.0884    1640.1799     557.6460     434.1910    3836.5446    1162.8714
     362    7417.5270     352.2050     283.0080    1552.0393     433.7434     470.5164    3497.7690     828.2460
     363    8125.1269     584.0677     505.1125    1786.9725     394.2289     430.7093    3305.3884    1118.6476
     364    7428.0485     468.7329     343.8194    1604.7262     373.7756     365.3076    3442.9659     828.7211
     365    8740.6730     728.7119     510.1598    1706.0558     535.2116     369.3831    4066.9990     824.1517
     366    6443.3317     481.1955     343.1444    1260.6316     438.0374     354.7074    2765.1348     800.4806
     367    7466.8988     465.3923     482.4779    1400.3351     475.2283     366.1793    3265.9582    1011.3277
     368    6071.9569     328.3701     362.4890    1170.4596     388.9271     325.0424    2907.1920     589.4768
     369    6097.0586     603.8580     438.7011    1331.8504     392.0413     357.4948    2464.9582     508.1548
     370    6810.5065     327.6754     278.6135    1519.1191     658.0644     456.9019    2849.8266     720.3055
     371    6984.1943     396.7683     291.6631    1640.0099     514.9608     428.6941    3058.0385     654.0596
     372    7952.3219     405.8673     513.7210    1598.4215     464.4689     399.2732    3484.8988    1085.6711
     373    6098.8959     622.8295     477.7934     975.1580     273.7986     242.6615    2536.4192     970.2356
     374    7052.3004     706.6607     464.5488    1696.1267     448.0468     383.9194    2601.4061     751.5920
     375    7723.5690     348.8837     309.1227    1256.8695     695.4500     513.5879    3618.8359     980.8192
     376    7630.7152     662.6526     691.8522    1401.6070     399.2018     302.5218    3333.2045     839.6755
     377    5766.4826     416.0189     294.7437     965.1528     383.7669     339.3803    2693.6118     673.8081
     378    5947.5828     527.5460     313.2740    1312.2378     386.5493     388.2166    2381.8264     637.9327
     379    6331.1018     626.0203     479.7132    1544.6705     356.5551     359.8560    2203.3685     760.9181
     380    7839.4028     665.7350     393.9219    1419.5329     779.8917     461.7853    3295.5181     823.0178
     381    6724.9001     675.3074     461.1663    1684.1467     517.4666     394.1676    2126.7872     865.8583
     382    7815.1911     579.8510     442.9137    1727.0896     540.9697     509.6037    3131.3442     883.4192
     383    8234.9252     796.0638     528.1507    2017.4756     593.7163     593.9092    2888.3706     817.2389
     384    8402.7936     466.4411     589.3251    1851.5404     362.7647     323.1425    3724.6976    1084.8823
     385    7316.5592     460.8245     377.3947    1439.7561     367.6323     325.6377    3585.3157     759.9981
     386    7218.8750     685.5085     411.6810    1463.7235     588.1610     457.1227    2885.4759     727.2025
     387    7863.0273     542.3182     463.2823    1501.7939     540.0398     511.3092    3283.5383    1020.7456
     388    8378.4402     569.9244     376.6463    1745.0391     684.0425     550.0156    3542.5521     910.2202
     389    8448.2144     523.4642     489.9625    1630.6308     627.3304     475.2648    3564.2619    1137.2999
     390    8659.5426     469.9884     538.7201    1859.6925     528.1769     413.1630    3628.4763    1221.3255
     391    8346.0191     501.9884     514.0514    1888.7958     582.4637     498.7909    3356.1361    1003.7928
     392    7888.5662     493.5143     471.4991    1796.5205     578.5222     499.5728    3085.6251     963.3122
     393    8973.5090     566.8041     520.0873    1705.9575     601.8643     533.5231    3839.6385    1205.6341
     394    7541.2493     454.0174     366.5830    1398.5608     482.2983     436.4453    3446.5269     956.8176
     395    5616.7908     357.3195     299.2836    1230.2976     411.8725     390.9990    2205.9161     721.1025
     396    8123.6837     459.8392     480.9094    1854.0336     651.2718     530.3270    3181.7234     965.5792
     397    8205.2369     567.1733     463.3380    1468.4851     606.2542     457.3088    3667.7561     974.9213
     398    4843.2624     397.3481     248.7087     817.7204     337.5195     332.2844    2232.9081     476.7731
     399    4961.5906     414.8158     296.5755     935.6384     328.8321     279.4309    2102.6225     603.6754
     400    6681.4602     753.8435     503.4424    1193.9815     402.3732     340.3413    2761.6284     725.8499
     401    7143.7464     697.6626     529.7410    1704.0070     459.2561     425.0767    2416.0159     911.9872
     402    7538.2883     588.1831     572.6559    1669.8437     434.3732     321.6787    3251.3032     700.2503
     403    9600.7716     546.6612     536.4545    1999.9265     634.5798     547.6458    4106.1296    1229.3742
     404    7796.2766     395.9968     415.2546    1578.6320     543.9479     551.5091    3364.8993     946.0369
     405    9374.9967     497.8013     732.9381    1925.6066     487.3438     364.1952    4004.3349    1362.7768
     406    7749.9784     569.7629     460.6638    1443.9657     445.4560     335.9967    3653.6294     840.5038
     407    6893.2510     485.0356     414.9314    1050.4552     462.2787     419.1407    3244.1351     817.2744
     408    7569.4002     368.1453     425.6394    1741.3143     629.6219     498.6732    3243.1809     662.8251
     409    7568.7907     438.7668     550.0008    1520.7178     533.6391     581.6310    3119.5183     824.5169
     410    6364.5523     356.5983     304.3772    1294.8656     537.5799     463.2116    2508.8107     899.1090
     411    4887.2130     334.3251     245.2961     869.8117     420.0112     359.5164    2116.4652     541.7871
     412    8083.1050     653.4953     481.8945    1581.5005     500.8011     412.7555    3374.2438    1078.4142
     413    9149.7185     447.2290     490.0013    1875.2739     661.0940     542.7593    4004.6047    1128.7563
     414    7174.3726     692.1898     578.1828    1341.0673     339.0906     368.6498    3035.4344     819.7579
     415    8779.8456     603.2276     551.4095    1788.5070     548.5162     479.9742    3673.0172    1135.1940
     416    7406.6921     554.0413     387.3038    1548.9057     518.8651     362.0659    3135.8947     899.6156
     417    6438.6199     315.4773     271.0987    1217.2102     501.8861     429.1994    2982.8715     720.8766
     418    8117.2519     895.5479     745.4772    1812.8598     423.0957     359.9161    3101.6279     778.7272
     419    8764.1911     572.1662     502.3181    1823.9432     625.7236     511.4103    3665.3283    1063.3013
     420    7185.8319     455.2030     412.4338    1626.3222     525.6974     470.3485    2786.8530     908.9740
     421    9028.0226     564.9308     535.1026    1734.1662     603.4079     544.3940    3941.2957    1104.7255
     422    6411.9289     555.4507     376.1538    1070.7422     289.4734     309.1612    2927.2386     883.7090
     423    5495.2882     313.2038     313.6826    1219.6126     397.6251     414.4019    2148.5578     688.2044
     424    7808.0413     355.2765     287.8077    1939.4475     494.0007     429.7216    3656.8413     644.9460
     425    6192.7411     781.4487     547.4015    1107.4910     411.6091     431.4391    2105.9607     807.3909
     426    6200.6781     401.5854     452.3035    1248.2792     569.7057     494.0786    2156.9270     877.7988
     427    6980.1452     347.9429     331.1100    1602.5043     613.2377     437.8629    2755.5241     891.9633
     428    7795.0461     494.8058     476.1325    1925.5701     505.9181     440.4237    3170.9782     781.2177
     429    7272.2032     682.3030     429.9611    1419.3401     492.8242     395.5479    3163.4840     688.7429
     430    8374.0787     536.0143     455.5473    1694.7759     574.5629     527.3437    3671.6071     914.2275
     431    8413.0809     553.6532     524.4057    1753.2418     600.4509     493.2292    3462.7572    1025.3430
     432    6734.3099     711.8025     467.0055    1306.0987     392.6239     321.3255    2982.7963     552.6576
     433    5779.1580     382.4626     293.0970    1055.6633     448.2896     421.9952    2518.3481     659.3022
     434    7721.8271     527.0170     361.7302    1363.3600     572.5587     514.2416    3475.5219     907.3977
     435    7145.3162     576.1999     402.3176    1791.9280     550.5798     538.7907    2326.5967     958.9035
     436    8427.4271     588.2390     563.5215    1785.1318     628.9236     472.7602    3252.2859    1136.5652
     437    8250.7793     534.0682     494.5032    1870.4937     520.4660     458.6758    3329.1664    1043.4060
     438    8605.4020     496.0787     505.9328    1809.0181     614.9035     485.0674    3663.6103    1030.7911
     439    8074.9486     492.7736     562.1864    1770.3207     513.9782     438.2723    3335.7814     961.6361
     440    8082.3527     580.0113     447.9297    1691.0125     558.4981     562.7317    3382.8068     859.3626
     441    8065.2122     568.9818     509.6623    1287.8060     619.8387     527.1784    3465.3604    1086.3848
     442    5493.1756     311.5611     262.5963    1145.7465     452.4012     421.4245    2167.3622     732.0839
     443    6288.6801     486.2144     527.7403    1287.4349     478.3439     437.7042    2579.1777     492.0645
     444    5898.1942     388.6700     329.7916    1257.3617     577.1658     440.7142    2061.1821     843.3087
     445    5592.7136     375.3659     337.4782    1002.3890     408.5113     344.4171    2415.3774     709.1748
     446    8508.8492     501.4916     510.4252    1521.0548     585.7311     511.2980    3758.3071    1120.5414
     447    8202.2052     566.4071     528.5003    1686.0919     616.8266     433.6932    3275.9456    1094.7406
     448    8062.9009     586.1490     506.5730    1311.3719     511.7810     430.6044    3580.5402    1135.8814
     449    8112.0280     448.2394     494.7612    1676.7500     498.4273     528.9677    3506.3038     958.5786
     450    7693.9619     592.0407     504.9855    1582.8584     459.9677     415.7055    3133.0380    1005.3660
     451    7836.4607     524.5468     422.3967    1507.0704     524.2356     443.7235    3419.5211     994.9666
     452    6712.0591     483.2756     459.6942    1511.5655     443.1890     399.5399    2631.0395     783.7554
     453    7217.2504     447.6328     364.2044    1429.6429     602.9850     467.3797    3142.0291     763.3766
     454    8064.1374     614.5341     455.8696    1492.2320     551.1065     415.5209    3386.3073    1148.5670
     455    8792.5970     640.5900     493.7501    1910.2965     612.7124     461.5970    3562.5073    1111.1437
     456    6895.0835     526.2330     355.7300    1334.8403     488.9361     431.2877    2920.6203     837.4360
     457    7714.4367     556.4905     408.3581    1436.6232     509.0377     460.7498    3355.7158     987.4616
     458    8027.2327     629.2830     547.9016    1635.0906     510.1274     440.0810    3254.1592    1010.5899
     459    8143.4381     495.6910     480.8718    1701.2054     615.3155     518.5235    3447.0081     884.8228
     460    8251.3054     473.5996     673.0954    1667.8960     424.6197     438.2436    3772.7201     801.1311
     461    6929.5362     865.9405     423.6952    1212.3254     591.6528     560.4538    2623.7277     651.7409
     462    7412.1688     542.4738     449.3005    1294.2198     500.5767     497.0191    3187.8202     940.7586
     463    7659.6097     462.8607     402.4753    1576.9249     572.2374     476.9219    3330.3648     837.8247
     464    7358.8218     654.5428     442.9645    1526.3028     507.2927     434.8755    2811.4407     981.4027
     465    6402.8193     397.5470     394.8221    1210.9306     464.2899     419.0356    2789.8200     726.3743
     466    8514.2344     459.7993     549.8340    1780.9413     556.3435     452.0868    3651.4028    1063.8268
     467    7312.6541     826.8466     492.8037    1575.6446     459.1360     449.0935    2680.7538     828.3759
     468    5877.0930     415.5284     433.3451    1390.7287     392.7753     288.7810    2178.5861     777.3484
     469    7715.0058     667.1006     676.0003    1684.5711     499.7431     388.9505    2872.9850     925.6551
     470    8308.1658     858.0923     572.0086    1644.1096     579.1871     450.3648    3280.7203     923.6831
     471    8497.9437     775.2731     573.2791    1840.9746     619.3728     541.2875    3320.9366     826.8200
     472    9007.2662     542.4480     440.5941    2336.4772     571.4998     621.4474    3705.1339     789.6658
     473    7147.8537     657.7066     484.2506    1896.0648     567.4886     447.9134    2116.0781     978.3517
     474    5825.9220     315.5931     256.1474    1420.1533     532.8105     451.7016    2011.2908     838.2255
     475    8031.1331     505.1330     487.1389    1639.3986     534.5662     462.3544    3420.5568     981.9851
     476    7336.8783     587.9749     399.5596    1651.5200     489.3009     454.0124    2912.4310     842.0794
     477    6663.2177     460.9141     428.4596    1170.7908     435.5954     329.9857    2962.4943     874.9778
     478    8313.6266     621.4383     499.7421    1654.9618     551.3249     455.1451    3375.5371    1155.4774
     479    7538.6310     638.6718     534.2174    1632.3896     534.1455     521.3718    2861.5671     816.2677
     480    8587.7460     797.0755     562.9510    2050.7631     595.8563     529.9948    3418.0546     633.0507
     481    5861.4151     394.5108     388.5327    1147.3495     484.5949     403.5547    2140.5705     902.3022
     482    7774.2608     402.6101     394.6657    1467.8025     593.1290     487.7451    3512.6045     915.7040
     483    5581.8572     452.4479     351.6351     939.0972     366.7641     341.4429    2417.6611     712.8088
     484    6931.6290     476.2637     324.6560    1262.0912     486.5385     393.1024    3255.2679     733.7094
     485    7255.4125     469.8669     433.8126    1405.7258     604.1787     441.2107    2973.2417     927.3760
     486    6504.0706     478.2039     327.9098    1244.2662     363.2351     275.8130    3082.6877     731.9548
     487    8059.6101     551.7544     566.6748    1688.5663     475.8667     431.5987    3272.3743    1072.7749
     488    7373.7582     380.9697     314.8568    1357.2071     553.7127     518.8534    3431.7957     816.3627
     489    6152.3517     392.3185     355.6127    1537.0487     367.1420     358.3671    2608.9677     532.8950
     490    6301.6091     582.7459     457.1303    1525.1019     370.3110     344.9976    2231.9813     789.3411
     491    8869.0836     566.2041     538.7568    1605.7643     617.7298     501.2568    3889.0904    1150.2814
     492    6994.1777     489.5821     421.1269    1057.3028     608.0029     520.0904    2919.6743     978.3984
     493    6572.0292     629.2728     421.8187    1006.6402     581.8446     516.4696    2821.1815     594.8018
     494    6946.5153     541.6666     577.3436    1448.9217     580.2075     558.8332    2364.5968     874.9460
     495    6674.3819     350.8174     381.0537    1686.5116     445.8596     399.3651    2847.6711     563.1033
     496    6211.4576     339.9458     295.5653    1465.5921     489.7955     444.2103    2559.2096     617.1389
     497    8296.7012     482.6019     491.9590    1648.6703     590.3795     538.1222    3575.5364     969.4319
     498    7956.7399     613.7496     449.9073    1665.8046     559.2675     434.3458    3225.0563    1008.6089
     499    7770.7142     572.4279     500.6769    1556.0095     507.9450     408.6786    3196.8062    1028.1701
     500    8738.6556     525.4804     567.3812    1888.8952     624.4572     519.9019    3566.5780    1045.9618
