#Frame       dist_T_P
       1       9.4317
       2       6.4413
       3       7.5889
       4       6.6337
       5       6.8907
       6       7.4795
       7      12.7312
       8      11.0385
       9      10.5491
      10       7.8946
      11       8.7542
      12       9.4156
      13       7.4294
      14       7.6042
      15       6.0265
      16       7.3481
      17       8.0126
      18       7.1407
      19      11.6027
      20       6.9513
      21      13.7593
      22      13.1062
      23       6.5294
      24      10.5433
      25       8.7164
      26       6.2299
      27      11.0726
      28      10.7260
      29       7.6104
      30      12.6567
      31       8.2550
      32       7.7456
      33       7.0059
      34      10.3160
      35       7.5174
      36       8.9101
      37      11.1258
      38       6.0547
      39       7.9421
      40       7.7762
      41      12.7562
      42       6.9195
      43       5.7625
      44      11.4694
      45      10.2386
      46       7.2355
      47      11.6632
      48       9.8981
      49      10.7574
      50      13.4661
      51      12.6749
      52      13.5098
      53      10.1193
      54      13.5912
      55       9.7154
      56      12.4336
      57       7.9323
      58       6.0316
      59       6.2599
      60      11.4172
      61       7.9649
      62       7.5093
      63       7.4756
      64       8.0528
      65       7.9342
      66      13.0961
      67       7.4007
      68      11.4069
      69       8.1932
      70       7.5748
      71       9.4668
      72      11.0493
      73       6.6532
      74       7.4409
      75       8.0985
      76       7.5040
      77      13.8315
      78       7.2707
      79       7.4336
      80       6.3602
      81       6.6711
      82       6.9214
      83       7.4816
      84       6.4100
      85      11.5619
      86      12.5891
      87      14.2714
      88       7.3942
      89       6.8708
      90      10.8077
      91       7.8988
      92       6.6664
      93      10.2200
      94       6.9865
      95       7.4644
      96      12.6990
      97       7.3449
      98       6.5064
      99      11.0990
     100       7.2649
     101       7.7277
     102      12.0939
     103       8.9608
     104      12.1652
     105       8.4218
     106       7.7719
     107      10.6284
     108       6.7335
     109       8.1695
     110      13.3116
     111       8.4293
     112      12.1597
     113       7.0934
     114       8.8787
     115       6.8506
     116       7.7459
     117      14.1338
     118       6.3875
     119       8.9052
     120       9.9304
     121       6.6854
     122       8.1048
     123       7.3575
     124       6.7968
     125       5.9215
     126       8.3170
     127       7.7261
     128       6.5074
     129       6.8169
     130       8.1883
     131       6.5875
     132      12.0049
     133      12.5377
     134      11.4743
     135       8.9627
     136       8.0228
     137       7.6523
     138       9.0014
     139      13.1353
     140       9.8008
     141      10.2014
     142       8.1350
     143      10.3755
     144      13.9947
     145      11.2888
     146      12.7938
     147      11.3043
     148       8.5210
     149      10.4825
     150      13.3153
     151       7.6074
     152       8.1640
     153       7.4478
     154       7.5258
     155       6.5544
     156       7.2747
     157       9.3114
     158       7.8759
     159       8.1455
     160       9.6659
     161       7.4438
     162      11.0556
     163       6.2450
     164       7.7598
     165      10.5860
     166       8.1977
     167       7.3725
     168       7.9799
     169      13.8770
     170       8.0868
     171      10.7312
     172       6.0130
     173      12.5916
     174      10.9764
     175       5.8745
     176       7.5772
     177       7.8690
     178      13.7704
     179      10.5863
     180       9.3733
     181       7.5143
     182       8.5121
     183       9.0251
     184       7.9424
     185       6.5232
     186      12.6854
     187      12.0231
     188       7.9341
     189      13.8333
     190      13.5630
     191      13.4584
     192      12.1502
     193      12.3108
     194       6.5034
     195       7.9949
     196      10.3390
     197      12.4884
     198      13.6850
     199       7.3816
     200       7.0697
     201       8.3301
     202       7.9643
     203       9.5337
     204      13.4224
     205       6.2737
     206       7.4314
     207       7.7382
     208      12.6892
     209       7.2145
     210       7.8030
     211       7.7036
     212       7.4213
     213       7.8065
     214      13.9708
     215      11.4222
     216       8.9047
     217       8.1685
     218      13.8611
     219       6.6129
     220       8.2996
     221       8.1100
     222       7.6850
     223      12.5834
     224      13.4417
     225       7.4875
     226      13.1320
     227       6.3162
     228       9.5840
     229       5.2886
     230       6.0079
     231      11.7583
     232       7.9027
     233      13.1958
     234       6.6703
     235       7.8532
     236       9.0017
     237       8.0877
     238      10.8925
     239       7.7688
     240       6.6714
     241       7.6584
     242      12.2648
     243       7.4965
     244      14.1498
     245      11.9409
     246       7.5348
     247       6.8839
     248      13.4632
     249       7.6859
     250      10.4564
     251       7.9374
     252       6.1445
     253       8.7892
     254      12.7558
     255       7.5721
     256       6.6197
     257       8.9690
     258       6.4870
     259       9.0496
     260       6.3923
     261       7.3444
     262       5.8791
     263      12.8813
     264       7.5279
     265      12.9819
     266       7.2043
     267       8.3457
     268      11.0797
     269       8.2030
     270       5.7884
     271      11.4712
     272       8.7834
     273      10.8794
     274       7.6910
     275       8.2178
     276       9.5691
     277       8.8559
     278       7.6152
     279       7.0012
     280      11.4519
     281      13.2180
     282       7.2429
     283       9.2458
     284      10.9450
     285       8.0750
     286       7.8197
     287       7.3384
     288      10.2012
     289      12.1266
     290      11.7809
     291       7.9402
     292       7.7612
     293       8.9524
     294      11.2369
     295       7.4453
     296       8.9047
     297      10.5646
     298      12.3982
     299       6.7797
     300       8.0197
     301       7.1297
     302       6.3242
     303       7.7110
     304       8.6171
     305      11.6006
     306       7.4723
     307       8.1010
     308      11.9529
     309       7.0527
     310       9.1530
     311      12.1376
     312       8.9696
     313      11.0609
     314      11.1895
     315       9.0112
     316       7.1370
     317       7.9801
     318       8.7765
     319       9.7202
     320       7.3500
     321       6.8458
     322       7.8290
     323       5.6515
     324       6.2599
     325      11.3074
     326       7.8153
     327       7.7601
     328      11.2352
     329       8.6767
     330      12.5266
     331       7.6940
     332       7.8512
     333       8.3483
     334      12.2334
     335       7.6206
     336      11.8631
     337       9.6606
     338       6.2361
     339       8.3224
     340      11.5218
     341      10.9798
     342       8.5087
     343       7.3288
     344      10.2837
     345       6.5544
     346       7.5639
     347       6.7622
     348       6.7118
     349       6.3629
     350       7.1621
     351       6.7788
     352       8.0751
     353       7.4479
     354      12.1852
     355      11.1434
     356       6.5614
     357       7.6310
     358       7.1348
     359       6.1928
     360       6.4395
     361       7.2684
     362       7.7807
     363       7.0643
     364       7.0251
     365       6.0019
     366       8.5908
     367       6.3822
     368      10.9395
     369      14.1414
     370      11.4413
     371       9.6668
     372       7.6537
     373       7.7779
     374      12.5692
     375       7.1780
     376      11.0116
     377       9.2386
     378       8.0396
     379      12.1363
     380       8.2450
     381      10.8661
     382      11.7434
     383      13.1674
     384       7.5998
     385       7.6571
     386       8.6692
     387       8.1778
     388       7.6796
     389       7.5303
     390       7.8021
     391       7.5635
     392       8.5945
     393       7.4661
     394       7.7711
     395      10.4650
     396       9.0725
     397       7.8443
     398      11.8958
     399       9.3225
     400      11.3092
     401      11.8908
     402      11.8898
     403       6.7549
     404       6.8881
     405       6.7022
     406       7.9085
     407       8.1276
     408      11.9746
     409      12.0590
     410       9.7658
     411      12.1577
     412       7.1616
     413       8.1894
     414       8.1147
     415       7.3531
     416       7.4293
     417       8.2862
     418      11.1392
     419       7.8544
     420       8.9876
     421       7.3497
     422       7.5320
     423       8.8627
     424       7.7293
     425      13.2529
     426      11.4629
     427      10.2148
     428      11.9004
     429      13.2370
     430       8.1362
     431       8.3225
     432      10.8715
     433      10.1435
     434       7.2668
     435      10.4910
     436       9.5706
     437       9.2177
     438       8.4203
     439       8.5782
     440       8.1637
     441       7.6261
     442       7.3963
     443       8.3284
     444       8.2861
     445       9.5157
     446       7.7673
     447       7.7155
     448       6.9738
     449       6.6046
     450       7.6412
     451       8.8105
     452      11.1939
     453       8.1612
     454       7.5503
     455       7.2596
     456       9.2564
     457       7.0212
     458       7.2190
     459       9.8169
     460       8.4463
     461       7.4099
     462       8.0350
     463       8.4379
     464       8.1722
     465       7.7795
     466       7.1782
     467      11.8715
     468      11.1708
     469      10.9131
     470      11.7078
     471      11.3105
     472      11.0287
     473      11.8783
     474      12.9044
     475       8.2571
     476       8.4641
     477       7.7366
     478       6.8882
     479      13.3836
     480      12.2369
     481       9.6150
     482       7.7426
     483       8.8265
     484       9.8193
     485       8.2693
     486       7.7181
     487       8.4769
     488       8.0260
     489      11.3269
     490      10.0733
     491       7.5587
     492      10.7603
     493      11.2907
     494      10.9236
     495      13.0307
     496       8.4696
     497       8.5691
     498       8.0553
     499       8.3088
     500       8.2362
