#Frame       dist_T_I
       1      17.4549
       2       6.9046
       3       7.5175
       4      12.9703
       5      12.5053
       6      16.4407
       7      10.0584
       8       8.4519
       9      10.0846
      10      13.3773
      11       5.5154
      12      15.0650
      13      10.8815
      14       8.2012
      15       8.2779
      16      10.6057
      17      12.6163
      18      10.8929
      19      12.8853
      20      10.3036
      21       8.8974
      22      11.3497
      23      10.8783
      24       5.2433
      25       7.2554
      26      11.5886
      27      10.9977
      28      13.2479
      29       7.1242
      30       9.7340
      31       6.3464
      32      15.0933
      33      14.2456
      34       4.6367
      35      12.5787
      36       9.6692
      37      11.6818
      38       8.0719
      39       6.3720
      40       8.3662
      41       8.2538
      42      14.2369
      43      11.9901
      44      13.3226
      45      22.9607
      46       8.0801
      47      12.8862
      48      10.3610
      49       6.2403
      50      11.1551
      51       6.3266
      52       9.9654
      53       7.3064
      54      10.3302
      55       6.9746
      56       6.9823
      57       7.5055
      58       9.1219
      59      13.0546
      60       9.9015
      61       3.9618
      62      14.4936
      63       4.9731
      64      10.9906
      65       7.5539
      66      12.5622
      67      10.9442
      68      10.7928
      69      15.0771
      70      22.8402
      71      14.4196
      72      12.8302
      73       9.3770
      74      12.7359
      75       8.6814
      76       6.9278
      77       9.3164
      78      14.6297
      79      13.7436
      80      11.4036
      81      11.0867
      82       7.9305
      83       8.3211
      84       7.9892
      85       6.5937
      86       9.6156
      87      12.8460
      88      10.4083
      89      13.5432
      90       8.6969
      91       8.4991
      92       7.0777
      93      11.1754
      94      12.3425
      95       5.9303
      96      15.8033
      97       7.1833
      98      11.3269
      99       9.8026
     100       6.8985
     101       9.0577
     102      13.4829
     103       7.5150
     104      13.3786
     105      10.5434
     106       7.7472
     107      14.2911
     108      11.4119
     109       7.3848
     110      10.8423
     111       8.9423
     112      12.4352
     113       8.6061
     114       5.4450
     115      14.4191
     116      11.6818
     117       6.5507
     118      10.4358
     119      14.7013
     120       9.7008
     121       8.4574
     122      11.6502
     123      13.5677
     124      10.7692
     125       8.7036
     126       7.8333
     127       4.9734
     128       6.3724
     129      11.6616
     130       8.1570
     131       6.3909
     132      12.7701
     133       7.7377
     134      12.0537
     135       7.1823
     136      14.5208
     137       8.6852
     138      14.9607
     139      15.9004
     140      13.2878
     141       7.3875
     142      11.6224
     143      13.7526
     144      13.5405
     145      11.7306
     146      13.0280
     147      12.9842
     148      11.2484
     149       5.6377
     150      12.0209
     151      10.0053
     152      14.7773
     153       7.7433
     154      10.6040
     155       8.6362
     156       7.0082
     157       9.1644
     158       8.2655
     159      12.4199
     160      10.8655
     161      15.3820
     162      11.6963
     163      13.0922
     164      10.2218
     165      12.4433
     166       9.3191
     167      14.1811
     168       9.2046
     169       8.1111
     170      14.4812
     171      12.7167
     172      12.9416
     173       6.9599
     174      12.0344
     175       6.2089
     176       8.3224
     177      12.0187
     178       6.6397
     179       3.4338
     180      15.1853
     181      10.9004
     182      12.0584
     183      13.5303
     184       6.8535
     185      11.8471
     186       4.5042
     187      11.5670
     188       8.6442
     189      12.0424
     190      16.3676
     191       7.1407
     192       9.0864
     193      11.5507
     194      10.3645
     195       7.3175
     196      12.9665
     197       9.6191
     198      14.8606
     199      13.2323
     200      11.7025
     201       8.2632
     202       5.3968
     203       8.6835
     204      12.2084
     205       4.0996
     206      10.8414
     207      15.2070
     208       3.6926
     209       9.2445
     210       8.7075
     211      20.8060
     212      12.1805
     213      19.0015
     214      12.7909
     215       7.1322
     216      12.6708
     217      11.5007
     218      10.3271
     219      13.2181
     220       4.8437
     221      12.3486
     222      14.9436
     223      14.9507
     224       8.8491
     225      12.2348
     226      14.4369
     227      14.1354
     228      11.7102
     229       9.6273
     230       6.2742
     231      10.9407
     232       9.0605
     233      11.5011
     234       6.0657
     235      12.5009
     236      13.5270
     237       7.5709
     238      14.0396
     239      14.5320
     240       5.6609
     241      12.3769
     242      16.7975
     243       8.3793
     244      14.0090
     245      11.6777
     246       6.0083
     247      10.7492
     248      11.9330
     249       9.6836
     250      10.3565
     251      13.2619
     252      13.3104
     253      19.5957
     254      14.1297
     255      12.7927
     256       6.8833
     257       8.6280
     258       6.3766
     259      13.6858
     260      17.5803
     261      10.4748
     262       7.2986
     263      12.1982
     264       7.6196
     265      13.1007
     266      10.3615
     267      13.6291
     268       9.4353
     269      11.2823
     270       5.0239
     271      10.5175
     272      14.4439
     273      12.2761
     274       8.2085
     275      12.9650
     276      13.8907
     277      17.8223
     278      13.9218
     279      13.9693
     280      13.7608
     281      12.4413
     282       6.5851
     283       6.4863
     284      14.6884
     285      11.8383
     286      11.5828
     287      11.8043
     288      11.3363
     289      10.5489
     290      16.1414
     291      15.5602
     292       4.2721
     293      12.3096
     294      12.6400
     295      13.5103
     296      11.9073
     297      14.9112
     298       6.0879
     299      14.3259
     300      14.2006
     301       7.0907
     302      10.9860
     303      17.5088
     304       4.4750
     305       8.9933
     306      12.4514
     307       9.2813
     308      12.1346
     309       9.4834
     310      14.0384
     311      14.4802
     312       6.5846
     313      16.1534
     314      13.3218
     315      13.1418
     316       8.9851
     317      11.7905
     318       8.0995
     319       7.5242
     320      10.9070
     321      13.3908
     322      10.8179
     323      10.4996
     324      14.9984
     325       7.2565
     326       8.3066
     327      12.1452
     328      12.6066
     329      13.0989
     330      15.1349
     331      14.6964
     332      16.4607
     333      13.0986
     334      10.5386
     335      10.9816
     336      11.0028
     337      14.3265
     338      10.2094
     339      14.6543
     340      10.6552
     341      12.7213
     342       4.1950
     343       8.3718
     344      11.8267
     345      15.1880
     346      13.1244
     347       9.5656
     348       9.6169
     349      11.6776
     350      14.1032
     351       5.3822
     352      10.6533
     353      14.1520
     354      16.2485
     355      12.1248
     356      10.1357
     357      13.7179
     358      10.3678
     359      12.9777
     360       9.1270
     361      12.6001
     362      11.5057
     363      16.0943
     364      11.4003
     365      10.1131
     366       7.0899
     367      13.0399
     368      19.4272
     369      11.7030
     370      10.6678
     371      12.7740
     372      11.2547
     373      14.7743
     374      14.2905
     375      11.3439
     376      10.1252
     377      15.6451
     378       3.8637
     379       6.4917
     380       5.1626
     381      17.0012
     382      14.2097
     383      13.7961
     384       9.6861
     385      14.0346
     386      10.1229
     387       9.7171
     388       8.7638
     389      12.7165
     390      12.6874
     391      10.2008
     392      11.5720
     393      10.4301
     394      12.1750
     395      11.7973
     396      11.8520
     397      10.9354
     398      11.7687
     399      11.8328
     400      11.3737
     401      12.1099
     402      14.1943
     403      11.0435
     404       9.1107
     405       7.2536
     406      12.8954
     407       8.8086
     408      11.7964
     409      11.2951
     410      15.0479
     411       7.9211
     412       9.3097
     413      14.5055
     414      12.4039
     415       9.4881
     416       7.4220
     417       8.0967
     418      13.7296
     419       8.7977
     420      12.0193
     421      12.4355
     422      12.7543
     423      12.0282
     424       8.2891
     425      14.2174
     426       8.7012
     427       8.7889
     428      10.9786
     429      13.9364
     430      13.6718
     431       7.4580
     432      14.5510
     433      10.3529
     434       6.1758
     435      13.0156
     436       6.9481
     437       6.0978
     438       7.0043
     439       7.2167
     440      12.3543
     441       8.8267
     442       8.2817
     443      15.7270
     444      10.7156
     445      10.3826
     446       6.3606
     447      10.0315
     448       7.5768
     449      12.2651
     450      11.4026
     451      12.1308
     452      11.7130
     453      10.0153
     454       9.7575
     455      13.4602
     456      12.6049
     457      10.8145
     458      12.5699
     459      11.7867
     460      15.8597
     461      15.9107
     462      12.0414
     463      11.1752
     464       6.8833
     465      11.1438
     466       6.2802
     467      11.1218
     468      20.7179
     469      13.2528
     470       7.1779
     471      16.2147
     472      13.3928
     473       4.0728
     474      12.7496
     475      14.1214
     476      13.9043
     477       8.5207
     478      10.6729
     479      12.0946
     480      12.6207
     481       9.3175
     482       8.2671
     483      13.7323
     484      15.4472
     485       7.5790
     486      15.6217
     487      13.6640
     488      11.7956
     489       9.0397
     490      13.1756
     491      14.9774
     492      12.6141
     493       7.6657
     494      11.8047
     495       9.6137
     496       6.9924
     497       5.5975
     498      10.3717
     499      11.3087
     500      14.5900
