#Frame         global     SA_00002     SA_00003     SA_00004     SA_00005     SA_00006     SA_00007
       1    3838.8907     312.5239     235.4914     844.1850     282.7190    1688.8681     475.1033
       2    6775.1913     430.2238     425.3886    1530.6362     481.9530    3120.5373     786.4524
       3    6282.2322     419.7196     307.5496    1540.6877     409.8990    3102.4361     501.9403
       4    6786.8940     505.2198     522.0793    1130.5051     414.3564    3485.9433     728.7902
       5    5094.5381     375.5253     350.0685     964.5144     287.4377    2453.0190     663.9733
       6    4960.7323     350.8539     293.7189     838.8946     299.2243    2520.4712     657.5694
       7    6869.1190     565.3392     454.1688    1509.4107     503.0765    2966.2523     870.8714
       8    6766.5821     646.3069     412.4496    1280.5116     530.6531    3159.9654     736.6955
       9    5029.9208     479.4194     412.1981     968.9194     403.2837    2296.4793     469.6209
      10    4808.0708     389.2148     309.2539    1108.6019     356.2362    2064.5555     580.2085
      11    6077.5221     384.5004     370.3753    1226.2747     389.7062    2993.6843     712.9813
      12    5837.3162     573.6313     351.0069    1332.2958     425.6627    2573.4862     581.2332
      13    5581.9241     378.3046     359.0837    1339.5916     431.4572    2562.7272     510.7600
      14    6058.9773     371.8251     295.4308    1464.5302     497.7540    2845.8176     583.6196
      15    6984.3635     330.5410     257.5895    1696.0203     510.3818    3445.1285     744.7023
      16    5360.6936     491.7994     337.8340    1203.8993     345.1579    2412.2779     569.7252
      17    5985.0160     383.5535     391.7609    1164.0110     427.7202    2951.7988     666.1717
      18    7494.8002     440.7108     438.1644    1584.0969     592.7350    3595.7573     843.3359
      19    6598.5219     426.4598     360.0461    1189.0186     615.2647    3283.9892     723.7434
      20    5443.2444     304.5785     215.0014    1396.4061     452.8463    2432.5360     641.8760
      21    6257.6487     320.3173     294.7098    1202.9804     416.7585    3190.5818     832.3009
      22    5463.8150     375.8090     256.0982     950.8945     369.3720    2791.5623     720.0790
      23    5838.7585     409.5713     302.3292    1125.0588     387.5545    2866.5489     747.6958
      24    6831.9685     757.1218     544.8725    1069.1165     501.2697    3273.7208     685.8673
      25    7180.5050     335.7868     347.1218    1546.7896     576.3837    3589.5956     784.8276
      26    6025.2477     337.1717     275.7742    1077.0489     465.6569    3081.6754     787.9207
      27    6559.1150     370.4671     351.1555    1241.7340     415.6954    3382.0497     798.0132
      28    6911.3600     412.0289     490.8263    1262.2571     558.8463    3405.1502     782.2512
      29    7079.2115     416.1554     333.3299    1775.2096     461.0244    3403.8021     689.6901
      30    5846.5024     350.6563     356.0222    1242.1692     382.7009    2837.4329     677.5208
      31    7482.5217     644.2330     541.0563    1538.6349     401.9649    3607.9740     748.6586
      32    6768.2810     454.6270     511.7757    1147.3883     491.8884    3340.4795     822.1221
      33    5772.0331     393.7557     320.8723     985.5066     420.2705    2879.6917     771.9363
      34    8375.1705     535.8218     591.4529    1683.9152     457.3432    4229.6950     876.9425
      35    5850.3011     387.4365     324.8015    1300.2954     523.9901    2787.8698     525.9078
      36    6420.9361     373.1740     299.6345    1182.0609     460.5086    3322.8607     782.6974
      37    6714.2359     483.7620     462.1800    1390.0135     413.8861    3196.3020     768.0924
      38    6787.9300     479.8493     712.1796    1234.0933     473.0635    3074.3446     814.3998
      39    7881.2196     511.0151     511.6949    1823.5720     440.1318    3912.0052     682.8006
      40    6920.8349     446.2853     494.0153    1374.3056     353.1915    3453.5483     799.4890
      41    6085.9857     305.4674     237.5186    1162.3051     393.1421    3150.5642     836.9883
      42    5824.3702     568.4098     449.7064    1160.8230     457.0701    2562.7603     625.6006
      43    4721.0856     345.1881     290.4088     969.2143     295.9147    2241.2602     579.0995
      44    6487.7950     599.4969     659.7903    1778.0483     659.2696    2071.2721     719.9177
      45    5680.7311     544.7835     470.2039    1142.7127     611.0647    2067.7003     844.2660
      46    6897.2070     564.5321     447.8453    1820.2702     463.4645    3062.0045     539.0905
      47    7107.2758     624.9002     640.9117    1215.9952     391.4080    3339.1555     894.9053
      48    4591.6916     420.9140     299.7034    1144.9124     369.6962    1875.8682     480.5975
      49    6192.4709     702.4895     379.2133    1511.2996     523.1176    2470.6143     605.7367
      50    7082.7074     797.0431     704.4429    1460.3050     674.6218    2649.2947     796.9998
      51    7787.9632     907.0058     693.8193    1755.2644     735.3988    2799.4551     897.0198
      52    5329.4216     340.0972     279.0883    1219.9119     479.7474    2450.6976     559.8792
      53    7263.7696     460.3788     415.8592    1820.7301     564.6393    3248.1796     753.9827
      54    5927.0759     579.5267     530.2422    1177.4674     536.6668    2592.5890     510.5838
      55    6463.0449     417.3540     380.9766    1299.3845     394.0867    3123.5476     847.6954
      56    6473.4053     388.4612     269.9357    1239.0015     419.4417    3338.8804     817.6848
      57    6161.5810     550.3750     401.3522    1538.9320     578.0352    2624.1494     468.7372
      58    6973.8796     395.2542     386.8859    1604.1936     375.1294    3292.3935     920.0230
      59    8106.7826     707.8761     651.5599    1725.6246     547.6980    3567.6040     906.4199
      60    5939.8322     532.4023     407.0007    1583.9962     471.2544    2404.1205     541.0581
      61    6599.7826     428.1004     302.4512    1362.6571     429.6063    3256.5886     820.3791
      62    5059.0325     318.6190     245.7033     835.9122     301.2665    2619.1541     738.3772
      63    6306.2643     337.3491     246.1938    1478.7875     373.9232    3108.9940     761.0167
      64    5108.5438     346.0069     331.9557    1174.7289     370.2442    2353.0302     532.5779
      65    7497.2174     346.5713     460.0799    1736.4296     427.1373    3676.3870     850.6123
      66    5432.1117     545.9327     349.0884    1130.7671     482.8936    2298.6247     624.8053
      67    6119.9130     380.6284     265.1438    1185.4395     528.8709    3015.4193     744.4112
      68    7197.8774     722.9493     378.5955    1534.4937     497.9311    3267.8337     796.0742
      69    5000.6912     428.1671     430.1698    1224.6315     453.6897    1910.0914     553.9417
      70    4848.4384     317.5690     422.3684    1130.9157     433.8832    1816.0855     727.6165
      71    5512.1475     402.2799     450.4651    1076.6464     509.2790    2569.3806     504.0965
      72    6716.0539     438.1483     344.3419    1463.2988     462.8141    3240.8849     766.5658
      73    5977.8114     780.6081     436.6142    1047.7138     486.4354    2679.0629     547.3771
      74    7780.8412     629.5092     627.8266    1832.8262     455.3023    3051.6382    1183.7388
      75    6254.5548     319.0261     228.4817    1230.2077     436.9620    3167.6196     872.2577
      76    6618.6349     490.0825     501.0335    1102.6811     528.2582    3199.2949     797.2846
      77    6695.3768     807.0813     521.6382    1484.0562     580.9113    2669.0387     632.6511
      78    4793.5057     420.6782     340.3171     976.7023     362.3456    2219.4732     473.9893
      79    5642.6428     508.9078     465.4472    1301.9354     348.9767    2303.4998     713.8760
      80    6096.9973     373.0630     289.8316    1448.0295     446.3743    2771.8042     767.8946
      81    5345.5430     372.7588     336.9854    1425.0381     529.5800    1894.3176     786.8630
      82    6602.3695     345.4487     391.2854    1833.0769     582.9900    2907.1729     542.3956
      83    6530.8889     391.1372     414.2147    1751.2084     512.7290    2793.9244     667.6752
      84    5968.7261     426.7370     312.3070    1209.6083     386.1145    2915.9292     718.0301
      85    6252.0121     393.5856     311.8175    1170.2143     526.7364    2921.9624     927.6960
      86    7309.7167     602.3585     566.2881    1801.7487     637.1066    2988.4407     713.7742
      87    5591.0816     411.5512     333.7932    1096.6003     296.6487    2665.8885     786.5997
      88    6991.7065     512.2063     455.2897    1452.1811     410.0376    3411.5198     750.4720
      89    6910.7367     420.8748     483.9272    1473.3106     538.3598    3206.4583     787.8059
      90    6582.5643     494.4612     315.4305    1260.4204     626.0937    2966.8686     919.2899
      91    6010.0145     364.0608     368.3164    1079.7391     401.4184    3038.4031     758.0766
      92    8202.3738     490.7110     497.4964    1907.5706     463.8081    4048.3565     794.4312
      93    5307.1067     331.0613     265.8963     935.5865     313.0890    2693.1320     768.3416
      94    5862.7113     571.0985     349.5034     906.9030     466.1059    2826.8819     742.2186
      95    6500.5362     752.6350     486.5431    1658.8114     505.9621    2485.9134     610.6711
      96    5195.4335     470.1861     396.1841     975.4888     365.2510    2476.4147     511.9088
      97    9389.2320     650.9045     637.7232    1949.3920     600.5921    4493.4658    1057.1544
      98    4994.2254     369.9370     293.7531    1227.9754     455.8507    2158.6412     488.0681
      99    6086.3605     330.2628     284.0997    1315.7150     472.9435    2957.9807     725.3588
     100    6928.0093     716.2638     549.4205    1591.9865     626.7859    2767.0911     676.4615
     101    5429.4369     302.8077     232.3823    1326.1938     448.2153    2535.9833     583.8545
     102    4575.9257     323.8602     245.7575     889.1022     344.6450    2214.6065     557.9543
     103    5888.6181     330.6725     374.9553    1377.4694     432.5786    2775.9771     596.9651
     104    6903.0582     639.4122     449.4236     955.6402     453.6699    3580.9935     823.9190
     105    5468.0254     356.9141     266.0180    1012.3215     488.2786    2714.5019     629.9912
     106    6813.1529     308.1422     279.6916    1326.1453     511.6324    3550.2188     837.3228
     107    6678.5997     398.1006     450.9596    1062.6946     459.7762    3507.9102     799.1586
     108    5892.4257     384.4085     343.2576    1183.3707     353.5771    2819.1787     808.6330
     109    5979.4571     678.3209     462.7517    1201.7479     531.1292    2470.7040     634.8034
     110    5464.8558     348.4578     285.9254    1403.2095     428.9554    2469.4807     528.8270
     111    6931.9647     423.0052     300.3793    1625.5936     426.6371    3283.3454     873.0041
     112    7717.7183     533.7539     338.1754    1239.6051     472.0575    4139.2785     994.8479
     113    6309.0093     352.5221     351.1944    1031.9467     591.2610    3255.3817     726.7035
     114    5999.7244     499.9248     440.8116    1080.5942     475.1572    2771.2844     731.9522
     115    5279.4337     336.2323     282.3097     945.2458     335.0937    2573.7642     806.7880
     116    6085.1746     500.4172     411.1155    1238.4822     482.2876    2856.9521     595.9200
     117    6452.4475     733.4301     449.3497    1192.7570     486.3700    3050.6646     539.8760
     118    6889.9519     506.6457     336.8298    1610.2887     503.9769    3073.0919     859.1188
     119    5590.1978     474.4515     368.3345     909.3403     450.5708    2697.2076     690.2931
     120    7501.0449     443.3627     441.3638    1560.2386     543.8062    3842.6003     669.6734
     121    7287.6952     546.6104     543.6842    1169.1977     506.5730    3703.5044     818.1254
     122    6431.0934     457.0889     505.9474    1055.8160     496.2009    3097.0870     818.9532
     123    5451.9695     304.4365     229.3394     945.9329     377.6786    2828.4613     766.1208
     124    6007.5400     372.6449     348.4871    1203.9931     460.2389    2854.2893     767.8867
     125    8171.0560     644.8169     465.8467    1935.1388     619.0660    3641.2258     864.9618
     126    6577.3062     471.1301     380.4938    1427.5791     513.6466    2961.7036     822.7529
     127    7655.2598     485.3871     624.7363    1718.5590     415.2242    3593.4416     817.9117
     128    6308.6545     739.8757     539.7118    1168.2737     418.0152    2774.1011     668.6770
     129    6578.1654     423.5894     451.6484    1528.2666     422.3448    2976.2914     776.0248
     130    8246.1749     441.7306     437.9947    1817.2215     476.3385    4187.5489     885.3408
     131    6744.4100     504.1206     433.8484    1669.5964     557.6520    2865.5931     713.5994
     132    5822.5780     498.3777     450.7509     936.5545     444.7421    2793.9335     698.2193
     133    6905.4356     597.2808     503.0595    1787.1009     510.8462    2938.6482     568.5000
     134    7515.7317     603.9656     619.0191    1460.7266     566.6039    3456.7203     808.6962
     135    6007.1818     432.7823     314.2024    1195.0563     375.8789    2954.9102     734.3517
     136    7176.1380     534.7237     503.6821    1440.8770     537.9491    3338.4810     820.4250
     137    6315.3609     328.0198     239.2857    1283.3520     439.1696    3157.4349     868.0989
     138    7348.3944     385.5832     528.9064    1225.9855     541.5557    3745.4725     920.8912
     139    5756.7120     404.9017     324.7688     946.4775     428.4919    2895.6009     756.4713
     140    6059.4507     387.9502     442.8980    1340.1638     445.1930    2862.0877     581.1580
     141    6616.5416     309.8642     253.2609    1393.5979     467.8135    3427.3740     764.6312
     142    5946.5095     378.5188     325.2407    1206.2088     352.7637    2886.1275     797.6500
     143    7189.6595     732.9781     531.2234     955.9718     409.9966    3583.3229     976.1667
     144    5359.1497     352.0907     379.5025    1054.2304     365.6536    2568.0458     639.6267
     145    6412.2246     343.2833     458.6108    1058.9228     408.9725    3272.6299     869.8054
     146    7064.4987     734.2396     522.3577    1595.1734     546.7607    2861.2623     804.7050
     147    6350.8376     323.9386     363.1913    1348.4186     475.4094    3106.9268     732.9530
     148    5704.6834     419.5010     329.7863    1081.1589     342.2623    2764.4207     767.5542
     149    6434.2312     330.2807     329.5040    1339.4686     468.0379    3265.6219     701.3180
     150    5466.9044     309.9465     257.5573    1422.2092     583.3783    2001.1460     892.6672
     151    7788.7735     448.0765     459.7848    1904.1472     610.5899    3498.1595     868.0156
     152    4639.3178     510.6684     340.9482     849.6702     371.6621    2069.8052     496.5635
     153    6399.6760     497.7178     634.4299    1619.3009     484.7982    2300.2598     863.1694
     154    4898.8231     385.1144     290.2767    1236.5243     347.2893    2105.6772     533.9412
     155    7293.5744     545.3768     608.7359    1448.4019     412.5544    3504.3867     774.1188
     156    6982.5004     946.7438     356.2734    1178.1895     468.4735    3202.4302     830.3900
     157    7633.3626     561.0167     711.9421    1244.3157     516.6966    3721.8190     877.5726
     158    6068.9285     797.6026     406.6060    1221.0455     520.9259    2557.0704     565.6782
     159    7046.7185     449.2400     509.5060    1687.2303     474.9769    3066.6978     859.0675
     160    6550.4958     827.5750     441.9681    1253.6871     435.2538    2817.2506     774.7613
     161    5615.6764     550.3933     437.4162    1326.1752     568.9868    1980.8197     751.8851
     162    6202.0361     537.1116     345.2525    1074.0942     396.0823    3095.2534     754.2421
     163    5238.3720     409.5658     320.8398    1450.6378     439.7141    2131.1000     486.5145
     164    6839.4522     744.8724     508.5732    1564.0931     363.1742    2963.1994     695.5399
     165    4652.0107     405.6134     274.1804    1006.4030     370.0581    2119.8466     475.9092
     166    5683.8054     322.0513     272.6042    1111.7030     391.2790    2844.6082     741.5597
     167    6026.3475     472.9917     312.8557     967.2134     349.5025    3103.5290     820.2551
     168    6788.9902     334.4292     282.6803    1653.3616     453.6681    3251.0643     813.7868
     169    7869.4211     427.7098     395.7108    1702.8580     530.3216    4060.0345     752.7865
     170    4553.3639     331.5737     259.2010     898.6969     254.6210    2161.9287     647.3426
     171    5060.1441     383.8061     280.6423    1427.2690     385.8708    1783.5405     799.0153
     172    5535.2414     493.4102     383.8190    1623.3719     368.4070    1791.2039     875.0295
     173    6931.2384     542.2030     422.3154    1595.2826     357.3354    3284.9071     729.1949
     174    5712.9831     319.7864     239.7266    1086.7206     461.0690    2879.6217     726.0588
     175    5264.1008     395.1904     287.8888     959.9026     328.8834    2536.2347     756.0009
     176    6871.9816     735.8173     570.2384    1249.7593     475.7062    3215.8883     624.5721
     177    6799.2055     433.7800     429.0954    1278.8079     475.3110    3350.1166     832.0947
     178    5694.6970     452.5515     380.1511    1241.1086     473.6416    2382.5687     764.6755
     179    7853.7202     474.5520     547.4046    1591.3694     423.7939    4036.5112     780.0890
     180    7265.2799     522.3841     468.0912    1086.5698     493.9118    3725.0769     969.2461
     181    5621.0710     510.7215     382.3961    1082.9143     409.3493    2591.8629     643.8268
     182    4582.6185     400.0650     383.7780    1076.7975     287.9851    1920.4726     513.5203
     183    6247.6942     414.0253     492.9604    1458.8375     537.1805    2435.1777     909.5128
     184    6500.4516     479.8259     329.9682    1637.2065     543.0691    2813.2033     697.1785
     185    6142.8605     320.1250     247.8449    1329.2003     562.1452    2847.3964     836.1487
     186    7196.5080     556.2526     500.5462    1480.9973     657.0368    2970.9768    1030.6983
     187    6540.2916     549.3204     459.0094    1319.4167     485.4194    2992.2244     734.9012
     188    6161.5413     358.6341     348.1448    1282.9364     681.8308    2631.5548     858.4404
     189    7636.2202     374.1836     343.7868    1985.5198     705.8427    3296.9370     929.9503
     190    5457.3667     521.4359     517.0106    1275.4378     387.0400    2006.6951     749.7472
     191    6027.6008     490.1203     370.6735    1623.9075     424.2113    2585.2769     533.4114
     192    6633.3749     466.3103     527.4205    1073.0199     482.7439    3263.4914     820.3889
     193    5674.8256     365.0556     283.4717    1025.9469     438.9739    2890.4306     670.9469
     194    6271.5534     678.8023     310.8206    1173.3292     441.7008    2941.3573     725.5431
     195    6235.4483     630.6591     456.1581    1265.8446     373.5323    2873.1006     636.1536
     196    5291.3965     320.0676     252.7610    1326.4225     477.0879    2126.8314     788.2262
     197    6042.9688     348.5909     278.4454    1082.9938     426.2789    3131.7352     774.9245
     198    7128.9981     617.3510     700.7613    1016.7164     488.8010    3453.5049     851.8635
     199    6230.8979     431.1297     338.2414    1588.3770     560.3027    2573.8722     738.9747
     200    7124.7897     442.3814     421.6260    1790.8462     577.2613    2847.4265    1045.2483
     201    5661.0743     350.2042     303.5198    1540.2557     479.0376    2309.6344     678.4226
     202    7189.3635     590.0561     529.2811    1624.6206     664.1709    2839.8746     941.3602
     203    6536.0356     456.7216     447.4381    1525.5475     566.3110    2894.7400     645.2774
     204    5636.7722     323.8790     255.9951    1305.2656     434.3993    2623.3815     693.8517
     205    4724.7705     319.2165     232.4670    1026.9191     360.6908    2261.9410     523.5361
     206    6564.2153     565.5337     377.1614    1439.7641     410.8097    2981.4609     789.4856
     207    5842.6461     358.2695     354.9849    1562.8882     522.2942    2099.3529     944.8565
     208    8417.8343     489.5441     519.9054    1970.3889     760.5544    3580.6651    1096.7763
     209    7267.3692     695.4574     356.4598    1307.4430     459.1145    3582.6451     866.2494
     210    5363.8284     452.7747     305.6367    1291.1295     394.2202    2297.0006     623.0668
     211    4289.8088     344.1541     255.7170     851.4371     361.7930    1867.1713     609.5363
     212    6690.4428     549.7475     382.4634    1712.7865     412.0695    2880.6414     752.7344
     213    5199.9891     324.9195     413.1181     866.5724     359.3838    2545.5973     690.3979
     214    6613.3219     498.4203     476.7472    1132.2979     486.2525    3206.6210     812.9830
     215    6072.6249     493.7992     314.9811    1423.8121     416.7351    2825.4073     597.8901
     216    6496.7170     622.8487     499.6974    1155.8007     650.0138    2654.1802     914.1763
     217    6656.1961     394.2411     379.0070    1714.7532     556.1077    2945.5317     666.5554
     218    5390.4196     339.3299     257.3152    1418.9446     429.6076    2414.0740     531.1483
     219    6356.1128     428.0452     359.8830    1490.8077     591.4539    2604.5089     881.4140
     220    7029.9817     653.8709     482.5502    1583.6937     373.3288    3355.0064     581.5317
     221    5669.1349     355.1949     277.2471    1137.0313     519.5892    2636.5536     743.5188
     222    6836.3810     713.6866     429.2070    1045.6870     595.2111    3192.5065     860.0828
     223    5634.4482     429.7136     336.5505    1612.9412     536.4269    1886.2586     832.5574
     224    5912.5318     335.4635     389.0111    1205.1422     614.4289    2609.8275     758.6586
     225    7538.8057     922.5528     389.7477    1645.2771     596.7539    3001.8662     982.6081
     226    6615.3780     430.7497     436.8532    1152.2761     550.4029    3195.4756     849.6205
     227    5515.1388     373.6050     349.8932    1043.8414     462.4805    2612.1937     673.1250
     228    5696.8030     312.2307     228.8247    1479.8655     535.6378    2368.7711     771.4733
     229    6136.3133     463.4216     414.3233    1187.2895     399.8649    2899.9715     771.4424
     230    6591.9597     388.3697     343.3062    1525.0480     511.1653    3119.3212     704.7492
     231    7318.3094     642.1407     534.6893    1857.6632     583.7874    3016.9799     683.0488
     232    6148.7956     479.7142     315.4569    1380.1642     529.2690    2865.8503     578.3411
     233    6897.0476     437.8130     645.0708    1062.6262     397.4670    3499.5631     854.5075
     234    5951.0156     560.6486     483.0989    1156.4002     477.3140    2695.8479     577.7060
     235    5733.8790     498.3320     378.0026    1008.4110     391.9414    2835.3452     621.8467
     236    6040.1710     358.7813     348.5012    1202.6408     573.4941    2761.6217     795.1319
     237    5372.8290     401.8827     370.8851    1188.0573     419.7424    2430.2911     561.9705
     238    6864.0905     730.3480     610.9872    1143.0669     553.4248    3003.4839     822.7797
     239    4491.9812     309.4013     245.6050    1098.3228     323.5831    1899.0787     615.9904
     240    5590.1627     335.2768     280.1384    1372.9403     410.2076    2698.5363     493.0633
     241    6024.1708     611.9944     605.1131    1528.7500     443.8430    2106.2951     728.1751
     242    5034.9645     511.5130     442.7120    1130.8567     468.2638    1899.7918     581.8273
     243    6401.8416     777.6471     389.3875    1280.9714     568.3845    2515.4644     869.9867
     244    6617.3126     344.3912     377.2857    1791.8511     632.8619    2651.0471     819.8755
     245    4903.7967     364.6719     286.2348    1371.9615     390.5865    1851.4678     638.8743
     246    5859.5434     334.0108     266.6843    1362.9990     544.3163    2625.0291     726.5039
     247    6423.8124     538.8783     311.1951    1584.7292     467.7467    2840.6374     680.6257
     248    6532.9317     333.7807     311.0357    1717.3863     718.2564    2536.1431     916.3295
     249    6493.6747     497.1162     554.9985    1317.0382     369.8004    3105.4403     649.2812
     250    4381.3102     313.0342     245.5059     968.6053     341.0344    2034.8360     478.2944
     251    6627.2083     565.5456     407.4577    1657.5058     523.3083    2602.7153     870.6756
     252    6837.4375     493.9477     393.2091    1628.1272     627.3011    2764.7328     930.1196
     253    4139.0973     339.1725     267.5472     899.4406     320.6320    1779.7540     532.5510
     254    5600.9331     377.2858     332.1293    1290.3503     466.2173    2342.9434     792.0070
     255    6366.1093     457.1900     334.5844    1565.2387     540.9703    2527.4961     940.6298
     256    6070.6949     473.5724     635.0780    1262.7701     368.8450    2647.9795     682.4498
     257    6596.1846     491.2838     450.3715    1370.4460     432.5711    3295.1925     556.3197
     258    7563.9662     367.8018     494.5998    1414.7889     670.5786    3916.4892     699.7080
     259    7136.0054     681.1563     365.5227    1594.3037     630.5933    2895.6172     968.8122
     260    7714.8759     872.2648     674.0894    1814.5585     713.3177    2581.0227    1059.6229
     261    5896.3524     424.9610     331.7006    1081.6489     606.9686    2536.5228     914.5504
     262    5293.2819     345.3763     323.9551    1089.6123     400.1525    2549.0630     585.1227
     263    5969.4276     313.6072     310.7283    1389.8956     605.2195    2534.5136     815.4634
     264    4727.7106     313.7151     224.7628     983.0434     490.9320    2038.5848     676.6725
     265    5340.7659     478.2761     451.7218    1112.6313     473.1196    2000.3516     824.6655
     266    5085.3349     336.1509     257.3061    1282.1582     515.6651    1897.0600     796.9945
     267    5385.4378     443.7382     314.0341    1100.0713     339.1607    2475.0575     713.3761
     268    5502.4164     414.2109     347.3343    1091.6455     342.5817    2644.1802     662.4639
     269    6779.3598     549.3740     519.5034    1017.0263     356.8053    3501.6753     834.9756
     270    6252.2161     477.6571     391.4526    1601.1869     451.7229    2821.8042     508.3923
     271    6256.6383     309.5001     270.5076    1434.5469     459.8566    3058.5297     723.6974
     272    6086.7143     470.5564     420.0353    1010.2428     338.9002    2944.4246     902.5549
     273    6577.6700     479.2202     491.3181    1378.1302     626.5596    2679.1756     923.2663
     274    7740.3763     424.9446     401.0714    1649.8148     401.1688    3819.6844    1043.6923
     275    6194.4161     321.2834     277.4752    1436.9507     567.4883    2680.6944     910.5240
     276    5655.9771     499.9585     524.2315    1373.0045     413.1636    2209.8719     635.7470
     277    5746.1561     380.9043     348.6321    1602.8217     544.0693    1936.2024     933.5263
     278    5945.1810     418.2003     499.8510    1183.8155     576.6693    2338.5938     928.0511
     279    5489.6067     618.0469     398.0576    1105.7612     504.8425    2193.0967     669.8018
     280    5328.2002     497.3667     393.9624     977.6009     528.7274    2420.0879     510.4550
     281    6263.8577     327.2921     252.4957    1615.6458     629.6149    2438.6665    1000.1427
     282    5613.1570     334.7414     254.4475    1184.3899     408.9987    2790.6419     639.9375
     283    6487.7904     539.9056     393.9286    1428.7957     367.7975    3117.5631     639.8000
     284    5692.2867     430.9771     427.7254    1302.5690     528.0777    2159.5542     843.3833
     285    6288.4715     416.6697     526.8934    1288.9691     430.2974    2827.1046     798.5371
     286    5125.7652     390.8373     310.6899    1252.1653     501.9596    1978.3659     691.7473
     287    7266.4956     793.4024     378.5190    1585.4732     515.1102    2953.2216    1040.7691
     288    7280.9127     761.2172     369.0293    1595.5552     552.2564    3027.6911     975.1635
     289    6579.2933     683.1930     441.4626    1200.6223     668.3906    2812.3693     773.2555
     290    5339.5107     315.9766     271.5501     921.5487     360.4438    2713.5579     756.4336
     291    6037.8115     497.1651     287.3685     826.2738     363.1577    3205.3732     858.4733
     292    6536.9236     318.8150     364.4216    1465.1806     471.9604    3292.1954     624.3505
     293    5872.1923     366.4330     497.0359    1530.2608     471.1987    2149.1483     858.1156
     294    6478.3079     445.1528     387.0370    1500.4990     466.1073    2766.3087     913.2031
     295    5840.3610     448.3177     366.2768    1429.5994     479.8261    2373.4076     742.9334
     296    6653.9154     531.5033     534.6568    1372.7623     676.9202    2759.3934     778.6794
     297    6297.2753     521.7423     475.3088    1489.6528     556.8102    2367.3410     886.4201
     298    6378.5689     468.1583     435.7393    1618.6769     574.0316    2506.8056     775.1570
     299    7015.9156     399.6485     693.9917    1765.4164     549.0827    2694.4384     913.3379
     300    6265.1393     450.8302     422.7124    1683.0260     550.5340    2260.5957     897.4411
     301    7244.1995     463.5271     416.0901    1719.2175     560.2197    3339.0230     746.1220
     302    5977.7663     353.7096     252.8647    1147.6292     462.3416    3006.1116     755.1096
     303    5817.4061     510.3980     364.0003     889.1771     401.4526    2926.8514     725.5267
     304    8949.6495     643.3986     492.2969    2090.3517     436.7510    4418.8817     867.9696
     305    7358.0258     311.6669     311.7380    1666.4964     527.6902    3721.1164     819.3179
     306    7048.3132     353.2688     315.0824    2024.6628     701.5439    2655.9685     997.7869
     307    7354.7334     446.2025     392.8448    1906.2791     530.8047    3266.8057     811.7966
     308    5291.6483     489.0948     315.7548    1194.5948     450.8489    2353.8289     487.5262
     309    5053.2726     405.4884     294.1389    1343.1167     410.6703    2048.7624     551.0958
     310    6819.7008     514.7350     581.8584    1538.0931     686.2704    2668.5115     830.2325
     311    4836.5765     302.0795     240.2945     909.6606     376.3922    2385.2990     622.8507
     312    6230.3342     676.6186     331.0864    1511.2523     547.3000    2350.3535     813.7234
     313    4700.5463     422.3164     305.2406    1160.9118     426.2006    1811.3719     574.5050
     314    5753.6540     489.5128     338.4724    1277.8190     403.1148    2424.8166     819.9183
     315    5876.5530     515.9456     409.4450     897.8704     378.1283    2909.1656     765.9980
     316    6799.6954     666.3548     501.3374    1891.9367     497.9174    2377.8622     864.2869
     317    6940.9967     795.9234     477.6539    1415.3889     623.8039    2981.5248     646.7017
     318    7842.8200     409.3346     353.9945    1905.4703     500.0744    3911.5628     762.3834
     319    7344.5066     544.2359     518.3509    1570.5469     520.5762    3285.4846     905.3121
     320    5669.1027     361.6624     277.1374    1206.3814     497.3321    2683.0662     643.5231
     321    6386.1042     311.7907     324.6256    1833.2765     607.6758    2409.4394     899.2962
     322    5650.4784     425.8196     364.9294    1080.6207     626.4971    2355.9716     796.6401
     323    6723.2069     384.1868     425.3397    1665.3808     564.2835    2860.8253     823.1909
     324    5863.0683     313.7564     327.3285    1343.8429     572.8807    2456.4247     848.8350
     325    5674.3679     456.6656     308.7775    1104.3182     360.8581    2745.7753     697.9733
     326    6370.3825     478.0755     350.0562    1424.8506     484.7564    2852.4465     780.1973
     327    6658.5328     382.1170     416.6820    1492.8705     594.3327    2917.3950     855.1356
     328    5702.8036     416.8838     370.9860    1350.5096     466.0161    2268.7050     829.7031
     329    6405.1253     355.6569     309.6512    1315.1228     592.2798    3053.1628     779.2519
     330    4965.1908     330.1680     265.6087     975.1655     477.3226    2324.0363     592.8897
     331    5992.7471     752.2525     296.1805    1484.7672     563.6694    2177.4629     718.4145
     332    5317.6334     312.3444     256.7833     883.5684     403.8793    2727.4917     733.5664
     333    6398.0235     703.0494     382.7599    1763.0739     584.2844    2264.5094     700.3467
     334    6023.1907     454.4073     548.8972    1096.0349     502.0364    2615.5435     806.2713
     335    5213.2369     674.1809     321.1539    1112.8790     311.0119    2208.6187     585.3925
     336    5857.1599     409.7398     243.3595    1059.6198     470.6053    2980.1237     693.7118
     337    5369.9219     356.5339     320.4917    1139.6528     394.4775    2423.5675     735.1984
     338    5829.8277     493.0645     394.7290    1113.6034     297.2479    2755.4452     775.7378
     339    6786.7811     540.9181     483.6991    1508.4679     679.2087    2733.1124     841.3750
     340    4488.7916     352.4248     263.2619    1028.5843     354.2258    2009.3753     480.9194
     341    7069.7471     586.6383     697.7519    1253.8750     460.4323    3219.0384     852.0112
     342    6184.8104     317.4122     233.0336    1352.0313     395.4583    3165.9650     720.9100
     343    5869.9238     387.5626     269.5790    1605.1006     452.0057    2637.9944     517.6815
     344    6751.4346     662.5768     527.2768    1278.2178     474.7457    2961.7380     846.8796
     345    6552.7287     525.9035     503.6432    1468.3730     586.7919    2543.0496     924.9676
     346    6062.8751     400.8321     346.8598    1567.7817     520.9945    2529.1401     697.2669
     347    7718.6191     480.7780     513.5647    1787.2958     650.0326    3672.2773     614.6707
     348    5713.9767     334.4376     393.9121    1158.0735     463.7344    2848.5680     515.2510
     349    5999.9172     446.0346     388.0551    1046.0000     480.2082    2921.5068     718.1125
     350    7241.4329     496.2903     462.1094    1774.5978     653.6445    2854.6478    1000.1430
     351    7135.0724     464.6051     432.9934    1359.5028     712.6160    3198.3497     967.0053
     352    5649.5380     347.7477     290.9486    1128.7746     405.1828    2782.0048     694.8794
     353    4542.9932     305.6775     273.0709     956.9943     368.1181    2150.8988     488.2337
     354    4897.6964     329.2396     278.9913     921.7913     295.1919    2384.4246     688.0577
     355    5358.1259     345.0647     254.9810    1255.5036     398.5451    2352.4801     751.5513
     356    6484.6249     398.0124     318.1175    1759.5487     524.0045    2681.1673     803.7746
     357    5747.2465     406.0663     424.8281    1000.1217     355.5661    2744.0474     816.6168
     358    6572.0960     497.6862     470.5993    1576.9582     443.4920    3091.9538     491.4066
     359    4998.2530     362.5299     329.0628     947.3496     361.8361    2427.5411     569.9333
     360    5921.3380     432.1868     338.0085    1207.7826     466.4313    2984.2368     492.6921
     361    5792.4190     670.5166     492.9202     948.5060     495.1384    2437.2454     748.0924
     362    7412.7910     410.0113     283.0569    1699.2117     718.2438    3250.2809    1051.9864
     363    7019.7582     592.4330     676.8604    1698.3596     583.3596    2593.1448     875.6008
     364    7438.2252     556.1566     486.1585    1640.5001     680.6118    3180.3812     894.4171
     365    6312.8196     620.8503     403.9566    1473.9978     527.9202    2463.4905     822.6043
     366    5590.1017     321.2525     296.5424    1230.3916     389.1381    2696.7224     656.0546
     367    6048.5612     368.4675     372.2827     964.6288     408.0428    3102.9755     832.1640
     368    6373.5281     787.8957     559.6138    1151.0559     544.8306    2461.2497     868.8824
     369    5264.7858     385.7354     358.8635    1185.2491     432.4591    2230.8460     671.6328
     370    7066.3274     574.0060     598.2068    1505.7370     416.7245    3103.9441     867.7091
     371    6729.5004     727.2416     559.0984    1306.2335     475.6085    2957.7842     703.5342
     372    7307.9386     402.0531     431.1994    1145.8495     532.0415    3884.2860     912.5090
     373    7083.8018     457.5070     608.4800    1771.1340     628.9183    2610.8701    1006.8924
     374    6408.1274     426.2384     321.6890    1580.4395     619.3337    2496.8349     963.5920
     375    5406.5386     319.4711     253.8713    1096.2844     530.9172    2381.9046     824.0900
     376    6288.7268     444.8860     308.5983    1475.1507     550.8871    2637.3544     871.8502
     377    5486.8808     437.8209     358.9744    1250.5565     468.8731    2247.5981     723.0578
     378    8993.5827     534.9007     471.9884    2203.0670     464.8611    4450.0808     868.6846
     379    7515.0288     555.5424     374.6512    1630.5260     495.3989    3707.2701     751.6402
     380    6192.7719     485.9825     496.9790    1452.1116     448.7877    2791.8656     517.0454
     381    4834.2303     327.4197     265.6172    1187.8702     454.2531    1884.4281     714.6419
     382    5393.0884     328.7427     280.6826    1103.7416     384.8101    2558.3356     736.7759
     383    6189.3688     469.7092     357.3798    1269.1571     530.7210    2796.3621     766.0395
     384    7612.5625     353.8653     304.3772    1772.9143     613.9994    3795.7823     771.6241
     385    5804.3405     366.9064     404.8534    1180.5381     456.0301    2682.1013     713.9113
     386    6102.3111     471.6825     272.7816    1203.9317     385.9772    2969.1526     798.7856
     387    5654.3303     411.0208     327.9786    1224.8686     399.0304    2638.0392     653.3927
     388    7555.8845     500.9493     469.4538    1801.1776     482.3954    3580.9289     720.9795
     389    5166.9306     630.9360     349.9923    1130.9451     470.4289    2087.7873     496.8409
     390    6288.0265     412.6825     386.5608    1725.8095     539.6399    2346.0841     877.2498
     391    8126.2001     604.9050     437.5387    1784.5216     488.8698    3908.7385     901.6265
     392    6016.9549     511.4992     578.9948    1088.6848     417.3779    2867.8940     552.5042
     393    4848.2118     378.2371     307.5680    1165.5198     355.3339    2169.7568     471.7960
     394    5064.1645     337.4853     272.7548    1175.2280     490.1289    2102.1164     686.4511
     395    7781.2164     419.9386     474.2916    1989.8286     672.7077    3358.1441     866.3058
     396    6125.4686     763.6764     330.6129    1088.5605     592.1990    2685.5367     664.8831
     397    6221.5873     388.4239     430.0757    1414.0979     635.9737    2480.5229     872.4932
     398    5897.1916     322.8350     243.6880    1388.2828     516.4381    2533.5920     892.3558
     399    5749.6598     616.4392     347.7691    1103.9141     522.1628    2612.2009     547.1737
     400    5291.7515     394.1421     249.9677    1184.0710     406.1473    2417.5405     639.8829
     401    7060.1587     321.2395     367.0685    1574.3863     487.0955    3444.3187     866.0502
     402    5168.6188     338.6787     334.6291    1223.4016     419.1957    2072.6220     780.0917
     403    5661.0859     404.1539     281.6096    1262.1395     495.5751    2552.8849     664.7230
     404    7717.2913     549.1879     384.0851    1923.9591     555.2561    3516.9860     787.8172
     405    8206.3295     649.6550     442.4749    1842.5827     439.0849    4014.3204     818.2116
     406    5118.7998     309.9897     254.6783    1034.3248     446.0559    2505.3020     568.4492
     407    6061.8894     344.4746     347.4759    1322.8487     568.0956    2711.8700     767.1247
     408    6562.3102     723.3612     465.2707    1353.4629     379.2387    2810.5854     830.3913
     409    5626.8335     375.7937     316.9778    1413.6116     453.4815    2332.7098     734.2592
     410    5235.8504     332.8346     351.7762     873.2362     316.1579    2619.9140     741.9315
     411    5721.9348     335.7855     267.9682    1046.8039     382.2200    2946.5625     742.5946
     412    7370.8234     352.4931     311.2038    1583.7279     512.5268    3746.4014     864.4705
     413    5598.3387     372.5815     414.1995    1103.2328     385.5606    2624.1849     698.5793
     414    5956.8382     485.5006     369.0845    1287.5779     561.9900    2615.8285     636.8567
     415    6568.5065     450.9446     391.8360    1586.1134     458.4127    3098.8725     582.3273
     416    5983.8957     370.6317     344.9488    1179.9826     513.3291    2984.6916     590.3118
     417    8371.7286     534.1419     413.5500    1970.4322     497.2869    4163.9624     792.3552
     418    5356.4548     333.0207     256.4781     955.5159     352.4802    2656.1393     802.8206
     419    8043.7762     439.5353     317.5948    2004.8563     717.3391    3789.4020     775.0486
     420    6691.2082     459.6059     384.3535    1749.0766     594.0405    2637.9482     866.1835
     421    6712.2794     442.9179     260.9512    1089.6836     619.1491    3439.2262     860.3515
     422    5840.5917     343.1360     295.9020    1569.2869     504.5719    2234.8597     892.8353
     423    6137.9942     607.8270     459.9423    1130.2988     593.2084    2529.3254     817.3922
     424    5791.3409     328.3664     273.2988    1128.6983     542.5560    2693.6400     824.7814
     425    5970.0303     501.1197     367.6772    1568.6025     477.5250    2147.1428     907.9631
     426    6313.4695     472.3120     318.6983    1249.4025     491.2452    3043.2951     738.5164
     427    6491.4666     655.4222     474.4245    1137.5010     308.7816    3146.8284     768.5088
     428    5769.0915     367.8139     307.7479    1185.3139     371.8815    2841.9057     694.4285
     429    5741.2128     495.2568     387.8782    1095.0992     353.5199    2679.6577     729.8010
     430    5843.9541     861.0282     459.4618    1072.7037     363.6913    2412.0910     674.9782
     431    8222.6999     626.5919     450.8651    1873.8413     401.1678    4005.7337     864.5001
     432    7509.7652     751.4062     667.0959    1414.9800     572.0054    3095.4101    1008.8675
     433    6911.1130     466.6555     671.9068    1147.7600     371.0016    3361.1007     892.6884
     434    6395.2453     524.3824     308.2123    1728.1715     416.3906    2672.5924     745.4960
     435    5707.2733     320.0776     260.9140    1531.8542     618.8202    2152.2743     823.3330
     436    6653.6689     325.6848     266.5293    1535.7262     387.4670    3354.5328     783.7287
     437    5178.9177     339.9032     286.2571    1220.7822     395.7653    2310.5393     625.6706
     438    8213.1866     317.4247     267.0594    1945.7455     623.0826    4178.5417     881.3328
     439    5516.3309     339.5901     251.4254    1455.1258     360.0052    2477.8796     632.3049
     440    6085.1155     435.2298     460.8337    1280.7368     608.2190    2529.1878     770.9084
     441    6908.4668     506.2561     415.2153    1249.8665     403.5146    3545.4514     788.1630
     442    6465.1853     519.2377     462.5239    1522.7218     472.1815    2759.6723     728.8480
     443    5227.1959     426.1735     472.4793    1229.8624     406.1847    2023.9901     668.5061
     444    5383.3003     467.2657     324.8430     956.6513     425.3309    2481.1471     728.0623
     445    7059.3664     420.1217     396.3455    1481.0251     488.3300    3546.8900     726.6541
     446    5870.2699     326.4586     254.8016    1172.8653     373.0058    3004.4410     738.6975
     447    6675.4165     449.4202     268.3448    1231.8178     474.0892    3431.7090     820.0356
     448    6773.2546     367.6174     408.9700    1625.8994     512.1743    3245.8466     612.7470
     449    5899.5442     471.0023     430.6386    1195.4269     436.3397    2814.6276     551.5092
     450    6540.5758     466.5266     492.7974    1162.1665     439.3475    3213.3103     766.4274
     451    5926.5056     311.7999     316.6800    1207.3705     482.5636    2901.6465     706.4452
     452    5613.9826     466.1869     451.4158    1032.6688     453.7409    2675.4125     534.5577
     453    7919.5981     438.8473     347.3175    1768.4375     500.1063    3919.5670     945.3225
     454    7415.9912     367.5879     387.5873    1978.1219     609.6206    3221.5332     851.5403
     455    6433.9605     561.2753     379.8130    1730.5445     574.2465    2207.6470     980.4343
     456    5226.6000     356.8999     306.7123    1150.2619     485.6413    2271.9898     655.0948
     457    5722.0073     363.2771     284.5614    1301.1379     568.0285    2566.7623     638.2402
     458    6042.2739     384.4111     305.6412    1337.9781     562.8266    2619.9349     831.4820
     459    6306.0302     340.7851     318.6609    1771.8948     642.0370    2262.4506     970.2018
     460    5943.2653     598.3107     498.5308    1456.6136     564.0386    2128.2659     697.5058
     461    5416.0824     342.5110     445.7792     929.5559     402.8569    2636.0519     659.3274
     462    6816.6492     412.3253     340.8409    1477.0720     434.9673    3400.4564     750.9873
     463    5579.2134     428.8837     371.2042    1030.5350     323.6133    2687.3102     737.6670
     464    6490.6428     524.0571     393.5342    1271.3890     380.0073    3217.8174     703.8377
     465    4741.4302     314.3537     236.1248     822.9601     280.3899    2363.2721     724.3295
     466    7976.5161     652.3388     454.7816    2204.3264     632.1799    3187.7423     845.1470
     467    7049.4348     721.4601     398.1087    1837.5703     639.7082    2449.2591    1003.3285
     468    5730.5231     762.0642     581.9486    1097.5820     483.3454    2051.9275     753.6554
     469    6910.3810     540.4623     567.0413    1817.7520     612.8303    2401.6657     970.6294
     470    7574.2149     475.3772     377.2189    1925.9872     536.1556    3622.4139     637.0622
     471    5188.6072     477.3502     298.3822    1064.8715     471.1194    2129.0763     747.8077
     472    5360.5872     450.7547     429.4577    1022.6597     514.5823    2418.9833     524.1496
     473    6625.1081     318.3697     289.9058    1523.0844     617.7834    3107.0080     768.9568
     474    5244.1657     338.1585     254.4296    1228.9007     501.8004    2302.2767     618.5998
     475    5982.1746     377.1595     432.1911    1164.4764     578.8176    2624.7032     804.8267
     476    3941.8614     313.0146     224.8573     917.5521     283.4449    1733.9588     469.0337
     477    7168.0795     372.1686     347.1613    1833.8559     474.6658    3429.1068     711.1211
     478    7023.1743     418.4384     652.5029    1663.8437     546.9710    2860.5259     880.8925
     479    6881.6649     475.6074     338.1176    1758.0933     567.5186    2714.1496    1028.1785
     480    5048.8481     320.1763     238.3190    1201.6681     390.9111    2108.5386     789.2350
     481    5793.3373     315.1348     269.5292    1441.3710     466.2572    2724.6735     576.3716
     482    8266.6344     582.6045     316.3283    1922.9252     570.7643    4011.3351     862.6769
     483    5715.7182     400.3103     327.8088    1180.7422     346.7812    2704.8253     755.2504
     484    5787.4773     464.0630     333.9039     883.6130     395.5772    2889.5398     820.7804
     485    5464.2343     440.6563     330.7351    1210.7070     365.7821    2431.7219     684.6318
     486    6916.6564     985.8202     535.0048    1780.0375     546.9097    2207.6562     861.2279
     487    6379.8315     576.3741     388.1908    1359.7003     604.8826    2741.9973     708.6865
     488    7661.0097     421.3302     384.1278    1563.1716     768.5535    3565.7525     958.0741
     489    5644.7765     457.4665     340.1651    1142.6523     296.3698    2625.9199     782.2029
     490    6276.9530     678.5167     480.4739    1087.1501     426.5332    2810.9596     793.3196
     491    5841.1441     422.4631     299.4539    1130.4834     549.9387    2624.0593     814.7456
     492    6276.9547     613.9887     387.3456    1080.3798     504.7704    2962.6868     727.7835
     493    6275.1603     610.0404     465.6841     944.8695     338.0201    3051.2748     865.2713
     494    7123.4031     511.6968     688.8951    1570.2119     420.0955    3115.2676     817.2363
     495    5376.6742     335.9397     271.2270    1001.4543     356.9980    2664.6967     746.3585
     496    5725.8836     599.1165     417.3620    1383.1839     425.0389    2163.5970     737.5852
     497    7216.1423     441.6925     333.1600    1738.6307     614.3625    3309.8052     778.4915
     498    5954.8614     359.9405     302.3582    1194.4899     370.1208    2902.8296     825.1225
     499    6588.4974     386.9966     314.5335    1486.5999     467.7044    3212.5760     720.0870
     500    6191.6176     743.7599     400.1733    1160.3502     449.6869    2659.6865     777.9609
