#Frame       dist_I_P
       1      15.7160
       2      11.5679
       3      12.8448
       4      11.5675
       5      11.3757
       6      13.9787
       7      16.9311
       8       9.9399
       9       7.6601
      10      13.7934
      11       5.3382
      12       8.4461
      13      18.5821
      14      16.4421
      15      11.8091
      16       3.2679
      17       9.3893
      18      11.2755
      19      13.3595
      20       7.9939
      21      10.1949
      22      17.2535
      23      13.7306
      24      12.7726
      25      13.6909
      26       8.8453
      27      17.2419
      28       6.3797
      29      13.4007
      30      14.0150
      31       9.2566
      32      17.0613
      33      13.8173
      34      12.4861
      35      17.4926
      36       9.8389
      37       8.8527
      38      11.8921
      39       8.0146
      40      10.4473
      41      15.6979
      42      15.6009
      43      18.5089
      44      18.3368
      45      17.8548
      46      16.7641
      47      12.2947
      48      12.0826
      49       9.2840
      50      17.3615
      51       3.2833
      52       5.3952
      53       4.1031
      54      10.9706
      55       9.6022
      56       8.4600
      57      14.0347
      58       5.8225
      59       8.0037
      60       8.5388
      61      16.9153
      62      17.8692
      63      14.5590
      64      11.0380
      65      15.0694
      66      17.9608
      67      16.1283
      68      19.4014
      69      17.8212
      70      12.2633
      71      13.3919
      72      13.1208
      73      15.9237
      74       8.6101
      75      19.7615
      76      11.3913
      77      11.2466
      78      11.0400
      79      21.7663
      80      11.8848
      81      15.1451
      82      11.8359
      83       8.2547
      84      16.9756
      85       7.0459
      86      10.8047
      87      14.3920
      88      11.5901
      89      14.1163
      90      11.9143
      91      12.9549
      92      17.1625
      93      16.1622
      94      16.1584
      95      22.1023
      96      16.1097
      97      15.8103
      98      12.3071
      99      10.9917
     100       9.9006
     101      12.7237
     102      13.0873
     103      18.7422
     104       4.7821
     105      12.4608
     106      14.3416
     107      17.3575
     108      17.1292
     109       7.6812
     110      14.7104
     111      15.4707
     112       4.5233
     113       8.4926
     114      10.9976
     115      12.5911
     116      10.2042
     117       9.5272
     118      11.4595
     119      11.6568
     120      17.2799
     121      12.3461
     122      16.3605
     123       8.8715
     124      20.3599
     125       6.2198
     126      13.6004
     127      15.6399
     128      14.1094
     129      13.7763
     130      12.7516
     131       7.6743
     132      16.2693
     133      13.2104
     134      12.4830
     135 1414072996.7282
     136 5895554832.5864
     137 71656095332.5645
     138 112636480454.4869
     139 156673543203.3971
     140 213619827423.4749
     141 277386353343.2869
     142 344163971394.5895
     143 409682398367.9180
     144 476829614135.6057
     145 544125537657.8605
     146 611459668705.2128
     147 679791906859.1975
     148 746700004634.7904
     149 813123610250.5221
     150 879011117621.3229
     151 942386902942.2889
     152 1003868373132.8368
     153 1067906145747.0759
     154 1131723106231.4302
     155 1195905575911.7798
     156 1258302083327.3616
     157 1314483469239.1472
     158 1370672394747.9004
     159 1427919231189.6165
     160 1492349574533.1809
     161 1560287455918.5515
     162 1627710277157.4832
     163 1696990539699.1382
     164 1757735173218.1130
     165 1819608716745.9758
     166 1886145942897.6309
     167 1944675456989.3193
     168 1988722437007.6670
     169 2039814009735.7292
     170 2088053744458.6755
     171 2134033386136.8235
     172 2179680505650.8008
     173 2166544948222.2495
     174 2199921232604.4272
     175 2233950059670.1001
     176 2267793066103.0659
     177 2285322868467.3955
     178 2239077564268.5586
     179 2219930293097.0308
     180 2239539941901.1719
     181 2275632305710.9761
     182 2312860136912.7051
     183 2359939045534.2266
     184 2402428999487.9336
     185 2412634825810.2461
     186 2434691089579.8452
     187 2435027280508.5054
     188 2468443233495.3564
     189 2485980943529.2363
     190 2486117456548.0435
     191 2486116686575.6562
     192 2486118240779.6494
     193 2486123316896.8384
     194 2486116843422.7749
     195 2486109485917.2124
     196 2486081367770.3896
     197 2486131273586.0166
     198 2486082509232.8242
     199 2486107148342.5703
     200 2486126910980.5483
     201 2486155314241.3608
     202 2486246028278.7988
     203 2486281732063.8413
     204 2486302321625.1626
     205 2486314612634.0459
     206 2486314612634.0459
     207 2486335515937.0215
     208 2486358843191.7417
     209 2486367227327.8042
     210 2486377465098.7856
     211 2486386505162.8613
     212 2486388843564.3813
     213 2486497580753.6553
     214 2486549111873.4087
     215 2486676528100.3560
     216 2486676528067.9814
     217 2486678666914.4180
     218 2486678666914.4185
     219 2493731548162.9600
     220 2565883225198.1255
     221 2637188175633.1113
     222 2685570916157.2085
     223 2728749306706.1006
     224 2775134970844.9082
     225 2836134653251.3271
     226 2885797857937.5854
     227 2928286783974.0732
     228 2963043689400.6245
     229 2986068926105.2021
     230 2983512837832.5869
     231 2989662600161.2544
     232 3000503097072.1753
     233 3025459550568.9170
     234 3030637272062.5742
     235 3043430307064.2173
     236 3058456643662.5562
     237 3073197769421.9331
     238 3087192206571.8105
     239 3082095664363.1846
     240 3090844692967.6333
     241 3094574874570.4673
     242 3110947093918.8174
     243 3113029730867.7461
     244 3116714686994.6865
     245 3115047791336.1597
     246 3146254499926.0869
     247 3159455665693.2524
     248 3167228972813.8101
     249 3191366831924.0410
     250 3217433754005.9277
     251 3223946973294.7246
     252 3225955413341.8145
     253 3230471956631.4780
     254 3233557408236.9023
     255 3243795267015.1230
     256 3250027344508.4111
     257 3269844446031.2163
     258 3293757211493.4478
     259 3300972972504.5244
     260 3308486882149.3081
     261 3324881684932.9805
     262 3333476932175.6353
     263 3324982723642.9185
     264 3334693668411.8867
     265 3338238909452.7754
     266 3330885023731.2212
     267 3348818843907.2534
     268 3382195699648.6309
     269 3395439113583.5205
     270 3389678662931.3667
     271 3371230430035.5635
     272 3344107446121.9521
     273 3355985566402.2886
     274 3368712513281.2305
     275 3366893116660.0581
     276 3366152759881.2314
     277 3359359740036.1836
     278 3334293978738.2441
     279 3345671303503.4248
     280 3333179283314.4517
     281 3338046068619.7744
     282 3353289273079.6372
     283 3366407482835.8291
     284 3346877782260.8013
     285 3341172578642.2349
     286 3344653162779.8315
     287 3345300792655.3633
     288 3350326516543.2920
     289 3351508061097.0264
     290 3354904518872.1426
     291 3356798598816.0508
     292 3356363861440.9863
     293 3362006583863.9009
     294 3372090365163.9414
     295 3374476322853.1221
     296 3382195861254.2749
     297 3389707890021.1919
     298 3385975609941.9648
     299 3391303109668.8960
     300 3400226863866.7383
     301 3411249568526.0063
     302 3437610922332.5757
     303 3445719908213.2700
     304 3425926891993.1846
     305 3432405801443.9126
     306 3434796767574.9443
     307 3444353765078.0044
     308 3451099198326.1777
     309 3456617173473.2646
     310 3459191621859.4673
     311 3462021527724.2549
     312 3469112921246.6592
     313 3474767621125.6577
     314 3483286224651.9414
     315 3489894702324.4551
     316 3494740882692.0317
     317 3494387695108.6782
     318 3498207714390.0771
     319 3500593895706.2744
     320 3509830899110.6509
     321 3520642561908.3159
     322 3522796391049.0972
     323 3535627245802.8867
     324 3527800857026.2148
     325 3519886520993.8330
     326 3491724168965.1123
     327 3496045459814.6807
     328 3491875662577.1436
     329 3512474237463.5200
     330 3511917263024.0259
     331 3510842584969.1714
     332 3508694262307.2505
     333 3504025432501.8320
     334 3504486390032.2939
     335 3506461176729.3486
     336 3510926180045.5645
     337 3513652089641.1011
     338 3516036590146.4507
     339 3517792052916.8301
     340 3518705320147.1909
     341 3528285171210.6216
     342 3537251851616.1416
     343 3540246960180.1680
     344 3546759169809.6133
     345 3546369411449.2764
     346 3551439375961.7637
     347 3554970764299.7148
     348 3550196532201.0420
     349 3546172269521.7227
     350 3544740848758.8184
     351 3545661866628.4189
     352 3550049767817.0391
     353 3543564168839.2612
     354 3546104821356.9702
     355 3543277420620.7217
     356 3546365824253.5166
     357 3544340027672.5088
     358 3557835960250.7881
     359 3562807148387.1621
     360 3569002098164.1528
     361 3575375811830.5991
     362 3561236162679.0029
     363 3562271315820.9199
     364 3564957863268.9883
     365 3566587153549.1367
     366 3567653080406.5259
     367 3551126141223.4673
     368 3554399245158.1680
     369 3559356873718.2129
     370 3561065078808.7251
     371 3568136935591.4263
     372 3559393534121.7227
     373 3569436200264.1084
     374 3572746343718.0400
     375 3579223922565.9272
     376 3580261406743.4214
     377 3582760413977.4614
     378 3569956954864.6753
     379 3573901678154.5664
     380 3567880082096.8447
     381 3574487430339.8667
     382 3575694439615.4160
     383 3580217034594.1948
     384 3593687148301.0469
     385 3601616745344.9136
     386 3601271393353.2866
     387 3601334142532.2700
     388 3599778077936.7964
     389 3602702139459.7524
     390 3601747769834.8862
     391 3601675576121.9517
     392 3602175777063.9785
     393 3604791468397.6138
     394 3603659094573.2314
     395 3603892316281.9683
     396 3604176096301.0552
     397 3604912167413.9517
     398 3605553563195.6245
     399 3611520311700.2290
     400 3615306150726.7803
     401 3615965524259.8408
     402 3616129835930.8350
     403 3618190918018.5693
     404 3618730692128.8120
     405 3620110534488.7773
     406 3622415104875.4922
     407 3624540706489.3599
     408 3625783322529.4385
     409 3626079800097.3418
     410 3629027048634.3179
     411 3631100041397.4868
     412 3632411836601.0615
     413 3633818320427.6650
     414 3635441123632.5220
     415 3637299635476.9980
     416 3638373519333.3862
     417 3640896782493.5195
     418 3643707081321.7959
     419 3646241103782.6255
     420 3646585537261.6777
     421 3647109494053.4111
     422 3647224400655.3535
     423 3648674458367.9185
     424 3649791960396.8296
     425 3649865421650.7881
     426 3649689405321.2183
     427 3652286955553.6504
     428 3652802411177.4717
     429 3654024564576.6343
     430 3655622408476.3896
     431 3657955156157.6221
     432 3659346872009.8589
     433 3660779212625.0508
     434 3662160782964.5688
     435 3665343713910.9282
     436 3667414923489.8062
     437 3669591587193.0449
     438 3674898221385.7783
     439 3677702425303.3862
     440 3682950137109.2515
     441 3671822188015.4663
     442 3655576417737.2661
     443 3659751082287.5215
     444 3670901895167.0996
     445 3683424292996.5332
     446 3702373818522.6377
     447 3710921696228.3735
     448 3724746069406.5283
     449 3747881219999.1431
     450 3777822680004.7334
     451 3769374822958.3560
     452 3777791695417.9688
     453 3794108378706.3408
     454 3804140396578.8438
     455 3804780751480.8545
     456 3827788681321.8052
     457 3835130441387.1875
     458 3841276226706.4634
     459 3846825462584.4902
     460 3857126896365.1240
     461 3855898488903.0049
     462 3857504446400.7134
     463 3858405925170.6768
     464 3858631615645.4790
     465 3859888171480.2646
     466 3859268593402.4790
     467 3861796265585.2197
     468 3858480643635.9043
     469 3856543164815.1279
     470 3859995796632.1362
     471 3859673660050.9116
     472 3860033889575.3066
     473 3860813012009.3296
     474 3859611342872.0103
     475 3860386428253.7178
     476 3861833334516.2046
     477 3861538052954.5737
     478 3862091592596.7666
     479 3862155852095.3940
     480 3862536043764.6675
     481 3863044620750.8765
     482 3864056615204.6162
     483 3863473543406.8516
     484 3863611351100.6523
     485 3864878113184.7993
     486 3866105904132.3799
     487 3865734602199.9878
     488 3865100089462.4678
     489 3866331833193.0415
     490 3868441530132.8882
     491 3870705745872.9268
     492 3872903336195.2598
     493 3873061356850.7217
     494 3869342696644.9546
     495 3872792332531.6562
     496 3877770826692.8110
     497 3879978126082.5215
     498 3877962110005.4697
     499 3876184116959.5059
     500 3891520893985.9893
