#Frame           aITP
       1      25.5475
       2      29.7727
       3      67.8027
       4      61.9514
       5      72.7854
       6      34.0174
       7      13.9020
       8      43.0496
       9     114.6624
      10      24.5128
      11      53.7554
      12      94.4881
      13      20.0628
      14      22.8211
      15      30.5417
      16      48.3150
      17      60.3843
      18      41.9522
      19      54.6618
      20      60.9071
      21      34.8168
      22      40.7615
      23      15.0723
      24      51.5934
      25      67.4930
      26      44.8972
      27      28.5319
      28      29.8351
      29      20.9679
      30      27.4829
      31      77.5371
      32      17.6053
      33      40.1827
      34      35.6319
      35      24.8971
      36      43.1213
      37      99.0506
      38      28.4564
      39      56.8556
      40      27.2529
      41      26.8699
      42      30.6538
      43      26.4547
      44      26.1264
      45      24.2918
      46      52.1353
      47      27.3633
      48      27.0878
      49      34.9532
      50      25.9676
      51      85.1390
      52     116.2806
      53      70.0911
      54      37.7574
      55      46.9380
      56      55.9365
      57      10.1561
      58      33.8127
      59      57.0665
      60      41.6048
      61      33.0691
      62      46.5027
      63      15.8009
      64      55.6240
      65      30.1649
      66      23.6502
      67      51.2443
      68      25.4642
      69      17.6929
      70      68.9911
      71      21.1535
      72      31.3357
      73       7.1503
      74      30.8898
      75      42.2272
      76      40.5226
      77      60.2550
      78      70.0631
      79      24.3689
      80      53.3284
      81      50.1110
      82      37.8505
      83      64.4175
      84      36.2168
      85      50.7257
      86      44.8095
      87      28.0901
      88      66.5534
      89      31.9381
      90      25.2203
      91      28.8567
      92      28.2265
      93      25.5889
      94      55.8884
      95      16.3945
      96      31.3431
      97      21.0663
      98      28.2989
      99      53.6369
     100      60.7382
     101      26.9583
     102      33.1830
     103      20.7456
     104      37.9680
     105      33.8120
     106      20.8293
     107      17.7914
     108      24.7468
     109      29.4235
     110      33.2286
     111      29.2581
     112      38.7203
     113      43.3296
     114      41.7151
     115      33.9647
     116      41.9604
     117      37.3065
     118      18.0369
     119      31.4012
     120      10.6812
     121      38.7417
     122      29.3292
     123      82.9180
     124      14.6470
     125      71.0063
     126      33.8952
     127      21.1988
     128      29.5769
     129      25.2366
     130      32.0860
     131     114.6136
     132      23.7158
     133      30.0403
     134      32.8823
     135       0.6998
     136     138.0357
     137     146.2278
     138     109.1724
     139      88.9435
     140      83.5600
     141      81.6390
     142      83.4745
     143      83.5281
     144      82.5774
     145      85.0775
     146      85.8065
     147      83.1717
     148      84.1865
     149      86.7769
     150      84.9135
     151      87.6607
     152      84.8761
     153      82.8113
     154      83.1734
     155      85.6827
     156      83.6741
     157      85.3911
     158      89.0120
     159      87.6104
     160      85.6867
     161      84.2315
     162      85.9990
     163      89.6926
     164      93.2174
     165      95.3738
     166      93.1907
     167      90.9093
     168      88.2745
     169      86.1868
     170      84.1821
     171      82.2580
     172      80.7854
     173      79.8346
     174      78.3607
     175      76.4995
     176      74.5912
     177      73.5990
     178      75.5808
     179      77.4835
     180      79.2378
     181      80.9395
     182      82.7645
     183      84.6112
     184      86.6715
     185      87.7328
     186      86.0012
     187      84.7931
     188      83.0997
     189      81.8495
     190      80.9078
     191      80.0366
     192      79.2284
     193      78.4772
     194      77.7777
     195      77.1252
     196      76.5153
     197      75.9445
     198      75.7818
     199      77.0111
     200      78.2865
     201      79.6076
     202      80.9735
     203      82.3828
     204      83.8337
     205      85.3238
     206      86.8503
     207      88.1537
     208      89.4693
     209      91.0674
     210      91.6934
     211      91.9637
     212      92.1971
     213      92.4257
     214      92.6497
     215      92.8692
     216      93.0841
     217      93.2947
     218      93.5011
     219      93.7589
     220      94.5930
     221      95.3299
     222      94.9602
     223      94.4273
     224      93.9697
     225      94.2259
     226      93.9852
     227      93.5109
     228      92.6935
     229      92.2653
     230      92.4870
     231      92.5190
     232      92.5115
     233      92.2500
     234      92.0859
     235      92.0825
     236      92.0974
     237      92.0045
     238      91.8401
     239      92.1012
     240      92.1234
     241      92.0896
     242      92.1870
     243      92.0350
     244      92.5404
     245      92.6952
     246      92.2438
     247      92.1373
     248      92.1220
     249      91.8271
     250      91.5098
     251      91.5243
     252      91.6056
     253      91.6450
     254      91.7108
     255      91.6541
     256      91.6592
     257      91.4460
     258      91.1882
     259      91.1693
     260      91.1605
     261      91.2117
     262      92.0629
     263      93.3743
     264      94.2624
     265      95.2032
     266      96.2387
     267      96.8857
     268      97.3516
     269      98.1137
     270      99.1167
     271     100.2819
     272     101.5781
     273     102.3439
     274     103.0338
     275     103.9730
     276     104.9115
     277     105.9859
     278     107.3222
     279     108.1075
     280     109.2811
     281     110.0153
     282     109.8224
     283     109.6580
     284     110.0218
     285     110.1632
     286     110.1629
     287     110.2113
     288     110.1854
     289     110.2240
     290     110.2546
     291     110.2844
     292     110.3525
     293     110.3359
     294     110.2252
     295     110.2746
     296     110.2185
     297     110.2420
     298     111.3917
     299     112.3674
     300     113.3396
     301     114.4079
     302     115.2144
     303     116.1981
     304     117.5252
     305     118.5215
     306     119.5198
     307     120.1797
     308     120.2722
     309     120.3154
     310     120.2618
     311     120.1819
     312     120.0807
     313     119.9872
     314     119.8859
     315     119.8217
     316     119.7558
     317     119.7650
     318     119.7041
     319     119.6746
     320     119.5457
     321     119.4428
     322     119.4421
     323     119.2731
     324     119.3874
     325     119.4340
     326     119.8659
     327     120.4787
     328     121.5539
     329     122.2589
     330     123.1634
     331     124.1267
     332     125.0521
     333     126.0110
     334     126.8913
     335     127.7405
     336     128.5117
     337     129.3374
     338     130.0674
     339     130.8076
     340     131.5174
     341     132.1375
     342     132.7340
     343     133.3490
     344     133.9299
     345     134.5191
     346     135.0366
     347     135.5461
     348     136.0778
     349     136.5829
     350     137.0383
     351     137.4560
     352     137.8429
     353     138.2496
     354     138.5981
     355     138.9932
     356     139.5970
     357     140.2032
     358     140.7144
     359     141.2864
     360     141.9314
     361     142.4702
     362     143.0625
     363     143.6005
     364     144.1976
     365     144.7097
     366     145.2129
     367     145.7451
     368     146.2221
     369     146.6848
     370     147.1545
     371     147.6327
     372     148.1385
     373     148.6232
     374     149.1201
     375     149.6161
     376     150.2117
     377     150.7480
     378     151.3006
     379     151.7509
     380     152.0678
     381     152.3702
     382     152.6566
     383     152.9335
     384     153.2078
     385     153.4637
     386     153.6984
     387     153.9196
     388     154.1295
     389     154.3255
     390     154.4887
     391     154.6229
     392     154.7532
     393     154.8754
     394     154.9875
     395     155.0712
     396     155.1392
     397     155.2090
     398     155.2767
     399     155.3730
     400     155.4650
     401     155.5466
     402     155.5869
     403     155.6139
     404     155.6727
     405     155.7333
     406     155.7904
     407     155.8394
     408     155.8781
     409     155.9027
     410     155.9366
     411     155.9555
     412     155.9112
     413     155.8875
     414     155.8017
     415     155.7067
     416     155.6181
     417     155.5371
     418     155.4568
     419     155.3767
     420     155.2835
     421     155.1564
     422     155.2404
     423     155.3588
     424     155.3646
     425     155.3695
     426     155.3720
     427     155.4039
     428     155.4105
     429     155.4214
     430     155.4448
     431     155.4672
     432     155.4835
     433     155.5000
     434     155.5152
     435     155.5404
     436     155.5749
     437     155.5972
     438     155.6431
     439     155.6491
     440     155.8953
     441     156.1077
     442     156.2413
     443     156.5495
     444     156.8568
     445     157.2625
     446     157.7183
     447     158.0769
     448     158.4661
     449     158.9345
     450     159.4208
     451     159.5926
     452     159.9275
     453     160.3134
     454     160.6112
     455     160.8342
     456     161.2720
     457     161.5440
     458     161.8419
     459     162.1002
     460     162.4206
     461     162.6386
     462     162.8571
     463     163.0746
     464     163.2819
     465     163.5001
     466     163.7014
     467     163.9074
     468     164.1021
     469     164.2979
     470     164.4869
     471     164.6533
     472     164.8143
     473     164.9397
     474     164.9884
     475     165.0513
     476     165.1127
     477     165.1617
     478     165.1844
     479     165.1865
     480     165.1680
     481     165.1648
     482     165.1653
     483     165.1803
     484     165.2210
     485     165.2601
     486     165.2988
     487     165.3358
     488     165.3628
     489     165.3384
     490     165.3278
     491     165.3021
     492     165.2598
     493     165.3145
     494     165.4245
     495     165.8135
     496     166.0806
     497     166.3153
     498     166.3597
     499     166.5513
     500     166.7348
