#Frame       dist_T_I
       1      14.8991
       2       5.2576
       3      13.6010
       4      18.5616
       5       9.1315
       6       8.9514
       7      13.6539
       8      20.1082
       9      11.8352
      10      13.7719
      11      14.8529
      12      11.3544
      13      10.4777
      14      10.4764
      15      11.2494
      16      11.3525
      17      11.3195
      18      15.0651
      19      15.1881
      20      13.6447
      21      13.6645
      22      10.9285
      23      13.1091
      24      12.9642
      25      14.0044
      26       6.4589
      27      11.9130
      28      10.6002
      29       9.5689
      30       4.1461
      31      10.2617
      32      16.6092
      33      13.1460
      34       8.3481
      35      12.3935
      36       6.2822
      37      13.6261
      38       8.4251
      39      14.6467
      40      12.6283
      41      13.7210
      42      12.4235
      43      14.8537
      44      12.5079
      45      12.7284
      46       7.5858
      47      14.1182
      48       8.9639
      49      10.3438
      50      10.8679
      51      13.3157
      52      13.1678
      53      10.5101
      54      15.1411
      55      12.2792
      56      14.3673
      57      14.1946
      58      14.0645
      59      12.7096
      60      14.4160
      61      12.6091
      62      12.0676
      63      10.7567
      64      14.0635
      65       6.8468
      66       4.8145
      67      12.6541
      68      12.0886
      69      14.0423
      70       9.1914
      71      13.6032
      72      14.2958
      73      13.0100
      74      14.0399
      75      13.2647
      76      13.7421
      77      13.5591
      78      12.4844
      79      15.3653
      80      13.1370
      81      12.3291
      82      10.8670
      83      13.9410
      84       6.9805
      85      12.0062
      86      12.8146
      87      11.4934
      88      13.1027
      89       9.3331
      90      11.5917
      91      13.2059
      92      13.8304
      93      18.0383
      94      11.8904
      95      11.1406
      96      14.5877
      97      13.4885
      98      10.0212
      99      10.2165
     100      10.6847
     101      13.1756
     102      11.8694
     103      11.6467
     104      14.5655
     105      14.1603
     106      13.4347
     107      11.9259
     108      13.1090
     109      12.5468
     110      11.7236
     111      21.4369
     112      11.5668
     113       9.2816
     114      13.4909
     115       9.3292
     116      12.0009
     117      10.3672
     118       7.4074
     119      13.8860
     120       6.3901
     121       5.9626
     122      13.6902
     123      13.1287
     124       9.0241
     125      14.8453
     126      12.8042
     127       7.1598
     128      11.9817
     129      11.3102
     130       9.2843
     131      11.5689
     132      11.2401
     133      11.4798
     134      13.5241
     135      12.1837
     136      12.9479
     137      13.6168
     138      11.6867
     139      14.2026
     140      12.6895
     141      14.8651
     142      12.0144
     143      11.7689
     144       6.6313
     145      14.9387
     146      12.1666
     147      12.8843
     148      12.0090
     149      12.0591
     150      16.1589
     151      11.5362
     152      16.2774
     153      11.8120
     154      14.3146
     155      13.0548
     156      14.1927
     157      12.5544
     158      10.3295
     159      11.8968
     160      11.8252
     161      13.7723
     162      15.3258
     163      13.6884
     164      13.3006
     165      11.3104
     166      11.6511
     167      11.9966
     168       8.2667
     169      14.0162
     170      12.4611
     171      13.4270
     172      12.5606
     173      12.6708
     174      12.8087
     175      11.7674
     176      11.5925
     177      11.1440
     178      16.8942
     179      11.0299
     180      10.6624
     181      12.7824
     182      10.0164
     183      12.8560
     184      13.7187
     185      11.9411
     186      14.7657
     187      12.8498
     188      11.9364
     189       7.9899
     190      13.7429
     191      13.7981
     192      10.3540
     193       7.7568
     194      10.6778
     195       6.2579
     196      11.0297
     197      13.0144
     198       8.2793
     199       7.4665
     200       7.5499
     201      13.2305
     202      15.0961
     203      12.4928
     204      16.8902
     205       9.7549
     206      18.3024
     207      19.2430
     208      12.6974
     209      15.9325
     210      11.3137
     211      14.6275
     212      14.2684
     213       9.1420
     214      15.4026
     215      12.6688
     216      11.1198
     217       9.7696
     218      14.2763
     219       7.4653
     220      18.8673
     221      13.5170
     222      13.8992
     223      13.2354
     224      12.8066
     225      14.7347
     226       8.2737
     227      12.7496
     228       7.4883
     229      14.2943
     230      10.4506
     231      12.2813
     232      11.9436
     233      12.4287
     234       8.7143
     235       6.4006
     236      11.9625
     237      14.6605
     238      19.8521
     239      11.9197
     240      11.9531
     241      10.7752
     242      11.2220
     243       8.5369
     244       6.7739
     245      13.3703
     246      12.3244
     247      11.8408
     248      11.7028
     249      13.3855
     250      12.9571
     251       9.7333
     252      14.3758
     253      15.7512
     254      12.3223
     255      13.0763
     256      10.7785
     257      16.2227
     258      12.2354
     259      11.1457
     260      11.5876
     261      14.2953
     262      12.5287
     263      12.1940
     264       9.5827
     265      12.4945
     266      11.3193
     267      11.7423
     268      13.2294
     269       7.0600
     270      12.9021
     271      13.6684
     272      12.9353
     273      10.8359
     274      11.9391
     275      15.9746
     276      12.9076
     277      11.8045
     278      12.4649
     279      12.8792
     280      15.5648
     281      11.9401
     282       7.6732
     283      11.2512
     284      13.6335
     285      13.3332
     286      11.2318
     287      14.5526
     288      11.5115
     289      13.2305
     290      13.5879
     291      16.0078
     292      10.2800
     293      11.6541
     294      14.1695
     295      12.4940
     296       7.2010
     297      13.1452
     298      15.5208
     299      11.9286
     300      17.8652
     301      18.5866
     302      13.5730
     303      13.6182
     304      10.2810
     305      11.7604
     306      19.3342
     307       9.0571
     308       7.2809
     309      12.7761
     310       6.2603
     311       7.9244
     312      12.1791
     313      14.9081
     314      12.8102
     315       8.3225
     316       8.0624
     317       7.4284
     318      17.5091
     319      10.3936
     320      11.4411
     321      13.3909
     322      23.1715
     323      11.4961
     324      13.6044
     325       7.1298
     326      12.2000
     327      14.3061
     328      11.4330
     329      14.8971
     330      12.7305
     331       9.5575
     332      11.7676
     333      21.9686
     334      13.2065
     335      10.0345
     336      14.5762
     337      11.6346
     338      11.8886
     339      10.0104
     340      18.2478
     341      13.3355
     342       7.8772
     343      17.9444
     344      15.6008
     345      13.5495
     346      14.1592
     347       9.9816
     348      16.2539
     349       9.9246
     350      15.1450
     351      16.9097
     352      13.3676
     353      21.0252
     354      14.2774
     355      13.0331
     356       6.6796
     357       9.9036
     358      13.6386
     359      13.6348
     360      12.1933
     361      15.4428
     362      11.7345
     363      13.9593
     364      14.8114
     365      13.4428
     366      12.8270
     367      12.3416
     368      11.6104
     369       9.6208
     370      17.9636
     371      13.7956
     372      12.0982
     373      13.7563
     374      12.6283
     375       8.8984
     376      16.2398
     377      10.2690
     378      14.5753
     379      13.5797
     380       3.1524
     381      11.0548
     382      10.8485
     383       8.0852
     384      12.8440
     385      11.6912
     386      13.7046
     387      13.0986
     388      10.4474
     389       9.0250
     390       8.6315
     391       5.6368
     392      12.1559
     393      12.5852
     394      13.8842
     395       5.6467
     396      13.8815
     397      12.7814
     398      10.8551
     399       9.3071
     400      10.6588
     401      10.6753
     402      12.7376
     403      15.5280
     404      13.9933
     405       9.5024
     406      16.7382
     407       9.2992
     408      12.5782
     409      19.0361
     410      11.9561
     411      11.2397
     412      15.8730
     413      13.4845
     414      10.7161
     415      10.0912
     416      11.9289
     417      11.8404
     418      15.4566
     419      13.1596
     420      13.4743
     421      12.3603
     422       6.8337
     423      17.3139
     424      13.7095
     425      12.1935
     426      11.6305
     427      12.3956
     428      13.6118
     429      13.1153
     430      12.0905
     431       5.2726
     432      15.4268
     433      16.6796
     434      12.3928
     435      10.9707
     436      13.1597
     437      14.5335
     438      17.9283
     439      12.4220
     440      11.2919
     441      14.0305
     442      14.0484
     443      12.9027
     444      12.5907
     445      14.2386
     446      17.6455
     447      16.8749
     448       5.7779
     449      15.7633
     450      12.6087
     451       5.0348
     452      11.8959
     453      10.4125
     454      18.4082
     455       5.5912
     456      12.2903
     457       8.7608
     458       8.3965
     459      14.1673
     460       6.8598
     461      10.5851
     462      13.2746
     463      14.8525
     464      15.6674
     465      11.4684
     466      14.7161
     467      22.9465
     468      11.9841
     469       8.4905
     470      10.6862
     471       9.0018
     472      13.5239
     473      12.9425
     474      12.3160
     475      13.2788
     476      13.9272
     477      14.6140
     478      15.7954
     479      13.1180
     480      11.1853
     481      12.7764
     482      13.3174
     483       7.6502
     484      12.3449
     485      12.6988
     486      14.5556
     487      12.5026
     488      15.4846
     489      13.4709
     490      10.0822
     491       9.0363
     492       9.9208
     493      16.9106
     494      13.2751
     495      11.2111
     496      13.8968
     497       6.5545
     498      12.3851
     499      10.7761
     500      11.5351
