#Res        AtomicFlx
   1.000       9.8465
   2.000       8.9900
   3.000       9.0310
   4.000       9.0582
   5.000       8.7964
   6.000       8.2445
   7.000       7.4147
   8.000       6.1422
   9.000       4.3860
  10.000       5.8540
  11.000       7.6503
  12.000       8.5512
  13.000       9.0738
  14.000       9.3665
  15.000       9.5872
  16.000       9.6791
  17.000       9.6521
  18.000       9.4296
  19.000       8.9762
  20.000       8.1189
  21.000       6.8507
  22.000       5.3021
  23.000       3.5237
  24.000       2.7203
