#Frame       dist_T_I
       1      13.7844
       2      12.3694
       3      19.7365
       4      16.5133
       5       9.9792
       6      11.6079
       7      11.7092
       8      13.3145
       9       3.9173
      10       9.7589
      11      13.6296
      12      12.4577
      13      11.1696
      14      15.9858
      15      10.7197
      16      15.8433
      17      14.1545
      18       9.4014
      19      10.2814
      20      15.9839
      21      13.6375
      22      13.8563
      23       6.6581
      24      16.7492
      25      12.7931
      26       9.9554
      27      13.2074
      28      19.5142
      29      14.9085
      30       6.5748
      31       8.2507
      32       7.8375
      33      17.9596
      34      16.1710
      35      18.2734
      36      13.8206
      37      14.5523
      38      11.8856
      39      16.4055
      40      18.8127
      41       7.7801
      42      11.3711
      43      20.2995
      44      21.1002
      45      14.7156
      46       8.5973
      47      10.7936
      48       7.7019
      49      11.5045
      50      12.5016
      51      10.0015
      52      14.2609
      53      13.9443
      54      17.3096
      55      18.3846
      56       9.3990
      57       9.8219
      58       5.3702
      59      16.3138
      60      12.8771
      61      19.2785
      62       6.0937
      63       9.4057
      64       8.1561
      65      10.6968
      66       8.2924
      67      16.4797
      68      17.9542
      69      16.5271
      70      11.9676
      71      12.4036
      72       9.5023
      73       6.5119
      74      15.1922
      75      11.4647
      76       9.1914
      77      16.2167
      78       9.0931
      79      12.3217
      80      18.7275
      81      11.5762
      82      13.5001
      83      13.2833
      84      12.2164
      85       8.9116
      86      17.6612
      87      19.3707
      88      11.5997
      89      15.9136
      90       9.6692
      91      14.1598
      92       4.6482
      93       6.5467
      94      10.4627
      95      16.9693
      96      12.2965
      97       8.6690
      98      11.4190
      99       6.0083
     100       5.9689
     101      13.2481
     102      10.8070
     103       8.8219
     104      13.3061
     105      14.6417
     106      12.9850
     107      11.5048
     108      11.3332
     109      11.4831
     110      18.3416
     111      15.1930
     112      16.7337
     113      12.1163
     114       8.4057
     115      11.0478
     116       5.4791
     117      17.0305
     118      18.2156
     119       6.6873
     120       7.3869
     121      17.5201
     122      15.7689
     123       9.8143
     124      13.1869
     125      10.2744
     126      11.4529
     127      11.1553
     128      13.8783
     129      15.0095
     130      10.1574
     131       6.2120
     132      12.5357
     133      14.9689
     134      20.3926
     135      10.0570
     136       8.9557
     137      14.2449
     138      13.3077
     139       7.9164
     140      10.4663
     141      11.2015
     142      11.1321
     143       6.9735
     144      23.9079
     145      17.4742
     146       8.9957
     147      12.1359
     148      17.3791
     149       8.3695
     150      11.1808
     151      16.5975
     152      11.4569
     153      14.2071
     154      15.1660
     155      11.8951
     156       5.2837
     157      12.1345
     158      12.8069
     159      11.7065
     160       9.8756
     161      12.5495
     162      13.0949
     163       7.3224
     164      14.8802
     165       8.4800
     166      15.4483
     167       8.8046
     168       9.7953
     169      14.5432
     170      10.8027
     171      10.2933
     172      14.0942
     173      11.7627
     174      15.2709
     175       9.0557
     176      10.0916
     177       7.9105
     178      13.7807
     179      10.7647
     180      15.5573
     181       8.0241
     182      10.1509
     183       8.1008
     184      18.3244
     185      10.0125
     186      15.3847
     187      11.9138
     188      11.0480
     189      16.5211
     190      26.8525
     191       9.1175
     192      12.6039
     193      13.2708
     194      13.2437
     195      11.3216
     196      11.1307
     197      13.3347
     198      11.8760
     199       7.0930
     200      10.6542
     201      13.2198
     202      12.4178
     203      15.8993
     204      10.5148
     205      11.3698
     206      14.7935
     207      11.0817
     208       7.8645
     209      16.3444
     210      12.8136
     211      12.0621
     212       9.4440
     213      19.9024
     214      11.5848
     215       7.8964
     216      17.2488
     217       9.4564
     218       4.0162
     219      12.0014
     220      18.1350
     221      17.6424
     222      12.9046
     223      11.2461
     224      12.3068
     225      19.8192
     226       8.3166
     227       8.6022
     228      13.3824
     229       7.8614
     230      13.0196
     231       9.7830
     232      13.7543
     233      12.7242
     234      11.2556
     235      12.6944
     236       5.4723
     237       9.5523
     238      14.4974
     239      14.1672
     240      14.5059
     241      15.1004
     242       7.0698
     243      11.3939
     244      17.3942
     245      11.8892
     246      13.2590
     247      20.1145
     248      16.1885
     249       6.6646
     250      17.1222
     251      12.2221
     252      17.2473
     253      15.2305
     254       7.8984
     255       8.9001
     256      10.4433
     257      13.4031
     258      16.5465
     259       9.1640
     260      10.7931
     261      11.7582
     262      10.7225
     263      14.0826
     264      12.8235
     265      15.4476
     266      14.4126
     267       5.2247
     268      12.7976
     269      16.8217
     270      12.0508
     271      14.9451
     272       9.3286
     273       6.5525
     274       9.8280
     275      13.1434
     276      11.4746
     277      18.0562
     278      14.2395
     279      17.8059
     280       8.5431
     281      10.4627
     282      13.6865
     283      16.6565
     284      13.8573
     285      13.3980
     286       7.0464
     287      22.2015
     288       5.3378
     289      12.6912
     290      12.3315
     291      12.4416
     292      13.7968
     293      20.6370
     294       9.3258
     295       9.5851
     296      13.8086
     297      12.2607
     298      18.5214
     299       8.8641
     300       9.6588
     301       7.6090
     302       3.6422
     303      11.9658
     304      12.0573
     305      16.3522
     306      15.4839
     307      14.8338
     308      10.5071
     309      11.5558
     310      16.5979
     311       9.9050
     312      10.5310
     313       9.2050
     314      11.5410
     315       8.6827
     316      14.4328
     317       8.1372
     318      16.5757
     319      16.6938
     320      17.5501
     321       4.7063
     322      10.3264
     323       4.4116
     324      10.8648
     325       6.8682
     326      18.9551
     327      14.4881
     328      17.7165
     329      16.4986
     330      12.7818
     331      12.8063
     332      13.6376
     333      16.1040
     334      18.7492
     335      16.3521
     336      10.2951
     337      16.6578
     338      12.9623
     339      14.9560
     340       9.9406
     341      15.5167
     342      16.2521
     343      15.8695
     344      11.2237
     345      10.2422
     346      20.2625
     347      13.9125
     348      12.2715
     349      11.4369
     350      13.1457
     351      14.7772
     352      16.3381
     353      12.9078
     354      11.0751
     355      18.3420
     356      15.7546
     357      11.8260
     358      10.4633
     359      19.0352
     360       5.9592
     361       4.5271
     362       7.2943
     363       7.2624
     364      17.9755
     365      16.0598
     366      10.5199
     367      10.5938
     368      20.5192
     369      11.6049
     370      10.3505
     371      19.0455
     372       6.4210
     373      23.0368
     374       9.8948
     375      17.7554
     376      13.6149
     377      10.9171
     378       5.6071
     379      14.9696
     380      14.9430
     381       9.7064
     382       7.9515
     383      12.2414
     384      13.3501
     385       9.9880
     386      13.4606
     387      11.3823
     388      10.9958
     389      13.4748
     390      14.7241
     391      12.2562
     392      15.8726
     393      12.1517
     394       6.0590
     395      12.8365
     396      13.0296
     397      15.7640
     398      13.2483
     399       9.9750
     400      10.0033
     401      15.9804
     402      11.7065
     403       6.8243
     404      14.2747
     405      16.9326
     406      11.0311
     407       9.9216
     408      10.3248
     409      11.2935
     410      16.9239
     411      20.4882
     412      14.5337
     413      16.1637
     414      11.7436
     415      22.4841
     416       9.3040
     417      13.5935
     418       7.2833
     419      15.7499
     420      13.7959
     421      13.3363
     422      17.2914
     423      14.8385
     424       8.1806
     425      11.7284
     426       5.2579
     427      16.8614
     428      15.7769
     429       7.2449
     430      13.7461
     431      11.1845
     432      10.8609
     433      12.3357
     434      13.2305
     435       5.7091
     436      16.7273
     437      16.1935
     438      21.1640
     439      21.1683
     440      10.1223
     441      18.8345
     442      22.3657
     443      12.2197
     444      17.9895
     445       9.5192
     446       9.4256
     447       9.4845
     448       6.2974
     449      14.9231
     450      12.5262
     451      10.4885
     452      14.3972
     453       7.0473
     454      11.6115
     455      15.9453
     456      10.9155
     457      17.1404
     458      17.3353
     459      10.1747
     460      14.5844
     461      13.3438
     462      11.5072
     463      10.5298
     464      18.0957
     465       8.9902
     466       7.7071
     467      12.5430
     468      10.6530
     469      14.1722
     470      10.6890
     471      15.2892
     472      15.4798
     473      15.1266
     474       8.8026
     475      12.1158
     476      10.0684
     477      12.6446
     478      10.2905
     479      23.7139
     480      14.2771
     481      11.5535
     482      19.5667
     483      13.6856
     484      10.7486
     485      12.6992
     486       7.4351
     487       9.8512
     488      21.0689
     489      13.3926
     490      11.5848
     491       7.5034
     492      10.9070
     493      12.9134
     494      14.2364
     495      15.7317
     496      10.5830
     497      15.9859
     498      10.8499
     499      16.0418
     500      12.3185
