#Frame        RoG_ITP RoG_ITP[Max]
       1       7.4899      15.1155
       2       8.7170       8.6363
       3       7.9266      10.1472
       4       7.3494       7.8275
       5       6.5541       6.7983
       6       6.9352       7.6041
       7       6.5778       7.3565
       8       6.6253       6.4613
       9       6.7343       7.1067
      10       7.4024       9.7826
      11       7.2908       7.5487
      12       7.0254       6.5435
      13       7.2081       9.8977
      14       7.2716       8.1780
      15       7.4212       8.6024
      16       7.1419       6.6840
      17       7.3049       8.5001
      18       6.8586       6.6968
      19       7.8020      10.2257
      20       7.1643       7.3970
      21       7.8498      11.1947
      22       6.9973       4.9743
      23       7.0553       9.4437
      24       7.1225       9.2437
      25       7.6763      10.5779
      26       7.3545       7.1311
      27       6.6472       7.5863
      28       6.8923       6.1687
      29       7.1440       6.6875
      30       6.9210       8.4781
      31       7.0336       7.0118
      32       7.4005       6.6533
      33       7.0566       8.6862
      34       7.9504      11.5385
      35       6.5387       5.0643
      36       6.9107       5.0191
      37       7.3116       9.4667
      38       6.8092       7.1683
      39       7.7485      10.6683
      40       6.9919       7.2342
      41       6.9816       6.1886
      42       6.7703       6.7141
      43       6.8208       8.5112
      44       8.1379       9.0643
      45       7.4837       7.3794
      46       6.9008       6.7110
      47       7.9109      11.1811
      48       8.1143       9.5089
      49       7.4301       8.3331
      50       7.2160       7.9228
      51       7.3834       9.9487
      52       6.7965       7.2946
      53       6.8729       7.6527
      54       6.9903       8.0847
      55       6.6619       5.8611
      56       7.0687       4.5336
      57       6.9036       4.5901
      58       8.8155      10.9707
      59       7.2562       7.5801
      60       6.9584       8.3793
      61       6.8033       5.2866
      62       9.0735       8.9752
      63       7.2301       8.2021
      64       8.2588       9.1171
      65       8.0205      11.5756
      66       6.9200       6.6858
      67       6.8720       8.2236
      68       8.6407      12.2005
      69       7.0789       8.9119
      70       7.0722       5.4915
      71       6.6631       5.0994
      72       6.5175       4.9403
      73       7.5540       6.7955
      74       7.2812       9.5697
      75       6.6909       5.1499
      76       7.4203       7.8687
      77       7.0849       9.3565
      78       7.1719       8.8871
      79       7.2502       7.0018
      80       7.9207       8.7328
      81       7.1693       7.3546
      82       8.8151      14.6656
      83       6.9648       6.7568
      84       7.2549       8.3555
      85       6.7467       7.5860
      86       7.1525       7.8701
      87       7.4082       7.6827
      88       7.0176       4.1488
      89       7.8472       6.5660
      90       7.9343       9.5105
      91       7.2028       7.9905
      92       6.9899       7.0797
      93       7.2420       6.2331
      94       7.6243       9.7645
      95       7.4039       9.8171
      96       6.7742       7.4149
      97       6.5795       7.0491
      98       7.0012       7.8143
      99       6.5046       6.1706
     100       8.0498      11.4871
     101       7.0284       8.2810
     102       6.7702       5.6916
     103       7.0907       7.5955
     104       6.5695       7.4983
     105       6.9995       9.1936
     106       6.5494       6.0696
     107       7.0074       8.9451
     108       6.8631       6.4623
     109       7.3911       9.8528
     110       7.2661       7.6571
     111       7.8998       9.5325
     112       7.6410       7.4629
     113       7.1918       9.2689
     114       7.6256      13.9771
     115       6.9403       8.9743
     116       6.9087       5.4321
     117       7.6242      12.7006
     118       7.4990       7.1557
     119       7.2787       8.7712
     120       6.7872       7.5018
     121       6.5070       4.9967
     122       6.5269       6.8549
     123       7.2039       6.9272
     124       7.5545       7.5437
     125       7.2157       8.4631
     126       8.2721       9.2178
     127       7.3918       9.3382
     128       7.2325       4.4681
     129       6.3130      10.4291
     130       7.7304       6.4461
     131       6.7984       7.5639
     132       7.1888       8.1570
     133       7.6581       6.7107
     134       7.2227       7.9359
     135       7.2098       8.9554
     136       7.6085       9.2278
     137       6.9189       6.0178
     138       7.1353       8.2444
     139       7.3874       7.4199
     140       6.8934       6.8721
     141       8.6668      13.9215
     142       7.7354      10.2766
     143       7.5182       7.0399
     144       6.8682      12.0787
     145       6.9837       5.5501
     146       8.2736       8.5764
     147       6.9468       5.9467
     148       7.3291       4.6922
     149       7.6566       6.8846
     150       8.1482      11.2511
     151       6.7342       6.2035
     152       6.8572       7.6765
     153       7.9209      13.4379
     154       7.0333       7.3102
     155       7.1862       7.6258
     156       7.6572       6.3217
     157       7.5535       8.4966
     158       7.8765      10.2510
     159       8.0776       5.9785
     160       7.0162       5.4254
     161       7.2503       6.7947
     162      10.8350      13.1919
     163       6.8896       7.7823
     164       7.2759       4.5062
     165       7.1924       8.3825
     166       6.8614       7.8995
     167       6.6563       7.4498
     168       7.7226       7.9125
     169       7.4407       6.6197
     170       7.1313       8.4820
     171       6.8066       8.2374
     172       6.8959       7.5758
     173       7.6921       6.3094
     174       6.9174       7.9072
     175       7.0030       7.9384
     176       7.3660       9.5467
     177       6.8916       6.6576
     178       7.6517       7.5462
     179       7.3461      14.8403
     180       6.9649       7.0047
     181       7.6231       7.5507
     182       7.6318       9.7135
     183       7.8417       8.2875
     184       7.2702       7.6942
     185       7.0082       7.6579
     186       7.3534       9.4925
     187       7.0005       7.4699
     188       7.5012       6.0703
     189       6.6744       4.3249
     190       6.9760       5.9415
     191       7.7478       9.8433
     192       6.9062       7.0850
     193       6.5889       6.6203
     194       7.1325       6.4554
     195       8.0042       5.6111
     196       7.3272      10.5485
     197       8.2859      11.1941
     198       7.1178       9.2456
     199       7.0989       6.9348
     200       7.2096       9.0027
     201       7.3746       4.6924
     202       6.9685       7.5333
     203       7.6674       8.5799
     204       6.5069       4.8848
     205       6.8927       5.7012
     206       7.8225       8.0512
     207       6.4891       7.5305
     208       6.9148       7.9403
     209       7.5168      11.5990
     210       7.0724       8.5812
     211       6.8653       7.4430
     212       7.0624       8.5653
     213       6.7987       6.8674
     214       7.2893       7.6332
     215       6.9424       7.8466
     216       6.9137       7.3133
     217       6.7110       6.9649
     218       7.6521       8.9143
     219       8.3775       7.3981
     220       7.9694      11.2340
     221       7.6985       6.7836
     222       7.2442       6.8441
     223       7.4475       7.7417
     224       7.1025       6.5049
     225       6.8157       7.7655
     226       6.6071       6.6538
     227       7.0587       7.7086
     228       7.8467      12.3442
     229       6.8309       8.7483
     230       6.9450       8.3135
     231       7.4706       6.7112
     232       8.7378      13.2897
     233       6.7352       6.2577
     234       8.2080       9.6078
     235       6.6816       5.8509
     236       7.5772       5.7568
     237       7.2991       9.0883
     238       7.5891       7.6508
     239       7.1276       7.6885
     240       6.9417       5.4864
     241       7.8167       9.3709
     242       6.9385       7.3421
     243       6.9405       5.0687
     244       7.4251       4.6929
     245       6.6771       6.2595
     246       6.8294       7.1464
     247       7.3697       8.4222
     248       7.4789       8.1847
     249       6.8407       5.9030
     250       7.9250       9.4987
     251       6.8083       8.5187
     252       9.2509      10.1342
     253       7.4481       5.4621
     254       6.8490       6.0505
     255       6.4093       6.0524
     256       7.7041       8.1651
     257       7.9826       6.3753
     258       8.1409      11.1109
     259       6.6380       8.3392
     260       7.0722       6.5838
     261       6.6736       6.5239
     262       7.1649       8.2809
     263       6.9820       7.1059
     264       7.4320       8.1973
     265       7.1073       6.5395
     266       7.7535       8.2818
     267       6.9851       7.3607
     268       9.1947       8.4542
     269       6.8682       7.0950
     270       6.9633       5.9958
     271       6.7516       8.5203
     272       9.5958      13.5512
     273       6.9215       8.3718
     274       8.3318      12.4455
     275       7.2517       9.1301
     276       7.3370       9.0932
     277       7.4174       8.9399
     278       7.2483       5.0376
     279       6.9933       8.7127
     280       6.9714       6.6843
     281       7.0817       4.3058
     282       7.3534       8.7240
     283       6.9621       9.8149
     284       6.4643       6.6804
     285       7.0416       8.1924
     286       6.9276       8.4878
     287       7.5630       8.4789
     288       6.7568       7.7336
     289       7.6013       7.6609
     290       7.2705       8.7576
     291       8.3429       8.3144
     292       7.2500       7.9996
     293       7.3618      10.1418
     294       6.8965       4.1797
     295       7.0324       9.2298
     296       7.5683       8.8868
     297       6.6570       6.3537
     298       6.8611       7.4857
     299       7.1015       7.8135
     300       6.5886       6.8059
     301       6.8813       8.2316
     302       6.9182      11.6182
     303       7.5969       8.6734
     304       8.1764      11.5568
     305       7.5441      15.4031
     306       7.5326       5.0401
     307       7.1974       8.2724
     308       7.2021       7.3571
     309       7.4650       6.2282
     310       8.2696       9.8118
     311       7.1831       8.3179
     312       7.2775       7.9734
     313       7.5146       5.7413
     314       8.4651      11.5437
     315       7.7769       8.6760
     316       6.8219       7.6108
     317       7.1653       6.3151
     318       9.9115       9.8586
     319       6.6411       7.8410
     320       7.0034       6.7883
     321       6.8740       8.4083
     322       8.6873      21.9693
     323       7.5609       8.0805
     324       6.9738       4.0019
     325       8.5667      10.6670
     326       8.0128       7.5274
     327       8.5669       6.5543
     328       7.6934       7.6580
     329       7.2833      10.2495
     330       6.8887       7.6450
     331       6.9445       5.8708
     332       7.2596       7.1471
     333       7.1801       6.4798
     334       8.4767       7.7136
     335       7.0340       3.7910
     336       7.0307       4.1683
     337       7.3406       8.8716
     338       7.0028       9.1513
     339       7.0679       8.2425
     340       7.2071       6.6311
     341       7.5832       8.8321
     342       6.6517       7.4336
     343       7.0797       8.5804
     344       6.8226       8.7359
     345       8.4410       8.4448
     346       7.3673       5.0762
     347       6.9814       7.7744
     348       6.6393       7.2222
     349       6.7609       7.1814
     350       7.3326       8.6259
     351       7.6449       8.7209
     352       7.7203      10.1476
     353       8.1118      12.4223
     354       7.2751       7.0365
     355       7.4906       9.9951
     356       7.4629       9.2369
     357       7.3967       9.5766
     358       7.2130      11.3984
     359       7.9192      10.3349
     360       7.4045       8.5648
     361       8.5161      12.2038
     362       7.4733       8.2209
     363       7.0702       5.9623
     364       7.3001       4.8870
     365       7.3017       9.8872
     366       6.8668       6.2916
     367       6.7854       5.0342
     368       7.0656       6.1932
     369       8.1868       7.0969
     370       7.5794       8.1418
     371       7.7268       8.3494
     372       7.1277       7.2077
     373       6.5877       5.4546
     374       7.1559       8.1618
     375       7.8930       8.0213
     376       7.9808      12.1548
     377       7.0693       7.8148
     378       7.3878       5.6535
     379       6.9264       6.9441
     380       7.4318       9.2485
     381       7.2628       6.3683
     382       7.1904       7.1799
     383       7.8907       8.0439
     384       7.7879       9.7820
     385       7.3763       7.5945
     386       7.1832       6.5801
     387       7.1970      10.8089
     388       6.8588       8.9520
     389       7.1769       7.1113
     390       8.4317      10.1176
     391       7.3755       7.3526
     392       7.6525       9.3166
     393       7.5466       8.6434
     394       6.9219       8.0403
     395       6.6871       5.9712
     396       6.9870       9.8004
     397       7.0332       6.7494
     398       7.1324       5.9469
     399       6.9024       4.3795
     400       7.6417      12.7142
     401       7.4326       6.3088
     402       6.4526       6.4728
     403       7.0749       8.4306
     404       7.0049       7.6862
     405       7.5613       5.3801
     406       6.7460       7.2679
     407       7.4858       9.0702
     408       7.2341       9.2758
     409       7.1362       9.9830
     410       6.8238       7.4805
     411       6.8676       7.6478
     412       6.6633       6.4674
     413       8.7887       9.2508
     414       7.1442       7.7722
     415       8.3659      10.4164
     416       6.4724       5.5920
     417       7.2334       8.2397
     418       7.1072       8.6520
     419       7.0417       9.3228
     420       8.0597       5.4939
     421       7.2138       4.0191
     422       7.7343       8.4255
     423       6.8292       5.0434
     424       7.7587      10.1335
     425       6.8871       8.6102
     426       6.8018       6.9665
     427       8.6954      10.0115
     428       7.6275      11.0147
     429       6.8529       6.1739
     430       7.6165       9.4374
     431       7.7807       7.1336
     432       7.3485      10.2888
     433       7.4170       9.0090
     434       7.8468       6.3239
     435       7.2268       7.3216
     436       6.8722       5.5971
     437       6.8726       7.6323
     438       7.7060      10.1467
     439       8.1138      10.2402
     440       6.4903       6.0295
     441       6.9859       4.9731
     442       7.2322       9.1067
     443       8.6775       9.0130
     444       7.2056       6.1617
     445       8.2944      14.9860
     446       6.9409       8.5342
     447       8.6470       7.8745
     448       6.6898       7.1640
     449       7.7029       7.2003
     450       7.1063       5.9848
     451       7.3605       8.9317
     452       8.5159       6.1447
     453       6.8195       6.9978
     454       7.0429       7.2762
     455       7.1091       8.5679
     456       7.4436       6.2727
     457       6.9641       5.1386
     458       7.1604       4.7175
     459       7.1809       7.6448
     460       7.5042       9.8564
     461       7.2163      12.1710
     462       7.1902       6.2114
     463       6.9456       7.5025
     464       7.5778       7.8423
     465       7.0861       6.6688
     466       7.0088       4.6182
     467       7.5243       9.0965
     468       6.8776       5.7188
     469       7.1090       6.8555
     470       7.0378       8.6660
     471       7.6576       9.3499
     472       7.3948       8.6421
     473       6.5498       6.0312
     474       7.9161       7.1718
     475       7.0033       6.9996
     476       6.9853       7.8169
     477       6.8768       6.5364
     478       7.4494       5.7764
     479       7.3807       8.3889
     480       6.6157       8.1922
     481       7.1761       6.5200
     482       7.3086      10.4721
     483       7.7246       5.0408
     484       7.5708       8.2584
     485       7.8911       9.3116
     486       6.5224       6.7426
     487       7.1216       8.2872
     488       6.4012       4.8765
     489       7.0994       7.6621
     490       7.4833       9.1899
     491       7.3045       7.8846
     492       8.1237       6.6872
     493       7.0875       7.7979
     494       7.8257      10.4337
     495       7.2397       5.8239
     496       7.1443       9.0520
     497       6.3267       5.5518
     498       7.0218       7.4228
     499       7.4866       9.6412
     500       6.9363       9.5494
