#Frame           aITP
       1      50.2558
       2      36.1261
       3      50.6310
       4      52.6192
       5      79.4109
       6      66.2928
       7      65.0571
       8      26.8911
       9      33.3093
      10      49.2845
      11      38.8946
      12      26.0305
      13      38.1852
      14      67.6307
      15      78.5194
      16      29.1452
      17      77.4456
      18      66.3414
      19      77.5010
      20      44.9378
      21      38.1182
      22      42.8538
      23      43.1750
      24      55.4853
      25      27.1681
      26      32.3723
      27      80.1554
      28      46.1335
      29      29.5110
      30      51.1037
      31      51.1994
      32      39.2651
      33      27.6968
      34      27.0539
      35      60.1038
      36      31.5004
      37      24.1529
      38       2.4659
      39      48.9521
      40      32.4784
      41      74.1492
      42      38.0133
      43      46.5149
      44       7.5834
      45      73.8521
      46      60.9554
      47     137.4761
      48      45.8471
      49      32.9662
      50      70.9582
      51      55.1144
      52      46.9543
      53      35.8739
      54      61.8168
      55      59.3052
      56      49.1552
      57      74.2919
      58      81.0639
      59      56.6377
      60      20.3133
      61      54.6624
      62      36.3667
      63      20.4752
      64      56.9894
      65      38.3722
      66      69.4202
      67      56.3697
      68      16.7738
      69      68.2130
      70      80.7440
      71      29.2425
      72      93.4905
      73      49.2816
      74      17.6035
      75      37.9333
      76      37.8434
      77      51.7739
      78      27.9321
      79      51.8688
      80      38.3489
      81      54.6305
      82      39.0972
      83      39.6742
      84      44.0676
      85      41.7733
      86      24.1294
      87      42.9642
      88      37.8991
      89      37.9177
      90      40.1845
      91      25.4370
      92      43.3045
      93      46.1338
      94      15.4992
      95      36.6372
      96      46.8491
      97      49.9636
      98      51.6752
      99      33.8040
     100      28.4157
     101      37.4023
     102      50.4725
     103      29.0614
     104      58.7921
     105      17.9558
     106      32.8490
     107      66.4943
     108      22.5955
     109      40.1182
     110     122.9367
     111      81.6064
     112      39.4655
     113      37.3200
     114      69.5144
     115      38.8061
     116      38.6450
     117      40.6927
     118      53.6566
     119      55.8642
     120      56.9894
     121      52.6993
     122      58.3169
     123      31.7067
     124      36.8531
     125      48.1746
     126      54.9015
     127      34.3874
     128      80.7570
     129      46.8560
     130      18.5649
     131      30.1741
     132      53.3512
     133      28.7955
     134      44.9065
     135      25.6685
     136      29.7299
     137      30.4053
     138      88.7213
     139      52.7647
     140      86.3450
     141      44.5974
     142      19.8433
     143      32.4470
     144      36.9432
     145      28.1140
     146      69.9679
     147      39.8565
     148      55.9446
     149      24.6807
     150      32.9091
     151      34.2523
     152      80.7872
     153      48.4181
     154      91.7595
     155     104.0479
     156      74.7731
     157       5.9459
     158      90.8329
     159      25.2221
     160      50.9234
     161      46.2778
     162      46.9972
     163      50.5190
     164      98.4239
     165      55.6682
     166      81.8829
     167      29.4876
     168      30.9338
     169      35.3323
     170      47.1433
     171      57.5429
     172      51.0465
     173      50.4492
     174      28.8196
     175      28.1082
     176      23.4494
     177      28.0656
     178      18.1941
     179      31.8486
     180      55.7347
     181      40.1218
     182      72.0107
     183      37.1794
     184      49.8570
     185      85.4238
     186      36.1292
     187      26.7044
     188      29.0340
     189      40.2743
     190      39.8983
     191      38.2010
     192      50.7838
     193      54.7477
     194      94.6131
     195      27.8888
     196      37.0476
     197      39.2641
     198      56.7094
     199      97.5312
     200      33.0455
     201       9.3396
     202      51.6753
     203      86.8245
     204      34.9060
     205      26.6865
     206      22.7804
     207      44.5160
     208      31.3030
     209      45.4122
     210      42.4895
     211      55.9491
     212      58.5096
     213      29.9176
     214      64.7767
     215      67.7930
     216      45.1399
     217     110.9165
     218      88.2321
     219      55.8177
     220      42.6179
     221      57.5199
     222      56.5108
     223      57.2771
     224      47.9766
     225      47.1984
     226      51.2934
     227      48.2856
     228      45.5853
     229      82.8617
     230      47.5596
     231      27.1818
     232      35.1454
     233      20.7005
     234      39.3688
     235      37.2655
     236      14.5567
     237      35.0790
     238      28.9646
     239      40.9588
     240      32.5976
     241      40.0522
     242      49.4024
     243      52.2791
     244      41.8730
     245      43.3723
     246      51.7564
     247      28.2548
     248      35.4131
     249      64.6302
     250      37.6743
     251      29.3509
     252      34.1248
     253      50.3334
     254      28.6092
     255      12.5871
     256      54.8446
     257      47.6442
     258      33.5936
     259      24.6870
     260      52.8704
     261      23.4340
     262      41.5257
     263      42.8534
     264      22.8008
     265       6.2078
     266      17.6402
     267      54.3224
     268      64.2101
     269      35.4448
     270      47.1681
     271      27.9118
     272      30.4286
     273      23.5017
     274      39.4111
     275      68.6447
     276      27.7588
     277      56.4517
     278      26.4933
     279      19.8911
     280      23.9561
     281      20.2437
     282      34.4984
     283      50.7688
     284      96.2684
     285      40.8144
     286      27.2834
     287      33.0771
     288      52.2098
     289      42.4701
     290      47.4638
     291      37.7542
     292      34.6344
     293      29.9721
     294      36.1862
     295      59.2844
     296      56.9977
     297      24.4983
     298      27.1116
     299      22.4026
     300      54.1271
     301      35.4880
     302      31.2176
     303      24.2962
     304      18.0744
     305      27.3642
     306      67.9105
     307      48.4587
     308      17.3855
     309      16.7424
     310      39.0933
     311      65.6156
     312      28.3346
     313     129.1102
     314      44.2252
     315      73.4371
     316      55.2749
     317      75.9510
     318      20.1635
     319      24.3682
     320      48.3975
     321      77.4301
     322      78.0688
     323      62.4968
     324      48.5152
     325      55.6914
     326      23.3871
     327      31.3490
     328      51.6988
     329      31.8467
     330      71.4906
     331      66.1763
     332      31.3870
     333      51.7702
     334      47.3380
     335      14.4924
     336      41.2535
     337      37.7851
     338      14.0160
     339      68.3858
     340      81.2271
     341     108.3267
     342      51.8223
     343      25.3701
     344      54.9869
     345      90.3413
     346      61.5684
     347      31.6482
     348      44.3733
     349      44.3620
     350      45.1045
     351      62.4962
     352      40.5288
     353      54.4394
     354      47.1991
     355      52.0328
     356      42.6388
     357      64.3094
     358      25.4308
     359      36.4011
     360      43.1371
     361      30.3533
     362      36.3411
     363      42.3750
     364      97.4346
     365      51.6781
     366      78.7919
     367      29.5725
     368      30.3076
     369      35.4834
     370      29.8093
     371      20.5783
     372      43.0720
     373      32.5547
     374      94.7718
     375      58.2524
     376      44.0289
     377      60.4512
     378      39.6490
     379      37.9107
     380      32.6058
     381      21.1273
     382      27.0272
     383      32.5117
     384      24.9507
     385      31.1415
     386      18.9321
     387      60.6566
     388      78.5709
     389      49.1175
     390      38.8693
     391      42.5816
     392      83.2548
     393      28.0313
     394      77.0940
     395      73.8793
     396      37.6613
     397      18.1840
     398      61.9480
     399      50.8204
     400      27.6032
     401      46.1949
     402      40.3010
     403      30.3000
     404      63.1328
     405      58.6015
     406      72.0211
     407      43.3101
     408      45.3245
     409      62.9097
     410      86.2109
     411      27.9487
     412      48.6024
     413      23.8060
     414      81.4520
     415      47.8277
     416      24.5011
     417      49.4502
     418      29.6684
     419      27.9499
     420      35.3973
     421      60.9835
     422      19.6243
     423      33.4415
     424      38.7138
     425      18.1821
     426      49.6364
     427      15.2621
     428      29.3333
     429      41.5549
     430      23.3952
     431      60.1041
     432      22.4053
     433      54.3817
     434      41.1424
     435      87.9913
     436      32.9598
     437      27.3195
     438      36.1657
     439      49.2426
     440      48.0392
     441      41.7890
     442      58.5459
     443      76.8590
     444      61.7990
     445      79.0994
     446      61.0818
     447      23.6606
     448      19.3201
     449      27.4016
     450      31.3899
     451      32.4517
     452      36.9302
     453      15.0460
     454      34.3620
     455      26.8562
     456      48.3061
     457      40.8380
     458      36.1380
     459      98.9962
     460      49.9067
     461      73.3496
     462      49.9892
     463      42.4691
     464      49.3913
     465     145.3380
     466      96.0997
     467      53.3436
     468      27.4699
     469      72.3273
     470      73.3357
     471      22.4986
     472      21.6450
     473      51.1426
     474      45.0681
     475      56.0916
     476      53.0039
     477      62.7764
     478     129.8702
     479      41.6287
     480      57.7435
     481      33.3785
     482      35.4064
     483      98.1806
     484      72.6802
     485      42.4282
     486      42.9137
     487      42.5678
     488      35.0706
     489      57.3842
     490      53.3092
     491      77.1621
     492      76.0356
     493      50.2740
     494      49.1677
     495      18.4395
     496      64.5300
     497      86.9900
     498      32.0556
     499      49.9063
     500      54.3625
