#Frame       dist_I_P
       1      15.7105
       2      20.3273
       3      11.8299
       4      13.3718
       5      12.6955
       6       8.2154
       7      17.0629
       8      15.1944
       9      20.2813
      10      19.8099
      11      16.6184
      12      18.0407
      13      15.8213
      14      14.2897
      15      10.1049
      16      11.9985
      17      11.9521
      18      11.9018
      19      18.6780
      20      10.2811
      21      10.3800
      22       8.5368
      23      14.0398
      24      13.2273
      25      12.9984
      26      15.9507
      27      16.7425
      28      12.4640
      29      17.7907
      30      18.4791
      31      19.9440
      32      15.4491
      33       3.1537
      34       6.5558
      35      20.0121
      36       8.2220
      37      15.9161
      38      17.8573
      39       6.3106
      40      15.5530
      41      15.7410
      42       7.6932
      43       5.8519
      44       9.7343
      45       6.4655
      46       7.8223
      47      15.9729
      48      14.1337
      49      19.5477
      50      12.8429
      51      15.1267
      52       7.5829
      53      14.3200
      54      15.7884
      55      12.3527
      56      14.4677
      57      18.7746
      58       5.7790
      59      14.9150
      60       8.4932
      61       4.7704
      62      17.8443
      63      17.9007
      64      19.3343
      65      13.5862
      66       7.1521
      67      12.4274
      68      11.8626
      69      15.2419
      70      17.2145
      71      14.6877
      72      14.8628
      73      14.3275
      74       9.3244
      75      18.1071
      76      12.6527
      77      13.5372
      78      17.5604
      79       3.9625
      80      14.9032
      81       6.0644
      82      13.3854
      83      12.0202
      84      15.1490
      85      17.3699
      86      12.0668
      87      15.2017
      88      11.3349
      89      14.5597
      90       8.0719
      91      18.8090
      92      11.1856
      93      10.7873
      94      13.0260
      95       5.7663
      96      12.4697
      97      12.5902
      98      10.3753
      99       9.5655
     100       8.9964
     101      21.0082
     102      15.9520
     103      15.8926
     104      10.8385
     105       8.8691
     106      17.9160
     107      17.2041
     108      20.3807
     109      16.1902
     110       8.0503
     111       9.7757
     112      11.4655
     113       8.3232
     114      13.3254
     115      12.0938
     116      18.0134
     117      12.0426
     118      16.3821
     119      13.1538
     120      16.7918
     121      21.2358
     122      19.2525
     123      17.1298
     124      17.5492
     125      13.7440
     126      11.6114
     127      15.0448
     128       4.8711
     129      15.8084
     130      17.7747
     131       7.5699
     132       8.1006
     133      11.0071
     134       9.5252
     135      18.3036
     136      15.0490
     137       9.7048
     138      13.9865
     139      15.8878
     140      10.0990
     141      12.1425
     142      16.0314
     143      10.8432
     144      16.4391
     145      14.0515
     146      13.9031
     147      11.4019
     148      11.1658
     149      18.0225
     150      18.5563
     151      18.6089
     152      13.7437
     153      11.4668
     154      13.3653
     155      14.2565
     156      14.8532
     157       8.5678
     158      11.3424
     159       9.9421
     160      11.0266
     161      13.6033
     162      11.8491
     163      16.0082
     164      14.9467
     165      17.7343
     166       5.0872
     167      16.0287
     168      18.5814
     169       4.7956
     170       3.4724
     171      12.6672
     172      14.2581
     173      14.1047
     174      18.2445
     175       7.3071
     176      10.5836
     177      13.5598
     178      11.6983
     179       4.6099
     180       9.8419
     181      18.6385
     182       5.5607
     183       4.2668
     184      10.0457
     185      10.5892
     186       7.2694
     187       9.3860
     188       5.4808
     189       5.1417
     190      13.2426
     191      14.2869
     192      14.7966
     193      16.1888
     194      13.2314
     195      18.3465
     196      17.8040
     197      11.6646
     198       3.7351
     199       7.2438
     200       5.8166
     201       3.3183
     202      16.2326
     203      10.6230
     204      14.3940
     205      11.1799
     206      15.9328
     207       5.8048
     208      14.5506
     209      14.1096
     210      13.1573
     211       7.9504
     212      11.7291
     213      12.4544
     214       4.5916
     215       4.9967
     216       5.5165
     217      12.7407
     218      11.5535
     219       4.7358
     220      12.7601
     221      12.8746
     222       6.9489
     223       6.9096
     224      13.5316
     225      12.3162
     226      16.7213
     227      15.9668
     228       3.7879
     229      15.3494
     230      10.6246
     231      18.1567
     232      13.0024
     233      12.0623
     234      10.4283
     235       9.9904
     236       9.0323
     237       9.2619
     238      15.7356
     239      18.0534
     240       8.4587
     241       5.2097
     242       6.8377
     243      13.5893
     244      15.2540
     245      15.1067
     246      16.8644
     247      20.7802
     248      11.2392
     249      16.7079
     250       9.7296
     251       6.4325
     252       5.7157
     253       7.2788
     254      14.4047
     255       5.7174
     256      12.8532
     257      15.4340
     258      19.5427
     259      17.2506
     260       3.8256
     261      18.4758
     262      18.0009
     263      15.9788
     264      16.4878
     265       7.9001
     266      16.7294
     267       6.6915
     268       7.6357
     269      17.5385
     270      20.2229
     271      19.5708
     272       8.4920
     273      15.3571
     274      16.1345
     275      13.9277
     276       9.5005
     277      10.5986
     278      13.6726
     279      16.7016
     280      16.0255
     281       9.5982
     282      14.1897
     283       3.0640
     284      15.3653
     285      11.0769
     286       9.4718
     287      12.4175
     288      14.0900
     289       8.8379
     290       7.5923
     291      12.0050
     292       8.9709
     293      13.6900
     294       9.4139
     295       9.5152
     296      11.0945
     297      12.7895
     298      14.6083
     299       4.3142
     300      12.1967
     301      17.5424
     302      13.1473
     303       8.4155
     304       6.1928
     305       9.3469
     306      13.3622
     307      11.7073
     308      14.5987
     309       7.0807
     310       9.4139
     311      21.9082
     312       7.7390
     313       7.8779
     314      11.9451
     315       9.6396
     316       8.9081
     317       9.5346
     318      15.6080
     319       8.2760
     320       6.4941
     321       8.8355
     322       9.1174
     323      17.3798
     324      13.8827
     325       8.6751
     326       5.3571
     327       6.2167
     328      10.6775
     329       4.5103
     330      14.4256
     331      14.2034
     332      14.6959
     333      18.5776
     334       7.9388
     335      14.6853
     336      16.1849
     337      18.8734
     338      17.7539
     339      11.6333
     340      16.2314
     341      10.2779
     342      12.0140
     343      14.7938
     344      10.0325
     345      13.3003
     346      19.8753
     347      16.1063
     348      19.2976
     349       8.1667
     350      17.5313
     351       9.7285
     352       9.5562
     353       9.7499
     354      11.5186
     355      16.4362
     356      19.9477
     357      14.1801
     358      14.4236
     359       7.5288
     360       8.3648
     361       9.1504
     362       7.9998
     363      11.5627
     364       7.3294
     365      14.4469
     366      17.4269
     367       4.2744
     368       5.8759
     369      10.7690
     370       9.2110
     371      19.0500
     372      16.7815
     373       4.1933
     374       6.3164
     375       8.5013
     376      18.6598
     377      11.5992
     378      12.9721
     379       6.6721
     380       8.5255
     381       3.3887
     382      16.1141
     383      10.5000
     384      15.9907
     385      17.3000
     386       5.3522
     387       8.7049
     388      11.2735
     389       9.6423
     390      18.7732
     391      12.9910
     392       9.4802
     393      20.9234
     394      17.6967
     395      12.7352
     396      15.5170
     397      10.3334
     398       9.7491
     399      17.8656
     400      17.0098
     401       6.0858
     402      12.5665
     403      10.6034
     404      15.7691
     405      11.1828
     406       9.3832
     407      19.5830
     408       7.4691
     409       8.7899
     410      15.4576
     411      12.3048
     412      15.2388
     413      11.2359
     414      13.9022
     415      13.6957
     416       7.6082
     417      15.4931
     418       7.5410
     419       5.2047
     420      10.5344
     421      15.4604
     422       8.6482
     423      17.9359
     424      14.8149
     425      16.9470
     426       7.6673
     427      15.7815
     428       5.5220
     429       5.3256
     430      15.6865
     431       3.2584
     432      12.4687
     433      10.8787
     434      10.6453
     435       5.2629
     436      19.6532
     437      13.0596
     438      16.3885
     439      19.3414
     440      17.8162
     441      13.4827
     442       5.2554
     443      14.9944
     444      12.8051
     445      19.5856
     446      20.0398
     447      10.1177
     448      14.3162
     449      14.8738
     450       8.3012
     451      12.5358
     452      10.9030
     453      15.6234
     454      10.2687
     455       3.3923
     456      15.9534
     457      13.9267
     458      18.6940
     459      11.8978
     460       6.7749
     461      14.4904
     462      14.1400
     463       6.1275
     464      14.8461
     465      16.2674
     466       6.7380
     467      16.1811
     468      10.0648
     469      14.0687
     470      15.7398
     471      12.7642
     472       9.7184
     473      10.7348
     474       4.2294
     475       9.8074
     476      14.5026
     477      12.5984
     478       3.9966
     479      12.6623
     480      14.4104
     481      12.7628
     482      16.7331
     483      10.6515
     484       7.7587
     485       7.8476
     486       7.5593
     487      14.3298
     488       8.5011
     489       6.7464
     490       9.8267
     491      20.8391
     492      13.6294
     493      14.5059
     494       7.7812
     495      19.0917
     496      15.8580
     497      16.3096
     498      10.4730
     499      17.7625
     500      15.3997
