#Frame         global     SA_00002     SA_00003     SA_00004     SA_00005     SA_00006     SA_00007     SA_00008     SA_00009     SA_00010
       1    9524.0783     782.6901     529.8454     643.2365     840.3796     623.8164    1278.4017     413.7639    3489.0357     922.9089
       2    9161.0238     714.3396     705.6726     423.1672     311.2228     345.1314    1967.5334     790.6754    3102.5628     800.7187
       3    8968.2198     416.2758     288.1094     387.6299     518.0814     454.2627    2037.9083     442.6795    3756.7771     666.4956
       4    6995.2588     688.6310     436.3789     304.8595     325.0134     277.4585    1487.5944     434.1476    2521.9176     519.2579
       5    7693.3760     797.2122     534.2853     423.0229     321.6322     293.8707    1442.5579     512.6373    2630.7341     737.4233
       6    8041.4388     477.9032     316.5916     285.3244     406.0304     673.6136    1649.4025     531.3638    2983.2361     717.9733
       7    8343.9980     727.6148     476.5076     297.4143     275.8470     301.0683    1223.5887     495.6512    3670.5172     875.7888
       8    6927.7802     594.0703     287.9047     247.3695     269.0570     346.4638    1286.7909     449.4224    2766.1143     680.5872
       9    6669.3139     319.7681     233.3642     282.1660     298.3540     311.4399     960.4424     323.5914    3157.1075     783.0804
      10    6516.3998     429.4869     342.6366     428.6796     448.0610     301.0480     913.6001     382.4236    2717.9510     552.5131
      11    8399.0050     533.6112     423.1508     372.9982     508.5923     427.9549    1554.5800     420.0253    3273.9072     884.1852
      12    6828.9925     447.8454     445.1417     529.4845     414.4138     355.7821    1128.8545     529.3928    2434.4892     543.5884
      13    5667.5576     314.9454     221.6226     222.9602     233.3987     238.3638     879.4339     280.0996    2501.4476     775.2857
      14    8171.6337     812.4994     408.1336     351.9270     353.3561     300.0572    1550.8251     396.9668    3268.0149     729.8535
      15    5797.4470     371.6823     238.4617     214.0012     245.7267     344.2959     933.6975     397.3589    2404.4401     647.7827
      16    8094.4674     709.0200     433.2055     440.3871     557.3273     443.3578    1612.3892     497.6244    2647.2393     753.9169
      17    7851.9959     514.8035     395.2622     418.3642     412.9081     333.0013    1302.8869     576.3657    3127.1937     771.2100
      18    8109.6206     554.4754     434.6678     404.7440     248.8261     302.1661    1867.1515     491.8006    2844.0161     961.7729
      19    5901.0263     476.1134     318.4011     301.1239     378.1567     471.0038    1014.6199     301.5283    1960.4005     679.6786
      20    7198.9040     525.9275     326.0253     258.6281     210.2444     230.1173    1201.3028     613.6344    3104.9423     728.0819
      21    7585.0653     443.7641     431.2429     499.2389     361.0717     275.2386    1308.4523     591.9353    3020.0778     654.0438
      22    6630.3926     489.1333     365.7525     288.4652     314.4028     313.5703    1153.8438     336.0452    2642.7538     726.4256
      23    8741.6184     622.7390     424.6644     349.2660     352.2071     370.5558    1625.3111     556.0412    3771.4373     669.3966
      24    5875.1367     314.1490     235.3481     248.6280     227.6695     247.3891     996.5667     341.4889    2511.0967     752.8006
      25    8611.9174     688.7693     496.8084     573.1334     322.8068     432.2129    1644.9301     456.0807    2967.5275    1029.6485
      26    7108.9726     430.6754     303.7346     238.4377     271.4748     544.3748    1451.7345     388.9597    2774.6872     704.8939
      27    7933.1550     699.7242     539.1591     530.9023     465.0360     411.6908    1517.0466     438.7864    2232.8821    1097.9275
      28    7369.3396     408.2312     341.1883     325.2255     216.1073     213.7559    1140.4794     378.4623    3556.4571     789.4326
      29    7100.1119     323.4094     273.6705     283.7963     302.0608     278.4541    1589.5890     475.6661    2910.6499     662.8158
      30    5504.1647     366.8100     236.0961     215.9958     246.0835     261.8574     969.4774     282.9281    2284.9546     639.9619
      31    7741.2543     415.6965     524.5458     353.7698     227.8264     264.5358     911.7937     457.2945    3765.7092     820.0826
      32    5889.2079     309.9471     204.7967     247.0710     324.6389     314.1593    1187.9332     491.8621    2326.8517     481.9478
      33    9005.9746     800.3521     708.5810     413.1959     365.8215     363.9215    1192.0663     465.3945    3876.8769     819.7648
      34    7811.9758     494.4480     380.1481     474.2091     345.2732     373.7557    1146.4917     427.4649    3520.0985     650.0866
      35    7071.7333     788.7434     362.7745     324.1163     268.6696     266.5857    1062.6049     423.0951    2830.9440     744.1997
      36    6231.3808     628.5074     384.3887     224.6984     186.1968     201.3438    1187.9850     363.2172    2343.6533     711.3902
      37    8609.0825     685.4871     649.5613     461.0284     305.9006     312.9804    1269.5342     540.0281    3302.8817    1081.6808
      38    8841.4747     562.5012     463.4467     587.3070     483.1957     387.8151    1145.8516     570.7955    3780.4541     860.1079
      39    8223.4392     570.7155     442.6933     371.8924     355.9199     423.3510    1241.7614     664.6811    3326.4927     825.9318
      40    7253.8205     773.7520     362.9424     272.2478     445.1176     487.2432    1103.8983     543.3542    2464.0216     801.2433
      41    7511.9396     581.5168     604.1754     541.5000     364.8208     258.4060    1007.7783     522.8365    2993.8220     637.0838
      42    7135.3792     847.2419     479.4522     363.6874     358.4683     299.7135    1176.6147     627.1441    2296.4034     686.6537
      43    7870.1910     318.6887     256.6258     275.5096     338.5844     456.8053    1552.6144     416.4028    3390.5222     864.4378
      44    8277.5266     766.1870     466.5965     455.5313     461.1809     283.5114    1533.2656     440.9378    3020.3378     849.9781
      45    7918.8008     485.0961     272.9837     331.6205     303.1713     292.0551    1600.4769     507.0094    3293.5794     832.8086
      46    5922.5629     557.2429     391.7401     286.1756     284.0588     326.1934    1207.8902     351.0463    2000.8886     517.3270
      47    6547.1149     486.7708     400.3575     467.7014     443.7909     358.8876    1044.0072     518.1257    2239.3057     588.1682
      48    7421.3669     427.2044     401.4618     419.3187     332.0603     351.7672    1245.5825     445.2704    2958.7048     839.9969
      49    6659.6849     523.4935     359.9961     444.5143     499.9720     533.7989    1252.4259     536.9654    1972.5554     535.9635
      50    8633.4650     360.9742     348.6701     512.3447     473.6251     554.1124    1643.9847     466.0796    3458.2641     815.4102
      51    7932.2922     583.7431     456.2347     294.6975     347.6717     433.6747    1765.4826     503.2026    2573.8300     973.7554
      52    6014.0526     528.6469     387.5217     278.3624     259.7705     243.0747    1038.2213     435.7423    2337.8817     504.8311
      53    8715.0173     331.1707     246.3253     297.8724     451.5230     412.0536    1892.2334     422.7560    3917.0735     744.0094
      54    7496.3280     618.3494     503.8211     455.5909     421.8139     367.8265    1404.2724     477.2371    2781.9274     465.4892
      55    7153.2679     851.1048     541.9619     402.3666     290.3862     353.2498    1087.8718     513.2920    2553.1227     559.9120
      56    9406.2980     453.9487     440.9849     477.2151     549.4954     481.5109    1781.6141     491.1673    3896.4583     833.9031
      57    7060.9238     417.9714     321.3730     289.7123     412.1221     509.3331    1246.2072     357.5258    2770.4625     736.2164
      58    8410.0344     540.7087     529.2914     571.7663     380.9801     253.9850    1281.6123     455.4651    3341.3464    1054.8791
      59    8101.9869     630.0342     558.9095     406.1118     244.1729     237.3216    1213.5851     517.9623    3603.7930     690.0965
      60    7728.9464     698.8163     384.1706     357.9961     305.9280     299.3457    1620.3694     469.1361    2671.3881     921.7962
      61    7477.5311     578.8463     561.3082     432.4015     268.1922     240.6521    1292.8638     577.1523    2656.6515     869.4633
      62    8566.5275     459.9874     359.1025     361.6381     359.9703     343.7280    1718.5811     713.3084    3337.9644     912.2472
      63    7209.4008     315.9291     206.2063     187.9353     214.1373     351.3685    1432.0240     688.0412    2899.0602     914.6989
      64    9076.4925     433.2879     562.4250     624.8413     713.2749     559.1601    1450.0888     602.6968    3118.4471    1012.2707
      65    6092.9772     325.8282     279.9652     323.3216     324.3792     307.3729    1476.1754     394.3793    1975.2476     686.3077
      66    8447.7204     440.4205     461.3554     463.9382     426.4823     416.9177    1934.1878     740.5955    2653.5596     910.2633
      67    6602.5194     609.6320     451.4865     439.1969     322.8470     296.4073    1004.7537     401.7418    2245.3990     831.0551
      68    8082.6064     500.4610     408.3469     381.6921     400.8999     422.3668    1832.6676     411.7732    2950.4899     773.9090
      69    7855.0911     567.1490     505.3966     346.5712     255.2452     310.0512    1472.3770     468.1305    3070.2421     859.9284
      70    6801.0969     481.2216     514.2790     291.5420     212.1726     228.4418     887.8671     445.2539    3133.6716     606.6474
      71    7468.0147     432.1411     533.0482     571.2256     287.9347     270.9869    1216.0319     465.3424    2969.6516     721.6522
      72    8241.8420     681.0645     549.0189     296.9427     296.2968     312.9801    1306.3810     497.1416    3449.3017     852.7146
      73    9431.5771     614.2229     510.0754     522.7730     584.6571     616.6178    1338.7039     488.8210    3620.4827    1135.2232
      74    8175.4722     550.1148     628.3852     403.4443     326.9458     322.5350    1496.0165     675.7495    2796.6727     975.6083
      75    7780.1312     519.3406     442.7485     491.6716     391.1655     292.7764    1190.5705     444.6425    3005.7425    1001.4731
      76    8961.8753     371.0553     469.6731     482.3535     375.5672     352.9923    2171.9300     475.6231    3294.7878     967.8931
      77    7428.9145     825.5255     422.4371     337.9695     319.3854     261.9073    1379.3365     432.9926    2714.7794     734.5813
      78    7750.9567     457.6755     406.4373     417.1213     560.3878     685.5418    1044.4452     472.5949    2876.7645     829.9883
      79    6677.9129     396.3008     316.8756     291.3561     299.0418     270.7509    1120.0210     367.8576    2956.5589     659.1503
      80    8229.9860     577.5043     420.2443     488.2005     618.8630     412.0955    1170.2088     436.1562    3149.0692     957.6444
      81    9016.2392     431.9022     371.2697     255.5063     245.4890     337.9671    1937.4371     522.7422    4110.0052     803.9203
      82    7333.4384     331.9211     335.7662     350.8108     335.1462     332.7738    1395.8511     466.3346    2962.5268     822.3079
      83    6723.7727     349.7964     249.9805     221.1781     208.7305     258.3382    1557.5781     577.0274    2401.3005     899.8430
      84    7140.3243     585.7568     266.4818     289.7310     329.2599     276.9603    1274.3273     509.7093    2772.6141     835.4838
      85    7886.3499     404.1015     333.5394     308.9073     339.1855     371.7063    1907.0341     629.3233    2653.4421     939.1105
      86    7238.6547     457.1136     385.1507     337.9666     347.5953     342.8745    1459.6417     545.7580    2340.8821    1021.6722
      87    7230.2067     538.2321     411.9148     317.3695     262.2549     353.6716    1497.2458     542.4843    2785.6120     521.4218
      88    7591.1214     400.0316     320.7583     278.8788     259.1075     267.0618    1471.3971     626.3688    2975.4205     992.0970
      89    7424.1121     405.2060     415.9025     406.5473     329.2858     345.7666    1287.6869     527.0156    3108.2908     598.4106
      90    6042.8828     308.8040     198.7632     161.0664     177.1809     227.8631    1009.7318     425.5944    2825.3304     708.5487
      91    6621.4833     708.3455     380.1854     222.3700     236.1831     290.7384    1082.4949     546.9578    2476.7321     677.4761
      92    7238.6709     331.2460     247.7564     314.7972     260.9875     274.4385    1580.7052     620.5906    2800.7338     807.4157
      93    6065.3622     450.9506     265.6571     224.9371     265.8595     450.0470    1018.5176     443.2404    2308.6550     637.4980
      94    6817.1977     310.0931     207.6498     184.4350     226.6871     289.7054    1667.3728     613.6594    2384.5961     932.9990
      95    7890.5467     479.7148     421.5742     389.7449     325.3904     464.8721    1236.2833     398.3995    3132.7006    1041.8669
      96    6696.5680     409.6136     375.8093     329.1930     396.0480     433.8180     908.7655     331.1721    2627.8195     884.3291
      97    6901.6280     762.3628     569.3164     357.8903     414.7361     445.6413     855.2975     285.9457    2389.2594     821.1784
      98    7979.4102     650.5471     337.4907     365.4300     382.3215     384.0623    1621.1359     415.0804    2974.0505     849.2918
      99    5484.1778     322.9531     199.9781     186.9017     194.1752     239.4937     851.5160     316.4172    2479.7371     693.0057
     100    7601.6222     698.5681     318.6570     281.6839     307.5272     318.0644    1612.1801     441.0517    2998.5325     625.3573
     101    7991.9280     596.9530     436.5206     324.4281     396.2059     323.2888    1886.8906     491.1181    2864.2072     672.3157
     102    8027.5577     577.5287     565.0960     476.2804     590.4457     444.6578    1143.3209     443.9228    3069.0855     717.2199
     103    9382.0561     728.3517     519.4031     617.4553     374.5956     332.4709    1767.7240     538.7802    3705.9471     797.3282
     104    5961.8145     334.9305     227.9140     270.1410     360.1456     304.3224    1184.2566     370.0257    2200.5448     709.5339
     105    8756.4862     373.9471     273.5235     241.1261     295.1005     442.6238    2244.0591     625.9774    3470.3970     789.7315
     106    6943.8118     312.5889     203.2720     171.5912     174.6889     216.1379    1132.7944     540.2190    3424.5803     767.9392
     107    6495.0705     389.5269     263.5635     224.1206     185.8695     217.6040    1180.3852     357.4944    2858.3058     818.2006
     108    8145.0677     707.7505     637.6995     443.5786     347.1754     531.0323    1131.3378     416.7854    3125.5583     804.1500
     109    7494.2684     557.2652     301.3920     309.3543     241.6056     318.6269    1512.6675     527.0327    2954.9326     771.3916
     110    8174.5977     713.5767     561.5618     347.5675     260.2617     279.0603    1525.9467     499.1310    2794.4611    1193.0309
     111    8505.6036     772.0633     542.5476     349.4264     219.7257     280.3412    1214.9044     537.7246    3883.8263     705.0441
     112    9416.5145     725.9544     909.8076     638.5959     388.3878     418.3040    1644.1357     771.2980    3134.9634     785.0676
     113    9043.9021     647.4704     538.5228     296.0245     215.0370     368.2040    1989.9791     706.0013    3103.0305    1179.6326
     114    7987.0313     688.6124     570.3661     611.8251     477.8420     375.5920    1143.2713     538.2529    2689.3302     891.9393
     115    8747.9888     679.2094     711.6877     371.8125     259.5229     328.6173    1788.7309     730.0143    2786.8730    1091.5208
     116    8492.1641     431.8133     341.1439     381.5757     479.6118     448.5896    2021.6378     465.2196    3377.0914     545.4810
     117    7889.0861     494.3499     240.5644     264.8882     347.3094     578.3126    1271.6787     514.3584    3337.6018     840.0227
     118    8204.9215     490.0490     458.7103     492.4226     579.3004     387.7188    1402.0397     537.6187    2973.8719     883.1901
     119    7545.3027     575.5087     389.0833     505.7849     385.8287     395.1054    1058.2315     407.1189    2944.5138     884.1276
     120    8010.7968     584.8862     802.9944     527.9669     343.6509     324.9266    1198.0489     529.4065    2837.8047     861.1116
     121    7362.8427     356.9310     268.1380     301.0648     318.8795     409.6188    1409.2424     429.3062    3201.7086     667.9534
     122    7638.6394     705.4302     529.8520     440.3924     425.5887     365.6551    1594.6726     543.9858    2413.5898     619.4729
     123    8344.9078     518.7507     396.3204     296.7326     273.6785     274.7524    1525.4259     519.5253    3731.1564     808.5655
     124    6766.0359     390.8497     360.8794     329.7918     331.2265     335.2672    1112.4154     420.2512    2813.6062     671.7483
     125    7367.6018     511.8289     521.5021     357.5829     310.7766     332.4532    1262.0342     484.1979    2926.3206     660.9055
     126    9646.8168     539.8760     561.2557     440.8218     389.0810     473.7398    1576.5326     608.7992    3977.2058    1079.5048
     127    8562.9920     514.1182     332.1512     272.1299     280.0439     349.4677    1780.4669     594.3842    3321.0906    1119.1394
     128    7457.9391     452.1536     255.7320     231.9283     249.9788     499.3668    1192.0987     453.7105    3356.3041     766.6663
     129    7715.8361     979.0908     326.8666     264.2968     266.5229     259.0460    1224.8578     500.2138    3135.7180     759.2235
     130    6637.5596     495.8958     288.2837     222.6689     231.1781     302.8030    1092.2168     364.7429    2945.6482     694.1222
     131    7062.9538     429.7620     346.4896     297.0956     343.5855     375.3303    1314.2419     437.7747    2807.2287     711.4456
     132    8643.9761     625.1909     522.9320     463.9318     523.6904     482.0613    1615.8146     562.6988    3130.3261     717.3301
     133    6164.2005     501.7886     351.4003     289.6007     284.7587     400.6090    1474.5545     380.8219    1935.8992     544.7676
     134    6780.6859     592.3413     286.5430     230.6670     240.6262     317.6246     981.6924     464.6802    2837.1071     829.4041
     135    9479.9431     677.6541     429.0798     309.6680     411.8899     518.6875    2219.0598     561.1210    3619.7139     733.0691
     136    9602.0366     410.1421     532.8645     364.4064     349.8750     328.6666    2166.1281     509.5801    4041.8895     898.4842
     137    7786.5935     418.5081     315.2087     284.8833     284.1445     276.6754    1352.5275     654.5320    3213.0115     987.1025
     138    7495.7200     586.9087     336.1348     285.0093     306.0413     270.8196    1770.9483     518.4556    2608.2266     813.1756
     139    7547.6384     327.8995     270.8770     261.3268     240.9992     319.5354    1879.3550     689.6490    2642.3954     915.6011
     140    8485.0159     730.9090     449.2216     331.8781     314.2302     351.7010    1645.1407     611.4601    2891.9181    1158.5572
     141    8673.5485     710.9038     361.8855     266.9293     308.7951     382.7559    1503.0468     407.9094    3741.1963     990.1264
     142    8963.9157     871.2685     466.5563     401.5628     380.1878     359.3773    1319.2992     379.2239    3978.9426     807.4973
     143    7297.2415     433.2477     342.7485     339.3349     398.0070     414.3072    1476.1734     378.6681    2845.5396     669.2150
     144    9121.2351     636.2205     515.3286     356.9330     403.2316     463.9755    1942.1879     669.3551    2961.0136    1172.9893
     145    6084.1739     338.8845     227.3439     222.6085     275.6236     294.0630    1013.4849     409.8791    2627.0827     675.2037
     146    7129.9550     478.5065     422.4839     407.2868     324.1079     306.7205    1036.0939     353.2724    2825.4160     976.0671
     147    7804.3517     332.2374     221.6851     204.0845     194.0707     261.5861    1804.2016     517.4846    3447.2050     821.7967
     148    7265.0848     557.4995     319.6348     255.3786     287.2918     506.6897    1173.1487     436.0028    2996.3613     733.0776
     149    6595.9685     380.9278     270.1488     216.7819     246.8613     250.1323    1355.3159     441.7540    2724.8979     709.1485
     150    9362.8784     449.0124     528.8638     766.0772     518.6802     314.0783    1365.7104     592.7489    3889.0385     938.6687
     151    6858.6869     413.1708     312.6278     404.9605     483.9812     488.4642    1036.2148     483.4975    2616.5943     619.1757
     152    7705.1569     524.4941     445.0059     477.0340     289.0550     285.8196    1052.5706     367.5713    3283.4085     980.1980
     153    5663.7971     338.1518     282.2049     279.6217     284.0974     292.4482     930.5672     344.4358    2250.4917     661.7785
     154    6737.5163     435.7044     347.7688     348.5041     250.7365     261.4521    1399.2590     436.8844    2357.1212     900.0860
     155    6990.1203     727.1248     389.0726     380.9430     315.6433     337.8676     965.5656     361.7033    2882.7487     629.4513
     156    6627.1434     360.0764     260.0306     251.7109     257.9095     252.9793     988.2184     516.1559    2948.4223     791.6402
     157    6686.0469     392.8082     235.8616     220.4720     289.6364     374.4967    1283.8187     526.2281    2556.7386     805.9866
     158    7213.4347     324.8422     224.1833     234.8464     385.3958     643.7058    1174.1411     537.0988    2995.2637     693.9575
     159    6169.6422     312.3346     245.8323     255.3515     381.5138     437.2147     981.0020     542.3693    2322.0610     691.9630
     160    7973.7890     684.2496     354.8023     270.3299     256.4685     314.1820    1241.4971     482.4957    3460.2673     909.4966
     161    9449.6285     632.8018     381.7710     360.4418     321.2141     338.5964    2139.8636     516.6913    3897.2604     860.9881
     162    9627.6600     615.0047     307.5936     400.0719     355.6386     526.4951    2035.8398     650.7042    3972.9207     763.3916
     163    8517.3152     371.9222     421.4034     467.6217     585.3941     389.5975    1217.1346     378.0256    3809.0292     877.1870
     164    8050.5097     476.9365     326.2525     349.5648     433.5689     493.8539    1586.7209     610.9100    2874.2082     898.4939
     165    7186.4277     467.1188     258.1662     207.2408     224.2912     257.4254    1326.5495     456.7031    3255.1776     733.7550
     166    8401.6389     885.7063     396.6953     315.4966     345.8753     456.2260    1597.6522     456.4401    3223.0641     724.4828
     167    7313.8048     485.1133     315.5452     348.7211     313.9792     317.2360    1035.9270     445.7898    3354.4645     697.0286
     168    8132.4714     654.8157     367.1304     318.8294     310.4529     277.2865    1362.3301     646.8396    3197.2009     997.5858
     169    6538.7482     329.8033     219.8244     200.5413     216.3288     308.9228    1096.7185     560.5279    2695.4244     910.6568
     170    6713.7057     601.2320     500.4318     499.1120     321.2810     284.1447     975.6188     524.4922    2422.6886     584.7045
     171    8663.6972     491.4706     425.8857     377.4985     488.9190     731.1165    1396.5064     588.3412    3419.8164     744.1428
     172    9135.6675     760.9042     856.0644     438.6302     444.4952     459.2920    1635.8479     558.1371    3208.8450     773.4515
     173    8522.5434     734.3639     482.5552     395.8285     429.7987     481.4852    1852.4629     541.1370    2298.6275    1306.2845
     174    7232.1320     641.4379     386.0476     316.2461     244.6296     237.9449     989.6691     405.6053    3051.2542     959.2973
     175    7794.6215     502.9251     337.5907     249.4144     274.0294     282.4583    1699.3200     491.8664    3267.8443     689.1729
     176    6435.2927     468.0821     480.9569     486.0596     329.1605     319.7012    1177.4663     381.2461    2028.9443     763.6756
     177    6719.6521     829.5383     437.8413     305.2155     218.4549     240.1660    1289.5233     400.9946    2258.0650     739.8533
     178    7506.1796     826.1791     516.8050     461.7802     521.3383     398.6768    1228.8834     385.6190    2345.2087     821.6892
     179    8085.3155     731.1119     588.5234     331.8588     297.9024     284.3865    1606.4693     437.1960    3196.8638     611.0034
     180    7810.2461     475.7774     668.7520     559.6575     414.1101     308.5484    1531.7219     619.7536    2245.9232     986.0020
     181    9780.0487     450.5586     530.2950     501.5910     415.7322     448.7040    1615.1347     734.2289    3885.4524    1198.3519
     182    6725.5271     607.9012     335.2964     332.2527     282.6096     312.8087    1501.5056     456.3133    2041.9507     854.8889
     183    7484.2651     640.4753     249.8622     220.0375     225.7316     286.9233    1360.9440     486.9031    3209.0190     804.3692
     184    9864.6660     850.3411     860.4245     584.4083     476.9898     347.5630    1550.8975     636.8812    3783.5204     773.6402
     185    7093.2280     474.5633     313.1815     375.1326     321.4586     291.4680    1504.7543     552.8453    2432.2213     827.6030
     186    6932.8625     763.1210     302.7927     215.9525     216.7602     317.7133    1006.9793     467.2809    2940.3427     701.9200
     187    8038.1790     584.1345     417.9029     377.7246     378.3629     387.4091    1330.6518     537.5789    3131.1910     893.2234
     188    5994.9401     314.0445     223.6664     220.3340     286.3981     277.7782    1051.6127     449.9743    2577.5421     593.5898
     189    7894.4703     498.9103     537.0836     451.1180     323.8185     260.0760    1309.1352     517.1703    3020.9671     976.1913
     190    8926.9274     657.3806     560.1288     361.9836     394.7716     374.2986    1332.5758     518.3554    3928.6368     798.7962
     191    6635.1242     709.9505     370.5139     222.0924     252.6328     283.3731    1249.5673     578.9786    2248.6113     719.4043
     192    6550.5982     355.2603     235.0182     232.2767     263.0022     258.2498    1511.9610     478.1659    2557.0911     659.5732
     193    7527.6117     506.3146     442.4856     387.6095     487.4137     484.2516    1207.6703     591.2994    2345.5655    1075.0017
     194    7752.3915     662.6888     419.0759     327.9739     420.1021     479.4347    1014.0296     645.6492    2825.5250     957.9124
     195    6374.1686     313.5390     205.5493     184.0253     174.3435     189.4565    1200.0239     563.8977    2776.7681     766.5653
     196    8123.5068     572.2898     416.3993     294.5776     263.2093     277.8786    1858.6473     514.0158    3311.9338     614.5553
     197    6996.1318     523.1854     321.0846     361.4259     400.5287     281.7728    1587.8063     367.4660    2619.7488     533.1133
     198    8380.9677     460.0136     387.9653     418.4987     596.9111     592.7364    1433.7885     710.9603    2848.7517     931.3422
     199    6487.4394     474.8894     361.7118     349.6967     288.7235     329.6234    1208.6698     411.2992    2344.4210     718.4046
     200    6169.6804     441.1680     420.9644     309.6340     227.0616     255.8226    1312.9844     450.6497    2063.3312     688.0645
     201    8161.3595     604.2269     606.7340     601.6435     348.8868     386.9195    1478.3941     524.7161    2837.1205     772.7181
     202    7470.3683     525.4165     473.5577     286.0321     230.4628     214.4007     926.5856     489.0958    3495.7994     829.0175
     203    6148.8903     323.2059     205.5916     186.8888     181.1289     253.8032    1390.4719     546.0156    2181.4330     880.3513
     204    6724.3881     482.6981     333.9740     244.3314     278.0477     471.2661    1283.4901     552.6203    2260.7275     817.2329
     205    7814.2825     496.7716     349.7638     246.6559     273.8766     295.0294    1851.2696     498.3797    2931.5740     870.9618
     206    7776.0860     313.7078     199.6288     190.2878     299.9781     408.8798    1348.6679     651.7413    3404.9352     958.2593
     207    7442.5518     908.3253     256.6118     259.9260     289.9048     345.4033    1664.8273     561.0957    2315.5654     840.8921
     208    6933.9843     407.8197     260.6290     230.1860     259.3745     286.2479    1579.3577     523.2037    2573.2235     813.9422
     209    8422.7118     612.0688     377.4105     284.8530     358.2406     375.8623    1627.9012     566.5342    3154.2704    1065.5707
     210    8743.8728     914.1922     481.7815     310.6153     305.8905     432.8632    1769.7157     745.6486    2905.2356     877.9301
     211    7586.8417     624.9417     375.3329     398.3981     525.1412     493.5611    1203.0310     569.5874    2474.2997     922.5486
     212    6849.4568     511.4755     289.4342     296.0764     365.3866     312.3742    1553.3010     484.3922    2144.2199     892.7967
     213    7910.8816     495.7131     350.7508     315.9513     368.0358     351.3880    1799.8596     714.7107    2585.1520     929.3201
     214    6629.8708     398.1351     227.4227     209.2538     223.0746     347.4450    1477.9003     488.0615    2718.3493     540.2285
     215    6475.1141     551.4327     343.7561     327.6872     293.2528     282.0607     837.4269     304.6248    2657.9888     876.8841
     216    8342.6066     552.3162     569.6734     672.9626     373.8274     268.9683    1284.0152     568.4932    3268.8837     783.4666
     217    7169.7188     331.2074     344.4425     430.9169     328.8533     406.9448    1169.8238     437.6717    2976.7543     743.1040
     218    6976.5723     546.1190     352.8248     239.1971     207.7959     227.7761    1340.2193     532.0081    2889.3264     641.3055
     219    8386.2971     712.9748     781.3565     410.0572     267.7693     300.0308    1573.2695     669.5696    2799.1466     872.1226
     220    9919.5289     730.2806     405.6218     392.7117     402.0303     292.8803    2147.3413     562.4392    4141.3199     844.9039
     221    7970.4228     376.5632     456.8676     367.1115     264.1137     250.7071    1761.5322     664.0754    2890.7064     938.7459
     222    8263.8346     500.8329     361.7320     386.4831     284.3207     261.3709    1802.1812     646.9845    3283.3720     736.5572
     223    5937.8834     319.8602     202.5660     199.2170     281.7663     326.2592    1138.6807     439.3159    2475.7819     554.4363
     224    7597.5122     555.1205     323.2017     267.0952     349.1588     318.8851    1144.5062     492.9573    3405.1653     741.4222
     225    6188.6141     317.2866     313.8956     323.2776     341.2448     392.4075    1279.4936     352.8749    2358.5620     509.5716
     226    7585.6286     819.8747     582.9485     349.2072     258.5185     320.4690    1173.9770     671.1449    2499.6016     909.8873
     227    7642.3216     382.0151     355.9846     350.6494     330.6513     357.9404    1742.9435     569.8180    2663.4403     888.8790
     228    7911.9003     586.9719     234.8228     206.8074     235.8154     332.3892    1968.0877     572.0022    3034.1027     740.9011
     229    6442.8041     360.9854     235.5822     234.8379     295.3254     361.8710    1589.4544     515.5566    2123.2563     725.9349
     230    7959.2616     651.0628     504.5052     358.9811     374.4303     367.1810    1449.5254     474.4929    3021.9969     757.0861
     231    8239.7883     661.0223     569.4035     497.3543     291.4864     349.9432    1409.8941     753.5771    2720.1494     986.9579
     232    7020.5194     428.8449     439.8328     636.5058     402.7731     310.0514    1238.8455     572.6217    2178.2921     812.7522
     233    5981.5989     470.1121     379.7346     327.3758     302.6914     290.0446     949.4686     525.3695    2190.1100     546.6922
     234    7816.3551     810.4691     505.9838     498.9738     346.4990     343.6380    1613.2251     593.7622    2153.2546     950.5493
     235    6511.7989     309.0941     206.3352     210.9819     238.1120     266.9603    1469.9917     537.1726    2510.5389     762.6122
     236    6822.5401     490.0138     258.6815     224.5390     266.9621     276.8979    1586.3626     557.8321    2155.1469    1006.1042
     237    8778.6577     960.9411     501.0052     341.8052     305.1540     351.9525    1529.1527     540.3653    3288.1558     960.1259
     238    7648.1911     452.7202     302.6013     319.3258     292.9521     297.1605    1568.7399     528.8316    2949.7576     936.1021
     239    7467.6756     732.5819     525.2991     387.9485     329.8618     347.1924    1152.9612     446.6879    3019.2230     525.9199
     240    7544.3618     492.0036     318.2879     211.7217     201.5157     273.9214    1482.2313     562.5398    3076.7173     925.4230
     241    8487.4714     585.7078     315.2162     262.1544     304.0410     330.1612    1106.1047     657.5739    3662.4650    1264.0472
     242    7872.2917     596.6545     593.1886     356.8154     277.3951     259.6167    1024.7940     518.9517    3495.0912     749.7845
     243    6496.5251     303.3887     233.8363     258.6460     360.4718     319.6483    1304.3364     413.5111    2804.5172     498.1694
     244    7488.5735     774.2951     566.2310     371.5935     295.3289     304.3458    1178.8575     443.0762    2704.9161     849.9294
     245    5758.1113     361.3708     263.2761     268.4677     265.3458     295.5431    1052.2874     477.9466    2193.4743     580.3996
     246    7869.4824     549.0169     353.1288     467.4912     484.1642     537.4864    1141.6753     419.7601    3267.4528     649.3067
     247    7615.7081     957.4704     394.6745     341.6051     333.7156     365.1426    1628.5796     408.2680    2424.1875     762.0648
     248    7343.5542     514.2654     398.0771     265.7019     223.3017     245.6473    1140.4826     399.1141    3382.5336     774.4303
     249    8881.5882     468.0331     523.7056     730.4804     633.0487     379.2222    1133.6107     421.7028    3683.3366     908.4481
     250    6909.8365     411.5856     436.6758     540.0853     415.2740     458.0007    1484.4569     499.7339    1975.2915     688.7329
     251    6709.6838     431.8888     428.5874     459.7048     379.9500     272.4630    1297.6211     438.5088    2233.3054     767.6545
     252    7986.4817     481.2309     646.7871     438.8990     335.0419     347.0338    1394.4053     762.9550    2630.9917     949.1370
     253    6133.3723     320.6499     212.6784     184.3499     182.4373     249.7806    1209.4457     373.2286    2644.4090     756.3929
     254    8204.0753     496.6549     345.0822     334.7336     370.5616     508.2645    1465.5251     714.2011    3355.9724     613.0798
     255    7035.5177     361.9707     309.5290     232.7352     225.5520     256.3270    1483.3706     520.8508    2637.8925    1007.2902
     256    6171.6978     592.8626     249.9730     199.8651     209.8450     230.9280    1188.1120     516.7387    2355.2448     628.1287
     257    8712.1754     424.3223     378.7951     331.9745     671.9724     583.9641    1420.0901     570.0046    3406.4595     924.5928
     258    8490.4943     553.6176     412.7476     382.1779     630.9001     381.8979    1339.4603     427.1468    3378.4861     984.0601
     259    7954.1566     502.4681     443.2838     280.5609     275.8479     268.8757    1084.2604     491.1311    3749.6658     858.0628
     260    6998.1957     391.5329     305.9635     217.1808     216.4242     231.8590    1218.1083     524.3839    3081.3962     811.3471
     261    6494.5529     410.4575     243.5436     212.9137     229.0799     341.6651     939.7143     384.7459    2890.8061     841.6266
     262    5985.9716     384.8334     262.4405     236.0318     262.0696     328.9279    1213.9884     500.4090    1996.8730     800.3978
     263    8720.9029     537.3559     445.6864     521.5492     361.6481     344.2485    1634.7225     537.7528    3430.7861     907.1533
     264    7735.7523     775.3633     537.6055     364.4699     351.4450     369.9437    1285.6798     564.1394    2766.5018     720.6039
     265    8299.1000     466.2561     440.4121     517.9250     639.7495     413.5683    1162.1461     433.1662    3160.0338    1065.8428
     266    8734.5980     364.0689     279.2071     241.6302     353.2621     470.0813    2270.2987     573.4368    3401.0804     781.5324
     267    8671.2046     482.3046     300.8785     383.8678     538.2002     389.4817    1638.7938     598.8900    3330.3004    1008.4875
     268    9757.0391     688.0195     444.6382     502.4544     652.7229     374.0191    1727.1539     528.1432    3825.1289    1014.7590
     269    8993.0103     723.0103     703.1280     364.7159     277.1110     337.4249    1379.1950     549.9620    3875.3105     783.1526
     270    7076.2670     333.8643     336.6782     415.6134     350.3037     375.4425    1743.5926     494.3083    2537.1898     489.2743
     271    7368.2161     343.0588     258.7114     210.1922     187.3738     269.7748    1383.6915     673.3633    3420.3146     621.7356
     272    7103.3655     673.0397     388.7927     335.3453     319.2478     319.3271    1243.3880     501.8183    2795.8906     526.5160
     273    6238.9167     406.6959     243.8546     212.6772     220.9920     238.5300     863.3236     326.8326    2883.8674     842.1435
     274    7914.8200     385.6748     422.8322     626.0434     614.4828     412.5979    1220.6239     486.1284    3018.0438     728.3928
     275    7785.7454     555.9921     424.3768     282.2702     218.5369     333.8957    1513.5903     531.0715    3177.5301     748.4819
     276    7418.7108     575.0337     447.4594     402.7867     388.0168     438.9130     878.3383     395.9116    2900.3006     991.9507
     277    8791.4765     526.1949     719.3024     513.2506     368.9255     356.5515    1636.3562     610.5808    3302.2786     758.0361
     278    7530.7567     957.9211     481.8373     343.3551     347.7676     396.9958    1336.7600     452.0086    2714.4958     499.6155
     279    5918.2331     372.6088     265.6454     212.8733     199.8943     210.1007    1282.8192     457.7502    2320.5268     596.0144
     280    8149.1886     590.2891     419.9896     391.9027     248.5598     249.0581    1603.8991     706.5139    2999.0456     939.9305
     281    6590.2128     390.5798     333.1469     313.4570     272.5048     250.2838    1049.6916     493.3299    2855.0356     632.1833
     282    8326.6965     440.9344     339.9184     319.9082     294.4295     336.6196    1765.3011     509.0055    3511.4500     809.1297
     283    7506.3666     653.1935     524.1733     344.0457     297.4136     379.5296    1646.0500     527.5421    2435.3869     699.0319
     284    7568.6090     474.6283     356.2222     333.0749     262.7295     275.8322    1955.3637     524.6813    2552.9381     833.1388
     285    6467.6064     303.7216     197.5450     163.8203     165.2863     192.3843    1314.2053     394.7982    3034.8966     700.9487
     286    7323.7623     537.3232     367.3565     306.6162     336.2105     320.3719    1391.4042     415.1945    2981.1889     668.0963
     287    8637.2365     473.3575     376.2620     315.4494     332.4303     342.2195    1982.8914     670.5967    3438.2684     705.7613
     288    8988.5009     531.2293     393.1265     329.8836     418.5847     422.8189    1706.3022     634.7394    3326.9487    1224.8675
     289    8224.3108     583.7073     736.5872     449.7180     317.1212     278.3519    1466.8187     491.7052    2938.4322     961.8690
     290    7895.1488     462.1536     444.0756     414.6555     328.4727     286.9885    1215.2907     486.4788    3195.1970    1061.8363
     291    7631.0368     648.0139     645.9867     641.3810     333.1027     261.9431    1176.8264     490.0629    2676.1911     757.5289
     292    7842.7507     309.3372     222.2785     315.8426     424.6045     458.0948    1293.4110     545.7574    3317.4388     955.9859
     293    5509.1292     306.2619     203.9023     228.9254     288.0897     260.9010     989.1709     420.7895    2325.5266     485.5619
     294    8820.3460     660.4938     541.0558     637.9924     359.3995     285.8321    1383.1135     471.5502    3459.5404    1021.3683
     295    6136.6216     340.8177     234.7072     222.2303     250.7174     336.5451    1170.7640     344.6428    2591.4547     644.7425
     296    8034.5311     359.3282     275.4119     346.9291     317.7383     359.1050    1583.9475     558.9334    3482.7737     750.3641
     297    6462.7555     449.8182     320.9046     295.8618     352.5882     351.3933    1262.7771     350.9691    2446.4332     632.0100
     298    6887.4414     330.7557     264.8990     282.5810     246.7645     265.6299    1201.3451     400.3056    3070.2634     824.8971
     299    8304.7696     670.5472     368.3031     315.3202     320.0059     469.4178    1464.6088     522.6852    3223.3279     950.5536
     300    6820.6080     414.9319     455.9462     368.4665     304.3304     300.7172    1483.9743     460.7457    2518.3289     513.1670
     301    9221.2994     764.1340     483.2156     334.0911     250.1996     347.6136    1890.4705     699.3011    3693.7301     758.5438
     302    8671.4294     526.4438     527.9737     530.2971     504.7394     558.6893    1295.5917     716.9269    2874.7192    1136.0483
     303    7929.7351     554.8137     488.3555     420.3760     504.8029     497.2087    1481.5164     781.1715    2494.4644     707.0261
     304    7539.1330     601.2519     513.8623     487.6137     434.7966     483.3429    1155.6368     514.0424    2296.4438    1052.1426
     305    6604.7431     489.1685     477.1192     271.4897     261.8677     405.3950    1123.9427     456.8624    2475.9331     642.9649
     306    7933.9464     795.9222     414.1106     275.7383     259.1283     268.1430    1532.2596     646.4308    3064.2190     677.9947
     307    7685.8122     402.8289     261.7856     246.3366     275.7269     381.1397    1181.0482     581.8565    3408.7638     946.3261
     308    9463.4718     759.1971     544.7230     448.9131     402.7651     340.7005    1803.8660     585.7300    3743.2288     834.3482
     309    8472.0739     524.1276     440.1229     451.6775     494.8974     511.7947    1835.2441     592.7657    2641.8650     979.5791
     310    9405.7061     533.4250     538.3243     522.8711     720.9180     584.0532    1195.9625     540.0378    4093.9385     676.1756
     311    8787.8538     434.4457     592.9415     458.6259     469.9269     501.0665    1249.8434     498.9396    3633.5464     948.5179
     312    7331.9759     712.8966     325.4577     275.4936     283.2978     258.0410    1241.3439     466.2671    3013.2400     755.9383
     313    8282.1090     567.4692     469.4867     341.1302     286.8002     329.1367    1878.1818     495.4811    3138.1078     776.3152
     314    6412.7786     426.7490     424.0325     271.1574     242.8544     263.5876    1269.1268     486.7962    2531.1072     497.3674
     315    5447.3393     355.2776     238.9702     288.7676     357.5630     383.3497    1229.4033     345.5714    1723.8802     524.5562
     316    6652.6803     331.5027     382.8520     493.0917     287.4651     283.7442    1440.4503     559.2332    2371.9599     502.3811
     317    6452.9474     329.0879     222.2671     221.0431     238.0064     268.6699    1255.5478     495.2648    2700.1084     722.9520
     318    7298.6224     699.6741     452.7415     407.0864     319.7560     385.3429     865.1780     341.3462    2922.9042     904.5931
     319    8997.2896     687.2159     477.9998     456.1218     403.5620     497.9515    1019.7048     416.5863    3800.0017    1238.1460
     320    8575.0075     363.4841     282.0430     229.7408     327.1353     409.7362    2101.1113     570.5664    3568.7520     722.4383
     321    8213.7336     789.4863     541.7341     614.0722     456.9483     379.2424    1116.2751     452.8834    3160.4323     702.6595
     322    6858.3504     346.9289     292.8721     318.3486     385.9526     339.7636    1398.4815     412.9745    2692.0286     671.0002
     323    9015.2191     555.6657     533.0989     485.5725     435.0972     631.1358    1896.9602     731.1041    2765.2511     981.3336
     324    8127.0450     701.6132     520.3809     385.8282     358.4978     338.1151    1476.8131     402.6596    3316.8280     626.3092
     325    6743.0767     332.4287     236.4094     236.1807     267.4780     387.9716    1127.6986     390.2179    3059.2762     705.4156
     326    7660.2128     453.2874     384.6093     296.0682     303.0707     468.9973    1115.1724     443.3391    3438.5851     757.0831
     327    6922.3240     306.8451     211.8077     202.4710     268.0236     334.1308    1172.9691     437.0605    3242.4691     746.5471
     328   10017.4688     447.3501     483.5885     689.7823     483.4846     431.7483    1763.0889     501.3666    4127.6390    1089.4205
     329    7199.3763     505.8884     290.6138     258.9002     307.0083     349.0403    1466.9573     451.7865    2940.6064     628.5750
     330    8176.2175     784.2537     767.2412     417.3360     315.6624     347.7821    1648.3904     503.5648    2621.2342     770.7529
     331    6984.4521     311.0434     203.6354     210.6015     408.1988     491.3663    1726.3210     494.5384    2361.7241     777.0232
     332    5832.8079     479.3411     367.8139     252.0078     205.6497     249.7743     930.4522     345.7629    2452.9975     549.0085
     333    7293.7881     440.8868     487.8056     607.8624     491.7581     443.7256     881.8521     353.2579    2853.4075     733.2322
     334    7019.7592     427.8016     286.1754     195.9803     187.7366     271.0084    1235.3900     428.9524    3213.7063     773.0082
     335    7447.2748     733.1931     397.6705     307.9356     364.1146     328.6577    1355.7547     374.1168    3026.4535     559.3783
     336    6209.9930     376.2869     359.8382     335.1984     343.3773     310.5778     881.3402     401.1420    2626.7864     575.4458
     337    6648.3373     585.6867     323.9987     229.7966     259.5909     305.6660    1492.1707     424.5651    2481.7104     545.1521
     338    7976.0035     728.2840     603.7061     368.1925     266.9965     427.8963    1531.1899     518.4151    3027.8101     503.5131
     339    7949.7752     435.7114     393.7966     304.1595     229.4605     288.0173    1536.9236     589.7680    3495.9142     676.0243
     340    8161.9783     855.3930     518.3854     364.3322     397.8821     417.0544    1589.8744     504.8811    2817.1870     696.9887
     341    8982.3123     516.4584     726.4520     611.5491     334.4922     369.7434    1339.3562     655.2732    3650.9036     778.0842
     342    7638.2732     744.9076     457.0404     298.1461     324.6991     335.7072    1503.3517     544.8547    2773.0497     656.5168
     343    6305.0203     694.2286     433.9348     283.4589     252.3671     264.5672     941.8592     430.2831    2421.9068     582.4145
     344    6181.2728     667.7161     312.8527     248.4291     267.4537     339.0685    1314.9436     395.9945    2063.3556     571.4591
     345    8529.6270     945.1714     425.8767     364.9760     415.5300     481.1610    1457.2300     440.5088    3180.3120     818.8613
     346    7954.9083     578.8664     450.1323     278.8412     264.9342     356.3559    1441.9486     423.3158    3418.3170     742.1969
     347    6386.5545     426.0972     296.9421     239.2138     237.2880     243.1252    1288.3370     348.0893    2622.3463     685.1155
     348    8597.2552     517.1905     448.4304     501.4493     402.8475     267.4688    1390.2222     588.5744    3432.5136    1048.5586
     349    8110.2890     461.7567     418.7230     377.1249     444.9373     578.6501    1093.3322     482.3440    3308.1185     945.3022
     350    6457.8439     600.0867     453.8735     314.8599     292.6669     331.6056     944.3961     400.7370    2390.6267     728.9914
     351    6679.4507     339.5652     331.0954     417.8440     462.3851     335.9616    1355.0762     603.1399    2332.2137     502.1698
     352    6886.6911     316.7277     208.4422     180.9578     178.3511     232.9524    1382.9470     623.5893    2820.0758     942.6478
     353   10545.8072    1164.0741     894.0653     399.4728     252.9883     312.9014    1870.3858     633.5181    4105.7279     912.6736
     354    7977.3708     627.7847     567.5292     554.6491     329.2316     297.3423    1356.7420     536.1861    2957.6535     750.2521
     355    7692.0593     630.8745     492.7248     393.4907     235.4624     306.6220    1471.6034     439.9343    2703.9962    1017.3507
     356    5312.6960     382.4043     245.9579     220.9346     232.7536     263.9176     856.3008     397.6083    2217.2908     495.5282
     357    8670.5997     338.1754     344.6339     342.3565     414.1033     347.7935    1683.7545     691.3884    3507.1487    1001.2454
     358    6547.1531     411.4416     265.4554     234.3254     243.8883     415.4231    1484.5573     474.2366    2199.8796     817.9458
     359    8437.2099     797.9718     543.6920     383.6265     344.8149     414.0858    1932.1300     607.0082    2580.7850     833.0957
     360    8863.7592     670.5102     688.5822     464.9663     365.1378     416.6374    1635.3580     680.2198    3041.4122     900.9353
     361    7412.1894     872.7748     596.3610     438.0173     251.0697     252.4175    1031.1225     654.4057    2448.4788     867.5421
     362    6323.5855     691.5547     500.1034     299.4345     270.4524     334.7230    1045.6737     328.9235    2076.3275     776.3927
     363    6419.1606     551.5117     389.4711     298.8966     422.9080     443.7250     980.1319     361.8676    2254.1484     716.5003
     364    7578.5624     567.1202     415.1480     316.6645     197.1373     238.2611     925.9557     502.1966    3598.9620     817.1171
     365    7539.7261     558.3337     315.2780     296.8377     363.9547     452.6705    1378.3571     507.9132    2691.9742     974.4069
     366   10479.0064     652.4507     632.1249     526.2603     381.8469     401.6771    2385.4802     530.9817    4231.9687     736.2160
     367    7393.4397     360.8726     297.5433     344.9166     349.4285     398.0230    1149.9787     477.8214    3137.5083     877.3474
     368    8834.8628     550.9607     369.1179     336.8447     284.9487     281.8370    1457.1753     471.2075    4194.7274     888.0437
     369    8668.2199     402.8348     331.0928     291.3894     355.6897     456.0236    1385.5492     622.6614    3961.3455     861.6335
     370    9181.4594     740.6563     898.7664     664.7257     393.5370     385.5090    1549.0406     546.1866    3257.2190     745.8187
     371    6936.8705     354.2410     230.8641     203.7184     187.8933     223.9111    1435.0421     620.5441    2738.7139     941.9425
     372    8178.9347     539.9091     612.3888     380.3329     327.1460     299.4828    1364.1985     708.7038    3018.1986     928.5743
     373    7339.9279     461.9075     284.8157     411.7370     334.5211     326.8028    1292.6455     632.2154    2656.2716     939.0112
     374    7063.4297     584.0665     345.9193     236.4195     219.3151     279.2819    1053.9064     421.7973    3074.4944     848.2293
     375    6271.6187     322.1822     262.6546     301.8224     386.0404     432.9002    1267.6969     350.5956    2460.9206     486.8058
     376    6273.6197     581.9745     273.7903     237.4248     265.3338     422.2542    1169.8344     358.4344    2428.9191     535.6543
     377    7443.9202     832.2450     517.9515     355.8923     273.2430     332.3129    1453.8228     549.5638    2415.3121     713.5767
     378    7961.8168     670.2059     358.7605     323.5063     266.2570     257.1758    1306.7635     421.1841    3574.7045     783.2592
     379    7757.2662     572.8876     356.7308     407.5345     296.7562     307.4566    1077.2940     463.5682    3404.5346     870.5039
     380    6820.2207     478.0171     448.2556     340.1195     248.1774     298.2637    1290.4712     513.9816    2536.2960     666.6386
     381    7325.7613     331.7475     254.2498     337.6768     448.0219     445.5626    1231.8564     524.2421    2820.2363     932.1679
     382    8281.8409     458.6184     419.9474     431.0741     448.8058     435.0591    1562.7880     481.3709    3216.6170     827.5602
     383    9382.8695     647.4146     442.7874     574.9313     708.5392     560.9994    1575.5235     504.5636    3765.9391     602.1715
     384    6667.8558     375.6654     273.5821     241.5356     280.1471     276.0257    1148.5581     558.1468    2694.0351     820.1598
     385    8150.7872     555.9581     746.6523     508.7833     362.7853     331.8502    1530.4585     545.5233    2729.7469     839.0294
     386    8585.4473     781.4774     315.9559     253.7923     257.2792     294.5121    1524.0520     634.5486    3262.3806    1261.4492
     387    8098.0606     477.7848     358.6491     363.9536     391.4309     285.4888    1220.4010     333.5127    3710.3261     956.5135
     388    9041.2859     511.8063     536.7139     439.1938     344.8467     519.7134    2265.4564     608.3298    2825.7521     989.4735
     389    8932.2221     649.9798     898.9402     678.5337     396.4150     369.5583    1713.5485     651.4174    2677.1299     896.6992
     390    7961.9031     570.3475     486.6737     488.0714     396.4399     392.1112    1634.0413     725.4444    2559.9115     708.8621
     391    7515.5000     531.4198     361.9995     347.7186     469.4673     456.0132    1232.0637     659.7654    2570.0899     886.9625
     392    6629.7346     532.9658     348.4119     283.8581     238.0578     266.2123    1068.8012     533.2316    2552.3303     805.8655
     393    6929.9211     409.5944     312.1050     345.9499     306.3253     293.2769    1157.8084     502.3789    3017.9802     584.5021
     394    9358.3697     804.4907     472.9149     393.2769     342.4815     343.8321    2169.2530     794.2718    3198.5807     839.2680
     395    7627.6009     556.4385     509.6350     448.3379     451.2448     580.0771    1209.7361     475.5194    2424.3909     972.2211
     396    7154.8636     583.2979     405.3923     347.2692     328.6765     335.8113    1204.6003     379.4031    2853.0812     717.3320
     397    7366.9251     306.8556     197.7103     170.1035     192.7885     258.9238    1486.8440     410.1734    3454.5491     888.9768
     398    6230.7207     588.3848     370.8905     238.2054     275.3313     264.5795    1013.8883     403.4261    2447.7044     628.3102
     399    8851.3920     551.7542     793.8958     636.7457     374.3628     346.2209    2020.0870     576.3290    2666.5255     885.4710
     400    7994.4318     360.3696     238.1135     281.7135     359.7342     324.7805    1451.5264     407.9724    3746.3411     823.8805
     401    7431.7112     538.8478     348.8460     420.0470     367.5920     294.1903     993.2152     448.9097    3153.7315     866.3317
     402    9081.4912     564.0977     482.6925     396.3984     456.0011     544.7184    1658.5657     493.4600    3378.9517    1106.6056
     403    5436.7085     295.8770     210.1061     234.4571     329.0346     347.6343     843.2067     420.7033    2226.9362     528.7531
     404    6488.5473     523.2952     375.2734     277.4170     309.4069     499.4444    1605.8720     394.5223    1814.2890     689.0272
     405    8343.6651     718.0185     506.5472     556.1817     493.5340     546.4673    1689.0360     451.2327    2517.6739     864.9738
     406    6235.9378     514.3430     509.3308     374.6707     249.1428     275.0309    1321.4103     472.4129    2026.1393     493.4571
     407    5453.2803     347.4321     229.0316     223.6918     260.3115     265.3482     783.4711     292.5386    2347.7149     703.7404
     408    6886.7990     501.8849     430.8799     337.6045     345.6008     364.8734    1089.0274     507.5097    2689.9880     619.4305
     409    8683.8191     604.2327     554.5130     519.4168     508.3270     382.9773    1524.0662     448.0626    3383.4802     758.7432
     410    6871.2796     304.8298     235.1321     336.9084     493.9342     412.6381    1137.7544     454.3550    2815.9224     679.8051
     411    6940.4355     350.8310     219.0656     196.9515     212.2093     289.4079    1690.3929     564.7125    2561.2132     855.6516
     412    5595.0278     326.9358     204.7109     177.8383     219.7678     287.5033    1094.3936     468.8512    2046.7662     768.2607
     413    7777.2157     399.0233     392.5452     387.4202     372.4266     401.8328    1571.1456     532.7767    2954.2932     765.7520
     414    7841.2360     566.0716     435.6564     441.5066     344.2371     322.2779    1336.7361     490.1005    3179.5834     725.0663
     415    6169.6046     547.2118     395.2610     303.0865     252.1600     379.3530    1013.6585     339.7483    2349.6230     589.5024
     416    7961.1020     393.2556     461.7859     512.8619     435.0472     395.9322    1640.7496     397.6786    2731.5665     992.2245
     417    7478.3365     310.2294     249.3517     399.3961     424.2916     395.3747     993.9994     375.7115    3428.0581     901.9239
     418    6197.9043     405.7568     213.6160     187.8213     181.7404     220.4074     976.7383     354.8163    2855.2945     801.7132
     419    8909.1374     346.7006     364.8421     623.2615     482.9249     361.2978    1506.9725     638.2957    3701.2784     883.5639
     420    7512.2196     602.0141     533.8628     477.3006     286.7219     290.3138    1079.2669     501.5404    2742.2439     998.9553
     421    8090.1033     727.0148     481.9933     410.0889     464.9217     440.6596    1358.8578     406.0520    3002.3923     798.1230
     422    7534.7225     320.5623     262.3219     382.9435     576.0277     423.9269    1537.6353     599.8676    2769.3811     662.0561
     423    6939.0000     354.0604     294.6737     387.9695     342.7521     498.3291    1290.3709     590.6830    2482.6555     697.5058
     424    6493.4523     373.9198     269.2770     243.3532     238.4541     276.9997    1465.0056     489.4558    2528.2132     608.7739
     425    8215.2207     617.2035     446.4556     310.1751     250.4965     253.1698    1525.5183     475.5768    3286.4081    1050.2171
     426    5593.3987     310.6206     196.3054     169.9374     191.2877     250.4279     886.8791     367.4878    2585.6047     634.8481
     427    6903.8823     464.9879     431.5873     418.5693     478.5385     294.2377     860.9277     456.1464    2730.0047     768.8828
     428    8043.4617     534.5273     349.2904     286.0763     243.6677     334.2914    1676.2199     595.4096    3088.2636     935.7156
     429    8024.8816     603.2158     534.2255     426.4418     340.0566     433.1245    1561.0050     553.1409    2716.5237     857.1476
     430    7814.0744     541.4192     339.2322     339.3750     413.3269     421.1088    1502.1609     615.6884    2912.2953     729.4675
     431    8201.6041     410.0352     387.4937     402.8439     420.9917     578.2266    1283.2715     786.8351    2983.3042     948.6021
     432    7631.1523     645.9666     575.3176     347.3879     337.3554     397.5581    1416.7796     599.1657    2404.4723     907.1490
     433    8740.9034     547.4198     414.8701     305.4422     297.8020     433.0051    1640.4820     416.9303    3851.4204     833.5316
     434    6680.6077     492.1892     301.8743     297.3903     334.1721     336.2292    1140.1419     333.2538    2683.4307     761.9263
     435    8641.7869     541.0774     516.7170     707.2208     425.4709     281.8057    1388.7659     537.0630    3293.8086     949.8576
     436    6986.7201     435.8197     358.0254     477.6378     263.8405     298.3821    1118.1769     433.6370    2852.2401     748.9607
     437    8857.3245     559.9722     433.9656     449.1603     387.5950     619.3850    1122.5830     466.5056    3669.3816    1148.7763
     438    9463.9248     856.0197     679.9325     329.0385     345.2044     307.7414    1268.0650     569.0060    4191.6882     917.2291
     439    7819.8508     620.8612     545.5476     597.6559     380.4087     359.0024    1369.8510     609.4083    2798.2104     538.9054
     440    8273.9480     381.8804     257.4735     287.1391     354.4793     351.2709    2096.6599     490.7148    3326.9161     727.4140
     441    5518.1214     353.7497     256.7602     244.4680     267.5619     299.5511    1257.0121     409.7078    1804.5262     624.7845
     442    7182.4484     487.9919     525.7814     504.3259     470.1155     395.0797     958.6140     681.0842    2408.7591     750.6967
     443    8634.7425     409.0256     331.9620     452.2179     390.9023     335.7959    1472.3249     374.4421    3953.9108     914.1611
     444    7394.1817     547.1980     562.6973     440.2716     249.3273     238.5741    1200.2443     423.3731    2878.8895     853.6066
     445    7923.4680     531.8617     335.7054     260.3749     266.1245     330.1804    1587.4916     411.5254    3508.7232     691.4809
     446    5539.0235     310.9044     201.2044     202.0215     266.8541     279.1637     853.9050     364.2225    2384.3447     676.4032
     447    7492.2971     509.3953     422.4022     404.6249     291.0500     300.3949    1320.0645     513.2479    2743.3404     987.7772
     448    8787.3500     892.3796     391.4246     277.0378     264.1690     261.7238    1725.8874     747.1165    3184.3338    1043.2775
     449    7887.7637     611.4110     454.2400     369.8069     333.9003     258.0511    1297.5339     696.8657    2837.3275    1028.6273
     450    5399.5950     424.8819     250.6589     191.3001     181.2853     217.5829     991.9708     337.1040    2135.7497     669.0613
     451    7405.2875     367.1242     286.0675     272.5831     236.4674     374.0775    1686.2182     608.6686    2768.5310     805.5501
     452    6834.2771     444.5913     303.1420     394.3939     373.5928     322.6183    1020.1230     434.3856    2763.9783     777.4521
     453    8107.1973     477.2568     374.8445     471.3994     273.6223     327.9136    1211.4070     464.0689    3622.1623     884.5224
     454    8198.8062     997.9735     626.7863     342.0191     341.6394     334.3410    1685.5437     639.2072    2533.1388     698.1572
     455    6573.6655     322.5268     242.5557     244.8682     289.3129     434.6855    1547.1817     490.6916    2155.9293     845.9139
     456    6867.6556     331.9906     246.5514     362.2942     452.7297     513.5696    1283.8060     489.1027    2319.5733     868.0381
     457    5525.3214     310.3214     202.0620     178.4465     183.4256     212.8751     821.5013     342.4454    2536.4841     737.7600
     458    7881.9127    1006.8065     257.8566     197.4715     203.0621     231.5983    1202.8268     409.8890    3415.9919     956.4099
     459    9760.9440     842.0055     725.3224     555.7005     300.6120     363.6420    1438.7521     680.8735    3995.5841     858.4519
     460    6683.6728     353.9751     306.0559     264.1315     211.3137     246.2755     886.3251     302.5665    3246.7374     866.2922
     461    6857.7252     581.1662     270.7153     239.8907     328.5587     516.2689    1029.1091     298.7510    2803.9275     789.3379
     462    7709.3311     559.9974     464.5657     446.7423     286.2399     324.5717    1257.7121     441.8251    3068.9751     858.7019
     463    6630.8207     453.8032     297.5781     292.9341     260.2374     265.9850    1110.9299     341.9346    2901.1181     706.3003
     464    8978.6613     571.8253     462.8590     360.2716     428.8193     339.6199    1491.7995     515.4687    3680.8869    1127.1111
     465    9515.7877     693.2262     625.3700     437.7472     440.4218     419.1441    1581.5536     459.3772    4049.3633     809.5842
     466    7552.0746     589.3348     395.3010     361.7088     380.6076     497.0731     971.2257     482.5371    3031.4716     842.8150
     467    6772.0085     622.0887     381.2545     440.9139     358.6489     366.2846    1396.8224     407.9880    2305.8633     492.1441
     468    9675.5141     683.0203     396.1125     424.5498     462.1521     358.6191    2003.6400     532.2759    3923.1127     892.0319
     469    7553.7151     313.0463     299.9750     319.2904     317.5662     522.4018    1166.9364     525.8659    3367.9073     720.7256
     470    6681.0701     761.9930     469.2186     498.0058     286.7927     251.9127     876.3091     339.7832    2437.0102     760.0449
     471    7757.4528     310.2644     242.9712     319.4936     322.4932     337.7645    1591.3840     738.8714    3062.2692     831.9413
     472    7938.4264     496.1715     617.8027     363.7924     306.7639     471.6550    1729.2935     634.1794    2497.9290     820.8391
     473    6152.0147     588.9870     388.7237     250.5850     226.6991     317.6660    1170.4640     445.5875    2047.6416     715.6607
     474    7330.4129     437.3354     520.2564     392.0385     327.6260     324.6102    1068.4487     494.2977    3033.2529     732.5471
     475    8532.9276     562.6304     506.0630     369.6898     341.3941     591.3154    1586.8870     482.1157    3335.4757     757.3563
     476    6123.2854     443.4447     375.0425     324.6054     283.5435     371.4418    1416.8165     371.6393    1902.1539     634.5978
     477    6661.0064     454.6474     369.9993     409.5727     433.4557     406.5135    1105.2801     510.0914    2259.9775     711.4689
     478    8381.7429     589.1884     417.9164     382.9003     293.7691     295.2783    1691.9216     682.0496    3093.2438     935.4753
     479    7018.9007     319.0182     200.9103     165.6481     176.3386     218.6817    1531.8155     629.7302    2837.7938     938.9642
     480    7918.3112     625.8421     413.1995     297.5858     281.9281     288.8894    1601.0164     576.5148    2693.5352    1139.8000
     481    8524.6159     618.4496     324.6159     247.2346     245.0409     383.7840    1854.4225     652.9874    3369.9571     828.1239
     482    7521.1428    1013.6395     619.1883     271.5302     256.1793     280.2222    1417.6792     553.9951    2344.1202     764.5888
     483    6531.7229     407.4560     297.2574     338.2386     309.2795     425.1917    1100.2437     444.6218    2603.3533     606.0809
     484    6872.9073     331.6770     217.5264     184.9464     200.1508     255.2146    1485.2511     582.9104    2638.7794     976.4512
     485    6866.9127     469.6964     454.1321     392.3744     432.9981     320.7429    1002.0161     470.4034    2705.8137     618.7357
     486    7719.7508     565.7749     388.1415     365.3199     303.1476     313.2215    1737.5031     486.5964    2910.5821     649.4637
     487    6725.1688     320.3490     288.8024     247.1300     223.8849     236.8621    1277.1074     472.8844    2955.6303     702.5184
     488    7143.8440     320.6761     298.5162     293.1697     335.6947     382.5086    1580.6452     603.5392    2651.5043     677.5900
     489    7140.2291     355.1664     228.0890     199.4936     233.4173     306.2392    1610.4927     348.9611    3021.1078     837.2619
     490    9047.9054     793.0746     455.6418     387.5860     355.1786     455.6121    1598.6064     527.5579    3661.6698     812.9783
     491    6978.7350     395.0857     348.7921     391.3958     343.6286     354.4101    1407.6918     582.5898    2634.8302     520.3110
     492    8185.6912     523.2720     523.0191     422.0837     259.3167     349.2731    1332.6600     503.0239    3166.2765    1106.7662
     493    7757.2766     975.5928     529.4896     461.6795     357.2482     413.2179    1446.3812     508.4312    2213.1313     852.1048
     494    6950.5281     492.7919     354.3875     331.0209     361.9283     545.1558    1497.3536     506.6789    2077.5659     783.6454
     495    9161.3249     418.2311     628.9871     490.2705     495.5483     575.8570    1568.6195     459.6943    3297.6386    1226.4787
     496    8106.1305     388.5816     424.2701     507.2889     459.4623     530.1811    1327.4489     405.9733    2979.6716    1083.2527
     497    7545.5866     605.9072     464.7129     397.8171     269.2487     320.3461    1003.2398     488.4625    3158.7042     837.1481
     498    6709.8213     318.3861     265.7849     265.7497     235.9683     231.4108    1362.9254     596.8001    2753.2054     679.5906
     499    8519.9222     624.8213     560.2925     535.0892     320.9181     371.5444    1573.8397     387.8603    3243.3318     902.2248
     500    5706.4517     321.2988     263.4921     269.6405     293.2790     284.4449    1081.5564     381.6298    2265.7027     545.4075
