#Frame       dist_T_I
       1       5.4594
       2       7.4290
       3      12.4686
       4      14.6963
       5      11.6640
       6       9.2881
       7      15.9428
       8       8.9464
       9      14.1354
      10       7.5771
      11      12.0924
      12      11.3006
      13      12.2334
      14      19.3125
      15       6.7266
      16       9.4959
      17       8.4455
      18       5.1684
      19      12.3195
      20      15.4532
      21       9.8191
      22       8.3495
      23      10.2836
      24      11.9565
      25      15.1494
      26       6.0858
      27      15.0484
      28      11.9473
      29      14.3575
      30      10.0756
      31      17.7910
      32       9.8466
      33      10.3950
      34      15.4803
      35      10.1853
      36       7.6726
      37       7.1373
      38      13.4564
      39      12.7823
      40      10.7494
      41      14.1073
      42      11.0645
      43       9.1603
      44      14.2635
      45      14.8939
      46       8.5544
      47      21.3172
      48       6.6990
      49      12.0472
      50       6.7075
      51      10.0500
      52       8.1438
      53       8.1418
      54       9.4195
      55       6.0809
      56      10.7408
      57       8.4282
      58      11.6857
      59      12.1500
      60      13.7313
      61      15.3282
      62      15.2643
      63      13.1662
      64      16.3858
      65      13.1532
      66      16.7936
      67      11.4930
      68      10.6113
      69      15.4727
      70       9.6620
      71       9.6230
      72      12.3797
      73       6.9273
      74       6.4890
      75       8.5511
      76       4.0573
      77      16.4731
      78      12.7981
      79       9.2418
      80      10.3672
      81      12.9032
      82       8.7420
      83      12.1910
      84      15.2424
      85       9.6959
      86       8.4241
      87      13.7218
      88      15.8859
      89       7.5561
      90      14.7905
      91      11.1704
      92      12.8406
      93      12.0320
      94      13.1072
      95       8.7446
      96      16.3439
      97      16.9960
      98       6.1593
      99      16.8009
     100      10.5805
     101      13.2913
     102       9.6798
     103      12.9209
     104      11.8048
     105      14.3323
     106      13.8037
     107      11.0399
     108       9.7684
     109      12.4210
     110      14.0764
     111      12.1240
     112      15.2241
     113       7.0535
     114      11.5631
     115      17.8299
     116       8.6597
     117      11.5769
     118       7.4013
     119       8.4023
     120      13.3147
     121      13.3038
     122      10.0772
     123       4.0151
     124       7.6560
     125      13.3306
     126      12.4260
     127       9.6228
     128       9.9797
     129       6.3645
     130      19.3705
     131      13.7796
     132       8.2937
     133      15.2053
     134       7.4644
     135      13.3656
     136       9.7937
     137       4.7625
     138       6.5926
     139      13.0217
     140      10.5592
     141      14.2646
     142       8.5741
     143       9.7383
     144      13.9548
     145      10.1705
     146       5.9424
     147       6.4387
     148      14.5727
     149      15.2544
     150       9.5862
     151       9.6336
     152      15.0253
     153      13.7614
     154      15.7343
     155       6.8072
     156       7.7936
     157      11.1910
     158      12.9617
     159      10.9625
     160      13.4366
     161      18.1216
     162      12.6518
     163      10.6908
     164      13.1158
     165      10.5962
     166      11.9972
     167       4.3660
     168      16.0572
     169      13.5014
     170      14.2395
     171      19.2048
     172       7.8567
     173      14.0394
     174       9.8002
     175       9.7306
     176      12.3730
     177      10.1242
     178      14.8551
     179      13.8475
     180      13.4349
     181       4.1789
     182      13.4299
     183      10.3521
     184      14.7775
     185       9.1303
     186      17.5187
     187      12.2108
     188      11.4404
     189      15.3513
     190      10.2395
     191       9.8897
     192      13.2118
     193      10.3578
     194      12.4879
     195      14.6560
     196      11.1235
     197      11.8773
     198       9.9060
     199      10.8877
     200      18.0640
     201      11.1074
     202      10.9809
     203       8.4670
     204      12.4874
     205      14.7437
     206      14.9861
     207      10.5304
     208      10.5105
     209       6.3063
     210      10.7991
     211      14.6414
     212      16.0778
     213      13.1919
     214      15.8085
     215      18.2981
     216       9.8596
     217       9.7855
     218      12.5121
     219      11.0818
     220      17.6845
     221       8.0339
     222      12.2180
     223      19.5162
     224      15.0525
     225      16.8972
     226      14.1948
     227      12.0665
     228       9.4502
     229      15.5838
     230      12.9306
     231       4.6204
     232      12.6425
     233       7.3653
     234      13.4007
     235      12.0967
     236      13.1628
     237      13.5827
     238       9.4800
     239      12.5763
     240      16.0689
     241      13.4894
     242      13.3328
     243      10.0476
     244      14.5321
     245       9.6962
     246      11.1044
     247      16.8659
     248      12.1598
     249       9.1356
     250      15.4079
     251       8.3768
     252      11.3804
     253      19.9403
     254       8.9652
     255      13.3564
     256      19.8778
     257      10.3909
     258      10.6166
     259      16.0184
     260      12.8220
     261      15.5177
     262       9.8401
     263      12.6938
     264      16.2933
     265      14.9620
     266       7.5610
     267       9.8958
     268      11.6876
     269       7.1154
     270      11.8824
     271      13.8416
     272       4.0715
     273       9.4705
     274       9.9748
     275       7.7549
     276      10.5399
     277       8.2034
     278      13.6962
     279      13.7872
     280       5.6996
     281       9.6316
     282      16.9266
     283      13.9859
     284       8.7143
     285      13.3837
     286       4.5595
     287      11.0716
     288      15.2457
     289      13.0323
     290      20.4925
     291      13.7774
     292      16.1412
     293       5.5055
     294      12.0865
     295       9.5571
     296      12.8969
     297      14.3114
     298       8.9448
     299      15.1584
     300      11.1176
     301      18.0220
     302       7.2474
     303      13.5269
     304       6.2358
     305      10.6096
     306      10.8155
     307       6.7357
     308      13.1060
     309      13.4882
     310      11.1576
     311      11.4842
     312       8.1417
     313       4.5027
     314       8.2933
     315       9.5144
     316       8.0473
     317      14.5797
     318      10.5361
     319       9.3197
     320      15.3523
     321       8.5600
     322      13.5895
     323       7.9563
     324      16.4721
     325       9.4219
     326      17.9788
     327      13.1533
     328       6.0343
     329      12.4625
     330       8.1066
     331      12.8742
     332      15.4794
     333      15.8542
     334      11.5173
     335       6.4351
     336      12.3195
     337       6.5660
     338      10.7014
     339      11.5167
     340       9.9252
     341      13.4721
     342      14.3384
     343      14.4408
     344       8.3622
     345      10.9080
     346       9.1087
     347      13.6073
     348      15.4862
     349      11.5420
     350      14.2551
     351      12.9296
     352      12.9172
     353       9.3552
     354      10.9462
     355      12.2591
     356      14.5581
     357      10.6096
     358      16.0147
     359      12.1382
     360      14.2401
     361       8.8826
     362       9.4444
     363       6.9493
     364      11.8382
     365      13.3401
     366       5.4628
     367      15.3511
     368       6.0243
     369      14.6651
     370      11.0893
     371      15.6519
     372      11.8389
     373      11.9011
     374       8.7002
     375      11.8554
     376      12.1518
     377      12.4181
     378       5.6913
     379       8.4026
     380       7.6814
     381      18.4580
     382      14.7709
     383      15.8516
     384      12.1744
     385       7.3539
     386       6.3614
     387      13.3285
     388       7.3923
     389       8.0323
     390       9.3775
     391      10.0853
     392       7.9913
     393      11.6729
     394      13.7198
     395      12.9837
     396      12.9938
     397      11.2345
     398      10.4930
     399       5.6585
     400      16.5265
     401      14.6620
     402      11.6379
     403      10.8632
     404      11.3754
     405      10.4181
     406      13.5413
     407       7.3865
     408      10.1214
     409      12.2828
     410       6.8111
     411       8.0610
     412      11.2964
     413      16.9202
     414      13.2070
     415      10.0022
     416      10.7524
     417      12.5854
     418       9.8108
     419       8.7743
     420      12.6325
     421      11.2283
     422       9.7185
     423      19.6647
     424      11.8615
     425      15.7557
     426       7.1000
     427       3.9948
     428       8.6213
     429      11.3460
     430      15.9851
     431      13.6329
     432       6.0425
     433      14.6241
     434       6.4895
     435      11.3141
     436      15.2976
     437       7.4081
     438       5.5762
     439      11.8551
     440       8.8628
     441      11.9271
     442      14.7678
     443      10.9118
     444      12.0759
     445      12.5376
     446      13.7937
     447      12.9775
     448      11.8768
     449      11.7521
     450       7.8051
     451      20.7306
     452      15.6570
     453      13.3412
     454      13.1195
     455      12.3470
     456      14.8821
     457       9.3394
     458       9.2925
     459      13.6711
     460      18.1367
     461      11.2438
     462       7.0721
     463      17.9423
     464      15.6081
     465      10.0631
     466      14.7474
     467      12.2527
     468      13.9127
     469      10.1100
     470      13.2416
     471      16.1775
     472      12.3401
     473       4.1643
     474      11.5215
     475      11.3534
     476       9.3470
     477      17.6189
     478      11.4535
     479       9.4602
     480      10.6118
     481      12.1421
     482      12.7183
     483      12.8608
     484      11.5088
     485      12.1293
     486      10.6277
     487      16.5723
     488      13.5001
     489      14.9489
     490      13.3877
     491      11.4724
     492      10.5156
     493      10.5479
     494       6.0110
     495      15.6086
     496      11.5257
     497       8.2429
     498       7.9351
     499      14.4300
     500       6.4845
