#Frame         global     SA_00002     SA_00003     SA_00004     SA_00005     SA_00006     SA_00007     SA_00008     SA_00009     SA_00010     SA_00011     SA_00012     SA_00013
       1    6010.7659     311.8051     204.8241     194.2208     180.6842     178.9160     187.1472     212.7483     289.8230    1040.3504     340.8451    2265.1053     604.2964
       2    7995.5153     457.3986     251.3677     232.7084     298.6884     380.7859     376.8989     326.6930     365.0673    1061.9571     486.2722    2985.5772     772.1006
       3    8481.2782     491.7117     468.2289     490.5916     450.4433     436.9142     344.3320     263.3996     265.4173    1397.6593     722.7345    2508.4573     641.3884
       4    9571.8139     481.8072     592.2551     573.2380     347.1212     228.4005     258.9236     411.2322     345.0898    1500.3298     526.9022    3511.4648     795.0493
       5   10279.5788     632.6176     539.1713     362.3932     260.3843     264.2041     290.2149     450.3915     445.6560    1515.9875     873.8574    3822.8386     821.8625
       6    9209.6021     427.9645     503.0701     340.6470     350.7490     429.6493     354.0771     234.3892     255.7953    1448.0613     526.1335    3597.5910     741.4747
       7    6662.0324     342.0122     234.4528     210.8206     232.9650     244.9826     230.0105     229.8158     254.8779     917.3299     314.8285    2698.0983     751.8382
       8    8049.7093     584.7799     465.2946     324.7794     294.3810     243.5038     225.5723     228.2863     249.4459    1662.0865     410.1220    2636.5922     724.8653
       9    8119.3499     310.4872     207.6392     208.6134     217.9192     262.4703     314.0061     387.3641     379.3779    1148.8954     463.1450    3397.7379     821.6940
      10    9369.6417     771.7837     521.2357     379.0792     259.9307     290.3163     370.1867     323.5545     315.2864    1464.7300     419.6728    3508.7999     745.0659
      11    8282.1619     713.8174     388.2761     246.6202     236.0025     298.9984     259.5007     241.4843     413.9540    1049.8141     498.6943    3420.6649     514.3350
      12    8016.9671     352.9020     349.0606     349.2719     347.0304     277.3960     247.1408     275.8712     336.0503    1110.8729     388.3762    3234.6464     748.3483
      13    8664.8843     555.3353     494.4562     423.0008     381.6717     394.3433     462.8369     355.2172     275.6875    1048.3393     477.1449    3078.4454     718.4059
      14    6455.4659     390.7239     236.8569     216.2359     213.4767     222.8877     252.0800     252.3219     319.5257    1330.4470     455.9646    1903.5921     661.3535
      15    7113.7791     414.0132     363.4764     281.8487     249.1960     312.0975     264.8854     344.4391     400.4588    1242.2961     301.8310    2279.6481     659.5889
      16    8773.6958     527.0727     492.1604     491.8924     417.4352     304.0277     335.7108     453.9512     422.3928    1083.5198     442.9428    2969.4228     833.1672
      17    9143.8829     596.2877     427.1267     404.9186     369.8823     418.7263     434.8009     399.2760     280.2097     985.4950     603.8305    3444.8494     778.4797
      18    7982.1410     616.6790     358.0936     281.3771     293.1295     388.1191     313.7703     209.4530     229.7247    1047.1263     367.6015    3147.7073     729.3596
      19    9461.7227     751.7857     636.8705     471.9796     289.0907     305.5891     438.8329     458.9083     568.5264    1213.1412     635.8442    2888.1399     803.0143
      20    9948.2879     502.4974     623.5503     346.2543     240.8253     257.5617     368.9680     385.7777     349.3731    1248.8286     512.1523    4291.6938     820.8054
      21    8505.4822     382.9745     332.9457     303.2945     213.1214     243.9621     445.7084     424.9290     356.8710    1238.4589     412.6545    3289.8235     860.7389
      22    8296.7383     787.9790     515.8772     477.4122     374.6485     226.6666     253.2033     248.4958     237.9245     978.2426     354.3874    3144.1823     697.7191
      23    7643.8050     468.1324     298.1786     381.1850     325.2475     289.8137     237.8956     239.9873     268.0039    1041.4650     341.3300    3050.5418     702.0242
      24    8832.9159     481.6419     375.9410     373.9321     340.1881     416.3105     456.7183     513.1003     480.3319    1218.5769     651.9580    2937.3366     586.8802
      25    7183.8990     341.9656     307.2455     323.1426     260.3949     210.9921     191.5030     192.7769     236.6903    1276.2376     405.2343    2744.5077     693.2083
      26   10169.3845     628.0762     752.1441     462.7206     337.6332     299.5662     345.7591     362.8418     547.2145    1691.4606     824.3881    2991.3357     926.2445
      27    8474.2227     705.6591     551.0330     650.9353     425.2402     268.7076     216.7665     204.9032     249.9309    1349.9440     607.9114    2517.0391     726.1524
      28    8395.2221     573.4145     304.7375     264.7573     256.7456     225.8006     236.1442     273.3780     371.5220    1414.4439     536.0875    3303.3059     634.8852
      29    7795.3967     421.8997     350.1230     413.2940     442.3488     318.1034     354.4659     304.2074     286.8828    1362.8883     623.6257    2229.3012     688.2566
      30   10552.9468     513.5189     388.1702     336.8487     349.1038     301.6123     265.8809     343.2765     568.2029    1502.1815     627.0323    4383.1675     973.9512
      31    8271.1495     938.9015     511.7574     311.9348     230.4905     316.4140     331.7557     278.9625     310.7838    1435.2713     456.0764    2471.8942     676.9073
      32    7689.3526     637.3985     541.5456     349.3983     221.4516     215.5587     250.6365     231.0812     260.2769     933.3540     455.5808    2962.6973     630.3733
      33    6443.3303     310.8857     217.2352     198.3161     243.9808     306.8465     330.4372     283.1053     295.3416     993.9583     375.2147    2352.3534     535.6555
      34    7422.3163     402.5297     279.0268     252.9680     285.9320     300.7302     354.3141     326.1749     336.3597    1062.8716     446.2059    2611.5190     763.6845
      35    9012.1050     566.7465     455.0595     368.7368     258.2309     214.0850     222.2210     423.2112     744.1653    1827.4012     603.6457    2687.8888     640.7132
      36    8957.9416     426.7980     286.8716     317.5315     304.9780     334.5936     279.3813     256.4615     315.5614    1674.4096     572.3518    3574.9190     614.0842
      37    8378.2553     926.3068     349.1729     214.9427     201.8377     200.5581     216.8199     227.6780     240.9134    1389.5756     439.3707    3130.4565     840.6230
      38    9619.7631     389.4995     568.5525     594.7621     449.0282     421.1637     541.5745     465.5552     345.6817    1419.2227     411.3027    3337.2628     676.1574
      39    8532.5615     475.2595     235.0956     214.7342     226.0419     254.7990     275.6120     357.1673     436.0009    1356.6768     389.8693    3531.0096     780.2954
      40    8678.8848     596.3775     419.1037     501.2077     504.3760     501.1481     383.9187     264.0445     244.0189    1174.3825     510.8428    2792.1622     787.3021
      41    7961.0500     420.6795     341.9252     328.1147     198.1639     170.5986     164.0793     174.3920     206.6246    1260.4396     416.1767    3485.5408     794.3151
      42    6855.4098     309.6817     202.6786     184.3903     181.4480     234.9035     330.7872     470.3803     332.4644    1101.1837     394.1147    2596.5081     516.8690
      43    7982.3131     676.8334     460.8089     267.6892     278.7214     403.6955     479.3619     296.1353     346.3965    1217.9158     613.0519    2352.0660     589.6374
      44    8955.5425     439.2240     368.9784     476.6214     355.2341     474.6215     363.4740     317.8371     390.3757    1275.5360     432.1025    3193.8530     867.6849
      45    6817.4215     443.2854     316.2645     265.7998     276.7329     331.8989     300.1075     254.0671     253.1300     858.6223     279.3344    2514.1503     724.0285
      46    9290.2644     740.5414     577.9507     586.2755     356.4180     249.6472     197.0331     194.2538     256.6397    1368.1044     609.0148    3483.6340     670.7519
      47    8646.6947     498.1434     387.9071     407.8326     532.4831     662.5092     661.8820     396.3823     355.5203    1023.3139     378.3248    2624.8382     717.5579
      48    8231.4118     479.0574     496.8552     498.9441     486.8749     354.0644     270.6939     259.2293     262.5171    1131.8113     450.4416    2968.3031     572.6195
      49    9178.3727     487.2806     380.1907     399.3092     435.4554     444.7922     508.1397     461.4205     382.0572    1152.6442     488.6250    3359.5288     678.9291
      50    9884.3427     340.5450     401.7734     516.4546     463.5221     541.5735     620.5306     587.7158     411.2605    1500.2651     792.6863    2971.7666     736.2493
      51    6777.5339     303.6303     194.9996     173.4945     183.4297     323.4654     266.2882     244.7547     426.2297    1246.3918     420.0503    2446.9367     547.8630
      52    8344.1831     335.0769     290.2112     425.6248     501.1334     446.3300     282.2980     228.2407     235.9643    1284.3442     346.6755    2901.6327    1066.6515
      53    7470.8633     530.4960     594.0797     359.2753     323.4470     215.2008     216.3629     221.2430     232.2839     796.2428     398.7771    2873.1419     710.3130
      54   10995.0972     400.8531     389.4613     491.4994     371.8321     260.4088     351.7136     650.2429     515.1009    1756.0361     498.1635    4127.0331    1182.7525
      55   10006.0063     711.8910     563.2958     274.1153     254.8599     386.5496     427.7503     367.2452     456.0237    1633.6197     421.3121    3767.9972     741.3464
      56    8050.2460     941.5730     384.5503     271.7196     231.8273     210.4226     231.4639     266.1131     404.1006    1567.1488     466.3603    2581.6967     493.2698
      57    9313.9007     875.7646     615.4686     480.0114     385.4611     289.1943     268.9039     306.5787     337.6893    1330.8427     558.5450    3131.1174     734.3238
      58    8113.0377     421.0089     372.5492     271.8101     239.9072     248.0864     266.9561     268.6853     268.4764    1406.7731     406.8459    3193.9784     747.9605
      59    8331.3138     518.5737     418.2148     374.2894     353.9166     340.2077     297.5169     364.4626     402.3031    1246.6017     488.5564    2865.0248     661.6462
      60    7606.7811     417.8902     285.7477     262.5519     230.4995     247.3222     327.5321     279.5694     304.9590    1094.0154     367.8226    3036.7293     752.1419
      61   10022.1593     756.3548     628.3829     462.3188     255.6910     192.4576     194.1886     227.3208     238.6499    1543.1184     558.7917    4006.8770     958.0079
      62   10041.2992     624.5520     425.6996     328.9007     278.6648     343.4600     287.7749     330.2821     435.8060    1437.4009     473.6654    3948.1268    1126.9660
      63    7610.5665     341.0261     263.0353     276.5214     222.0982     203.4853     209.4462     252.1407     294.6495    1062.2800     484.9733    3195.2067     805.7039
      64    7763.2224     308.1728     218.6844     191.4827     197.4238     243.4468     242.7859     239.7713     316.4973    1478.3096     423.2043    3220.7807     682.6627
      65    8420.2953     340.0098     300.7964     333.2228     373.2003     408.0935     395.2148     291.7982     262.3812     982.3891     467.0010    3420.5557     845.6324
      66    9434.2923     670.2498     423.7679     301.8369     393.2259     411.3411     388.2235     376.0199     350.1777    1313.0997     475.2067    3343.6736     987.4696
      67    6900.6324     336.6314     334.8753     301.3211     205.1424     270.4137     364.5821     332.0318     339.4819    1148.5679     435.7151    2353.1411     478.7287
      68    9035.6157     383.9251     382.7052     413.1156     275.2066     256.3078     330.9816     352.9262     493.8811    1543.4593     636.1468    3136.7375     830.2229
      69    9045.3232     559.1179     518.4744     594.0633     526.1671     449.4413     292.8968     284.6308     254.3893    1480.9600     430.9171    2624.4161    1029.8492
      70    8100.6195     424.0058     399.3954     382.2400     370.2796     303.4949     257.0664     239.7929     331.4414    1303.5736     608.8743    2799.5755     680.8797
      71    9593.5558     789.2779     282.9849     258.3870     352.3678     610.4454     497.3573     309.9607     298.9942    1476.0522     489.9095    3584.0040     643.8149
      72    9525.8478     421.3422     362.5712     520.6805     633.4191     427.0895     310.3480     264.9675     284.6030    1406.8869     488.0860    3455.9267     949.9272
      73    8823.6126     506.2931     583.4418     746.7391     525.0897     374.4314     326.0706     266.7225     290.8014    1479.5214     494.9509    2645.8863     583.6643
      74    8387.5610     439.4940     286.8582     226.1304     252.1048     378.6272     539.3509     677.5027     519.1793    1149.0483     433.9121    2836.1775     649.1757
      75   10230.2623     484.2530     409.4530     300.0785     315.0639     458.7516     684.3031     732.2946     792.7243    1759.1593     642.5594    2935.8221     715.7997
      76    7948.7056     537.2922     410.4054     453.1037     405.0061     207.0707     190.9094     237.3692     310.1092    1197.8219     478.5407    2827.5237     693.5534
      77    8545.6096     551.1901     469.7069     498.0544     529.4587     411.9042     384.3799     333.3700     462.8622    1214.3381     386.8665    2400.4214     903.0572
      78    9220.9615     424.9302     333.3568     374.9536     377.1319     471.3502     569.2198     428.4067     290.6832    1698.3963     729.1538    2698.1575     825.2214
      79    6937.1114     448.7931     331.1534     327.7963     229.3399     207.4813     254.6289     248.8051     254.9835     985.4476     385.6028    2741.9118     521.1677
      80    9469.2422     557.6813     491.3132     664.6523     705.1799     489.6815     303.3254     318.1559     458.4409    1502.0765     607.3235    2842.5155     528.8963
      81    9784.7386     454.6768     556.4749     478.2342     260.1741     257.4482     419.8897     707.7092     439.1714    1478.6298     510.9811    3621.8047     599.5444
      82    8747.7655     619.9025     558.9520     498.6587     341.4049     233.4787     216.2737     260.0310     337.7228    1099.4242     419.1269    3421.3565     741.4337
      83    7128.1841     547.0222     278.9810     245.7504     248.4151     303.9867     312.2507     244.2904     334.4754    1296.5285     436.5759    2277.8200     602.0878
      84    8918.8993     531.9024     568.3479     493.1694     380.3258     257.4234     330.4560     334.8347     312.0062    1491.1664     524.2554    3012.0517     682.9599
      85    8665.8102     308.7743     270.7059     369.7920     279.0710     269.0950     383.6922     433.5353     339.7766    1392.7118     477.6252    3414.1801     726.8508
      86    8660.9716     307.0183     303.2012     299.4771     223.9352     184.6794     206.2284     323.5523     426.4787    2129.1523     510.7235    3020.1063     726.4189
      87    9107.3511     418.1833     394.4446     349.4528     389.9434     403.3890     276.7841     310.5958     328.1824    1381.8952     533.0831    3610.8139     710.5837
      88    9417.4377     394.5641     393.2380     518.7116     406.1481     367.1972     338.4138     267.4757     295.0649    1702.7471     480.6917    3436.4101     816.7754
      89   10756.8492     614.5868     366.0481     591.3251     533.9108     319.5920     332.6071     281.4845     250.3163    1809.1341     712.1900    3661.0798    1284.5744
      90    9005.9980     375.2491     452.0512     510.3211     357.7292     251.7970     226.0083     278.9913     383.6008    1202.3888     634.7798    3202.7056    1130.3758
      91   10423.2051     633.9922     810.0617     458.6121     362.0818     237.7761     329.1911     359.1372     413.2222    1707.5675     814.9006    3279.2029    1017.4597
      92    7393.8524     588.4471     432.5030     204.4337     187.9117     198.2408     203.6225     247.2170     337.4496    1076.1801     445.2095    2679.6510     792.9863
      93    8883.1075     589.2185     429.9629     423.1445     438.1178     304.8635     363.0275     321.7568     442.6072     940.4882     446.1848    3182.3742    1001.3616
      94    7825.9177     326.0576     218.4354     248.8712     367.3062     323.2861     336.4289     385.3065     293.0022     875.4140     406.8448    3118.9249     926.0400
      95    7823.2061     646.1723     313.5066     230.4688     222.0115     247.1665     243.1846     212.9828     235.8919     902.0917     350.1392    3276.2952     943.2950
      96    7574.1328     453.6430     379.7261     281.9497     277.2791     228.8073     234.7543     230.5460     248.5740    1421.2564     580.5539    2664.8827     572.1602
      97    8892.6848     830.5138     434.5314     294.0841     266.9423     235.5519     267.8529     264.0248     260.2960    1597.3951     534.1584    3276.5805     630.7536
      98    7886.7354     375.2487     280.8633     322.9775     306.1680     210.1423     212.7809     325.7294     350.6807    1275.1648     580.2901    2677.5058     969.1838
      99    7065.8651     468.7654     434.3862     370.1412     222.1933     167.1457     171.2133     170.3984     226.4825    1155.3829     513.0212    2618.9082     547.8268
     100   11419.3816     499.6348     454.1238     485.4239     616.0580     766.8063     443.7706     248.8876     267.1739    1607.4409     633.5201    4338.7623    1057.7794
     101   10940.4521     513.6838     435.3718     404.8103     430.0497     490.7875     477.5561     479.7493     402.6203    1762.9911     567.2946    3907.3429    1068.1948
     102    8196.8967     620.1260     428.2765     232.1528     202.9366     195.9879     195.1799     221.4253     250.0214    1593.9846     433.5671    3149.8247     673.4139
     103    8707.7830     483.7613     346.4096     353.5865     619.8412     635.4932     353.8311     291.0694     339.6576    1482.8758     515.4813    2507.3368     778.4393
     104    9199.7902     679.1966     575.1642     506.8604     374.9822     261.6800     215.9234     236.4276     308.2049    1540.6930     784.5462    2740.1566     975.9551
     105    8679.3549     453.7070     353.1125     377.7044     378.5760     351.1413     330.5676     379.9388     419.0459    1733.3014     605.0955    2528.9203     768.2444
     106    8634.8262     402.1987     272.0066     289.5029     292.9530     259.9605     337.2168     378.3467     526.2971    1459.4899     698.4259    2788.7962     929.6318
     107    7108.2627     554.6068     343.4769     254.2736     225.9477     228.4628     274.7948     344.2183     345.3559    1137.2991     552.3863    2110.1329     737.3076
     108    9982.6775     458.9448     410.2409     350.7809     247.8684     271.9776     279.2573     383.8364     324.8574    1715.6823     484.7970    4218.0193     836.4154
     109    8122.6192     559.6140     394.4592     356.4023     418.1501     299.1235     279.3045     301.9067     414.1115    1459.8658     584.6661    2485.7401     569.2756
     110    7573.4347     484.4103     263.0260     228.3906     254.9651     252.4974     227.2406     293.5817     402.7024    1072.1418     390.4309    3014.4503     689.5977
     111    6700.5084     391.8083     329.3683     257.0009     248.5017     222.2803     199.3844     192.6664     238.4798     955.3315     315.3408    2488.3099     862.0363
     112    7408.6502     395.5006     327.9899     343.7245     299.3358     278.0368     278.7473     239.3406     239.6303     893.5043     411.1601    2903.2600     798.4199
     113   10929.3314     743.7698     548.8950     433.1836     336.8333     401.4581     416.6210     458.1690     647.3264    1705.6065     820.8586    3659.2837     757.3263
     114    8511.9029     572.9198     364.9754     262.3578     252.0662     300.5766     378.4645     296.4051     247.6849    1775.4090     584.1430    2713.3333     763.5675
     115    7368.7404     370.6772     379.4620     419.1960     377.7700     383.6312     398.9615     345.5720     276.9913    1040.4224     414.8843    2318.3783     642.7942
     116    9446.5826     468.9963     398.6426     419.0636     550.2886     481.9124     516.6424     387.5119     263.3734    1362.5193     421.9197    3427.4973     748.2152
     117    8966.1642     887.2477     485.6774     326.1380     306.5083     233.0661     170.0523     161.9351     238.8195    1396.6204     538.5114    3211.6563    1009.9317
     118    8578.9369     637.8286     273.1811     196.8143     208.6082     254.3693     284.8024     297.7476     402.5520    1646.1778     621.7181    2815.2148     939.9227
     119    9621.5707     494.8085     370.1421     372.1045     427.7367     483.2689     367.8005     344.6025     425.3629    1502.6787     629.2497    3263.7933     940.0223
     120    9407.2426     683.4117     620.7435     467.4475     322.5856     287.2879     329.3694     493.9171     679.1680    1341.2647     600.2024    2704.0172     877.8276
     121    9467.2219     684.5821     446.0181     437.0653     391.7914     293.2989     225.5627     223.9165     334.8193    1352.8473     647.8997    3277.0608    1152.3600
     122    8439.4470     621.7644     411.4174     314.2460     247.9207     281.4482     314.7958     379.2346     486.5844    1188.3388     554.5656    3092.0274     547.1036
     123    9335.6504     578.2976     456.2514     323.0284     255.8734     284.1675     292.2822     213.2501     227.8996    1887.1155     669.0614    3294.9552     853.4683
     124    9052.0521     364.6751     285.1790     370.9577     460.7496     400.6627     344.1359     283.7803     307.9742    1464.8797     661.9892    3268.5726     838.4962
     125    7451.9764     399.0869     460.3840     615.0870     456.9394     363.4328     294.0699     322.5612     401.5315    1173.8874     317.1026    1924.6734     723.2203
     126    8505.0310     317.4257     209.1016     187.0178     175.1546     196.8617     267.6652     324.7142     368.4763    1559.1605     536.7150    3572.2026     790.5357
     127    6891.4435     313.0363     206.8102     166.5945     171.6163     153.1192     177.3564     175.8938     269.9780    1199.7411     522.4034    2798.7818     736.1124
     128    9244.8017     672.2455     428.3356     407.7600     351.9943     325.8657     274.6365     320.7972     459.5708    1887.1169     521.5662    2802.6890     792.2239
     129   11258.1564     504.0123     570.0130     338.0391     321.2810     235.4579     281.1464     496.3339     627.0536    1713.9445     766.3884    4601.2191     803.2671
     130    8937.7901     651.8962     413.9732     239.8883     215.7207     232.8547     290.4752     431.4186     375.7114    1413.7954     537.2352    3146.1140     988.7073
     131    7553.9634     423.2971     396.3728     244.0378     287.6490     354.6477     319.7805     295.9562     342.3270    1469.9533     556.7235    2081.6588     781.5597
     132    7595.2251     358.3808     242.9312     279.2657     335.6123     258.6091     187.5014     196.0990     252.9032    1206.6921     445.6683    3086.0832     745.4788
     133    8779.9109     535.9198     439.2568     492.3237     383.3795     353.3511     470.2135     276.2120     251.3329    1126.8693     457.0394    3309.5696     684.4434
     134    9477.9778     795.5249     497.7474     387.3461     394.7967     570.5486     522.5498     349.1340     403.8603    1112.9526     464.4315    3051.3020     927.7841
     135    7292.4093     433.6924     323.0499     260.3351     234.4131     224.2317     221.4923     230.7313     260.7343    1019.1574     445.0725    3014.4615     625.0377
     136   11719.4830     819.9961     860.4624     570.3906     391.8650     231.6304     218.2752     235.0354     353.0744    1826.6056     661.2138    4645.5748     905.3593
     137    9575.8412     388.6758     430.3083     399.1743     490.1949     601.8785     317.3587     282.0472     407.7739    1387.7841     430.0837    3721.8295     718.7325
     138    9940.8464     670.8450     545.0696     308.0812     253.1871     316.9264     262.1130     459.5002     496.5446    1830.4512     637.6557    2875.1260    1285.3463
     139    9328.6947     386.5953     384.1532     416.0142     272.4828     225.6479     245.6178     314.6214     366.4754    2242.3851     685.5831    2916.1961     872.9223
     140    9223.8333     633.9827     522.0197     465.6377     320.3589     353.8915     354.1661     322.4615     430.2488    1485.2695     425.9283    3272.6012     637.2673
     141    9796.9504     788.4258     720.7521     598.3080     401.9450     331.2108     295.0761     248.1258     303.1296    1904.1706     649.6318    2558.8386     997.3363
     142    9181.5824     474.0362     259.7016     253.7936     335.9080     348.8020     372.1677     326.4773     328.9011    1718.2166     717.4520    3260.8175     785.3088
     143    9675.5113     500.1619     448.1739     506.6473     452.2049     455.3090     417.2335     352.6202     428.3457    1423.0818     719.7118    2854.9359    1117.0854
     144    7745.1633     330.7778     235.1492     221.2661     269.7629     345.7478     240.6951     212.5893     240.9971    1295.3367     491.3591    2953.4455     908.0368
     145   11106.0589     857.4854     654.0683     463.7137     407.6302     474.8469     580.0437     456.3722     642.8004    1428.9905     675.2838    3218.8889    1245.9349
     146    7926.4285     616.0154     325.4301     306.8898     432.4332     356.3601     296.2643     299.6646     364.3458    1373.3956     519.7684    2319.5222     716.3389
     147   10358.2108     583.8841     445.7713     290.0912     248.8875     244.4867     216.3763     204.1483     280.7881    2099.1165     764.3058    3605.1672    1375.1878
     148   10158.0796     506.1614     425.7748     513.6927     637.8489     325.3841     344.1724     357.5326     361.8772    1834.4288     540.1857    2965.5153    1345.5056
     149    6099.6990     396.3711     301.0919     267.0695     212.3824     184.3108     187.0751     189.4869     221.5468     863.1180     395.4333    2251.9213     629.8919
     150    8897.0921     710.9814     246.2186     290.3527     393.6241     420.0590     356.3050     350.4955     393.0560    1300.1523     444.3705    3151.3641     840.1128
     151    8550.8810     374.5239     299.7823     327.2401     321.6539     343.8045     394.6837     345.3891     291.4939    1224.2153     621.2550    3316.4604     690.3789
     152    8053.8290     372.6948     288.8528     410.2350     445.0414     399.4094     303.4752     239.8957     311.0888     980.1816     425.1207    3255.6637     622.1699
     153    8230.4163     656.5937     308.5025     250.6261     221.4020     179.0010     190.2998     190.6967     243.1480    1222.0434     462.0988    3594.6289     711.3753
     154    6783.9053     339.5830     224.2154     273.6500     321.3034     218.3235     184.3292     177.6558     211.2541    1064.0200     363.1806    2632.5737     773.8168
     155    8485.1884     514.1672     442.0071     390.2098     331.0935     296.1775     228.2337     228.0190     273.4744    1479.5822     455.0323    2911.8321     935.3596
     156    6797.6070     427.5286     372.0966     347.1620     209.5382     186.4061     198.8534     241.6714     294.3111    1099.3606     425.7313    2380.2279     614.7199
     157    9397.1374     647.4049     479.2338     232.0789     209.7883     258.6905     286.1223     334.5164     371.4115    1562.8556     616.3912    3441.3576     957.2863
     158   10498.7383     462.0396     586.9749     469.6598     398.2793     318.5157     409.4766     332.0854     344.4110    1381.7867     666.5732    3908.2090    1220.7271
     159    9364.0948     628.9836     415.9643     352.6672     443.1210     373.4956     298.3508     258.9247     327.3802    1539.7095     757.2092    3060.9082     907.3805
     160    8231.6328     325.0383     358.3229     332.4973     304.2209     314.3574     376.9629     470.2695     417.4831    1092.1735     553.8034    2847.3798     839.1239
     161    8082.7713     374.8457     381.7845     356.0687     304.9820     371.8194     216.0260     186.7539     223.2673    1360.7606     509.8487    2809.5351     987.0795
     162   10259.2924     402.6816     292.8459     240.1101     254.0161     452.3785     372.9662     282.4354     394.2948    1870.4603     787.6698    3581.9811    1327.4526
     163    9056.0289     763.5523     801.3160     472.7681     256.5331     196.5919     195.5585     205.4623     231.5646    1493.0743     541.8963    3111.0266     786.6849
     164    9442.9974     471.1956     548.8310     378.8084     307.6284     338.3184     267.3624     212.8444     228.7187    1210.5024     713.9486    3940.1460     824.6929
     165    8677.5890     356.3353     311.0462     291.2331     286.8040     380.0812     535.9660     347.0830     291.9090    1394.0207     567.5528    3179.4757     736.0819
     166    7550.3671     400.6351     243.3309     220.5649     219.7242     237.8045     296.3080     323.6323     302.3276    1090.7828     357.7283    3119.5970     737.9316
     167    7827.6544     348.7488     375.4409     404.0267     392.9055     444.2306     424.1920     221.3639     240.9924    1125.6017     411.4719    2704.0389     734.6412
     168    9045.7159     720.2244     521.5518     358.4296     222.4245     209.3667     279.4177     431.2905     423.4811    1258.9230     632.5061    3003.0793     985.0213
     169    8224.2186     387.0617     315.2637     294.0543     324.5389     281.6389     315.8349     326.4824     290.5251    1145.2862     608.4046    3144.6797     790.4481
     170    8319.1033     820.4141     300.5642     252.5707     297.9278     273.9628     223.1065     203.8265     246.2678    1498.3039     572.2071    2673.1918     956.7600
     171    7349.4251     461.4239     419.6017     338.1842     260.0237     217.9687     259.1526     273.0630     461.0290    1095.9198     477.2735    2543.2560     542.5292
     172   10442.4713     418.8546     357.0996     467.0427     445.7374     348.1522     355.2634     314.8954     332.4013    1825.4371     806.8757    3907.6224     863.0893
     173    9653.5938     604.0201     243.3659     214.0139     288.9851     286.9378     536.9130     696.0569     496.2915    1499.0391     776.4933    2935.9603    1075.5170
     174    8862.5125     474.1730     532.3775     622.7793     485.8902     357.6913     343.7914     310.5964     357.0704    1306.1685     479.8494    2862.4836     729.6414
     175    6747.0353     349.9762     246.2382     217.7671     219.8763     212.4198     202.5375     199.3773     247.1416     923.2870     356.9131    2808.2500     763.2513
     176   10372.1246     671.8215     279.7556     274.6795     469.5042     469.1567     396.8407     481.0509     528.8851    1569.7015     483.3059    3941.9256     805.4974
     177    8909.3565     335.9423     396.2811     385.0121     343.2765     339.4517     355.7751     446.5509     448.9941    1248.2205     533.1198    3161.4586     915.2736
     178   10841.1041     578.7526     500.2177     432.3799     367.4677     317.2087     282.9891     265.6579     370.8205    2165.6016     468.3672    3928.0467    1163.5943
     179    8681.0661     869.4308     682.0153     474.8164     329.6406     259.1935     210.4661     232.2445     369.4444    1516.5700     479.1298    2387.7516     870.3630
     180   10433.0075     517.9151     429.2245     547.2369     413.1250     425.6103     431.3299     498.9442     501.3349    1639.7667     627.1051    3772.4731     628.9417
     181    7101.5855     328.6139     208.1078     184.9549     178.7307     215.4937     392.7154     515.4284     448.9352    1109.2768     420.7107    2476.2961     622.3219
     182    8201.8262     519.9745     556.9822     581.5856     387.9474     245.6837     274.3199     335.1032     374.2463    1259.7823     420.7153    2579.3741     666.1116
     183    6250.8130     311.0447     210.1572     213.7913     242.7093     264.9200     278.5043     282.3636     323.8982    1106.9273     347.7411    2184.3098     484.4463
     184    9704.2952     699.9442     565.9403     430.5635     346.9824     331.5922     274.8752     324.3809     406.0949    1284.2763     559.1877    3660.1240     820.3336
     185    8943.3791     419.6622     427.2768     491.4728     406.1426     371.1882     448.2990     346.0330     346.2434    1103.0711     492.8076    3492.8893     598.2930
     186    9434.6267     355.2000     365.3133     450.5049     439.9108     532.8281     589.1592     454.3295     389.8336    1236.7918     514.6295    3443.1825     662.9434
     187    9133.2633     613.0554     510.9837     489.4642     310.7172     234.5219     299.1121     404.9927     370.8710    1543.1413     577.7524    3044.6730     733.9783
     188    7734.1969     310.0883     201.0003     240.9974     294.4602     289.6895     266.4516     236.1289     315.7468    1198.7410     586.9073    2715.8731    1078.1126
     189    7892.4970     541.0601     378.6619     327.9640     355.4015     315.2593     228.2549     197.4113     221.0098    1131.4522     495.7864    2933.8148     766.4209
     190    8772.0959     648.6140     544.1104     600.8898     411.9840     248.0072     266.4634     311.5651     314.9432    1035.4675     595.4851    2948.1420     846.4241
     191   10070.9086     811.6272     855.0612     658.4466     471.4191     427.3975     535.4285     521.7007     437.1203    1363.9207     665.5940    2383.5516     939.6412
     192    8315.5246     674.1796     577.8118     393.5868     385.7147     502.0157     317.9748     259.8545     280.4273     887.1794     373.7557    3041.6807     621.3434
     193    7342.8890     449.7883     388.0947     407.1365     350.5221     356.3911     263.1250     260.5756     348.3642    1327.8308     439.2733    2207.5333     544.2543
     194    6926.4297     303.9847     193.1714     158.0417     157.8114     155.8962     165.6893     206.3562     408.6875    1265.6937     579.8686    2433.9168     897.3122
     195    8894.0920     361.9039     401.2396     393.0095     311.9187     180.2947     180.6327     172.8355     219.7569    1488.6997     450.1700    3652.6371    1080.9936
     196    8931.3525     488.2499     404.3196     421.4340     422.8272     373.7107     348.2152     324.9445     333.7766    1653.4207     467.6359    2812.8402     879.9782
     197   10255.2199     622.5538     533.9498     499.5624     672.9438     593.7101     655.4888     466.3280     365.1350    1347.4058     704.4362    2821.2951     972.4113
     198    8467.0568     433.9361     429.0340     508.2902     589.3302     340.6934     364.2620     499.8624     454.2945    1170.8658     375.0838    2407.4221     893.9822
     199    7354.9971     464.8860     288.8052     242.3458     225.6825     252.6291     295.3298     325.0855     347.7407    1341.9238     494.8682    2501.8078     573.8926
     200    8259.7175     764.5527     477.0659     322.8107     321.1744     239.8633     267.1007     257.5963     220.1074     991.9317     412.4311    3240.2429     744.8404
     201    7624.6747     430.9779     415.3199     248.0530     190.2600     191.3358     185.6616     206.3039     346.8824    1689.3213     521.3502    2286.7498     912.4588
     202    7811.5766     423.1099     326.6024     429.7490     385.4369     283.4397     314.8051     247.4222     234.2735     872.4828     305.1785    3129.6025     859.4741
     203    7494.5050     390.9079     282.6080     434.2896     397.6572     319.2039     297.4113     290.9667     378.9252    1220.4601     572.4808    2159.0807     750.5136
     204    9752.4799     635.9544     505.3384     474.6399     480.6821     431.7303     346.1309     283.4063     283.5914    1441.2721     481.0477    3429.0137     959.6726
     205    8085.9642     702.9467     336.8112     259.3163     277.4629     301.8685     297.0205     251.3246     255.4634    1081.4842     540.3999    3036.9426     744.9233
     206    6252.1275     359.2426     232.1483     204.1014     191.6927     187.6075     214.7855     223.1410     218.6592     865.0152     338.9705    2537.0814     679.6821
     207    7627.5804     662.2126     422.5047     323.7471     278.1466     227.3272     206.0803     220.7868     253.2251    1339.7296     398.8357    2703.1718     591.8129
     208    8016.6103     310.5756     194.4413     182.6245     173.3924     156.6060     193.4245     447.6651     704.8384    1403.5082     528.9674    2996.7855     723.7813
     209    8476.8660     369.0905     257.4391     238.3154     229.7272     270.8310     491.5980     531.1307     558.8447    1400.2041     467.4056    2879.2441     783.0356
     210    7839.8190     289.1675     211.2906     178.5340     200.4682     236.1701     408.1245     543.8520     406.7779    1506.9149     538.4717    2680.8505     639.1970
     211   10095.7629     366.7439     257.9842     298.1094     359.5287     380.0519     431.4452     441.0491     342.8206    2187.4295     607.4320    3640.8380     782.3305
     212    9223.6335     308.4565     235.5240     332.7713     490.1770     507.5910     405.2728     293.0349     316.5370    1509.0494     571.0557    3088.1454    1166.0186
     213    9256.2010     845.6339     369.8975     331.2813     242.4032     183.1883     174.3278     180.2195     219.4855    1694.3155     648.1613    3379.5662     987.7211
     214    9637.9422     451.6839     468.5869     483.8119     672.4903     835.0104     568.7641     289.9785     287.3599    1353.2570     775.0153    2660.3630     791.6209
     215    7052.8481     516.8920     315.4877     304.3219     267.5569     278.5976     314.4603     272.9203     249.8227     906.6607     381.2851    2435.5764     809.2666
     216    9706.7693     619.3480     691.2505     657.3606     395.9847     319.5752     362.6823     376.1397     396.4402    1397.8979     549.2360    3178.4266     762.4277
     217    7738.5378     694.5373     334.8946     273.5627     282.5331     316.2941     278.4993     266.4487     361.2508    1170.2820     612.4807    2526.7680     620.9865
     218    9442.0173     353.1832     322.7154     485.4492     536.7786     457.3545     344.2325     428.1178     549.7349    1216.5541     587.3275    2943.6771    1216.8925
     219    8857.8728     546.5704     398.4636     307.0684     232.9187     444.1386     542.7499     320.1071     279.7689    1649.6953     639.8349    2756.0767     740.4804
     220    8652.7182     426.6790     273.3463     445.0632     590.8003     462.0309     280.6589     233.3279     247.2032    1236.8365     407.8850    3192.3373     856.5496
     221    7172.1484     401.4299     248.3761     226.4318     226.9636     284.5675     275.0468     263.2375     261.9090     991.2193     337.2461    2836.3932     819.3275
     222    6660.6307     334.1765     282.3399     233.0820     223.4310     192.6182     189.6572     198.5054     235.4264    1411.3088     445.3843    2193.9383     720.7627
     223   10059.9105     412.4608     453.3658     352.1014     232.1967     211.8643     233.8090     272.5827     342.4683    2033.3266     632.9831    4010.3680     872.3836
     224    9866.8117     508.7971     630.2752     445.3456     243.8619     207.5316     244.4275     406.0107     337.7618    1782.0044     736.5613    3782.9522     541.2823
     225    8946.0281     552.4960     402.5579     417.6252     382.7281     290.0883     278.5699     255.9788     247.3961    1528.0034     429.9105    3473.8719     686.8020
     226    7077.1300     302.6628     202.7928     175.7174     154.7841     163.0205     163.4483     197.1778     259.9003    1364.5604     558.9682    2671.9064     862.1910
     227    8335.7688     331.9533     308.7141     421.3822     348.1693     306.1376     327.6976     388.3369     316.3158    1323.1166     415.8931    3135.4039     712.6485
     228   10775.9096     575.4402     431.4669     453.5801     618.2115     775.1368     430.6652     352.1607     327.3952    1246.3475     476.4839    3934.0386    1154.9830
     229    7604.0346     545.2231     301.0556     227.6892     206.9363     210.6900     246.8083     277.5567     381.7536    1076.4747     421.2411    2894.4565     814.1495
     230   10791.3405     559.0865     524.4491     380.7590     373.5557     263.4971     330.1346     634.4590     632.1155    1946.7931     419.0011    3915.5062     811.9836
     231    8333.4492     311.7545     323.7881     525.5362     463.4407     300.6782     286.9998     344.1762     501.6612    1213.4582     415.7325    2637.5807    1008.6430
     232   10267.6125     712.0614     607.6392     330.5013     225.9592     340.6287     396.2022     352.1054     413.0229    1250.0803     479.6564    4196.6052     963.1503
     233    9443.9427     723.2084     486.9251     253.9283     276.6512     284.1895     252.9356     309.5716     367.7221    1496.7628     474.5474    3856.2180     661.2827
     234    8111.5515     420.9995     301.3144     383.0855     262.7964     219.6083     247.1024     304.7953     425.2752    1250.2660     444.7192    3179.7414     671.8478
     235   10002.2048     523.7127     438.2492     492.9586     535.5493     428.2002     608.0157     428.3196     373.8270    1335.4569     598.1701    3603.9848     635.7606
     236   10253.4293     507.3870     476.0941     345.8111     296.0727     531.8677     778.3287     412.5317     444.5897    2209.0225     782.8424    2432.6866    1036.1951
     237    8785.9813     601.0793     601.7597     360.6264     270.1684     256.0353     259.7496     288.2534     298.1119    1343.0449     575.6200    2833.8904    1097.6418
     238    8362.6109     587.9572     503.1764     423.7621     401.6587     282.5431     309.8033     330.5250     318.9503    1198.0708     490.0160    2728.6621     787.4860
     239    7978.1770     462.6224     342.0737     304.6215     243.8637     236.7203     236.8935     297.3761     355.5076    1730.4375     484.4319    2710.1836     573.4452
     240    7901.8660     513.3101     416.8833     356.9390     303.7557     194.0912     189.3866     190.7638     230.6497    1403.3701     466.1518    2948.3552     688.2095
     241    9341.7067     855.4023     648.3045     353.2629     230.6836     296.5305     352.7370     393.3595     353.2250    1862.9713     625.9804    2438.9865     930.2631
     242    7614.7179     609.6647     407.6279     305.9357     319.4022     327.5796     282.6904     226.1910     256.7798    1262.2737     474.6259    2478.0121     663.9348
     243    6877.0228     327.9222     252.6590     201.2097     186.7075     186.0867     256.4145     299.7578     341.5796     852.2494     334.7465    2762.6577     875.0320
     244    8552.0743     582.5447     266.4748     204.4842     195.1864     214.1482     311.3613     436.7812     321.1214    1343.5960     507.1418    3170.0390     999.1953
     245    9609.5350     795.7816     728.7528     437.5858     270.0342     187.7399     184.6175     201.3505     276.6751    1717.2572     660.6715    3244.6560     904.4131
     246    8281.2953     415.7116     319.0565     308.9271     252.9046     246.1634     392.8178     470.9937     353.0911    1174.2910     401.2781    3139.0448     807.0157
     247    8828.3216     644.4295     368.7588     254.0864     231.9085     237.8537     281.2474     310.7785     281.8255    1552.9837     374.4108    3327.5141     962.5247
     248    8475.0883     317.1040     259.7054     350.9271     368.7264     378.9426     358.6253     292.9337     301.4402    1619.5617     474.4452    3188.9664     563.7101
     249    7607.4433     390.7492     233.3846     209.6144     184.2411     196.4657     223.9102     269.1951     319.1708    1622.8825     450.7599    2930.4102     576.6594
     250    7942.9030     324.5586     290.7530     384.1979     428.9505     482.4293     301.3639     240.8069     259.0470     906.1355     384.9907    3186.0252     753.6446
     251    8385.8979     715.1686     419.4511     212.4326     201.1419     214.8143     347.8786     298.2171     317.9536    1438.0054     474.3654    3151.4886     594.9807
     252    6904.9768     541.6015     353.4126     302.2298     237.3020     201.5140     202.2261     276.5732     389.3952    1105.6112     315.4945    2301.7840     677.8328
     253    6675.9918     320.9388     225.1112     205.9058     184.8511     180.3340     203.3926     353.2149     361.0312     885.8850     386.7846    2644.9474     723.5952
     254    8855.4748     490.6660     463.8431     645.6051     467.6630     222.7512     200.3586     261.7928     340.2553    1233.3497     468.5511    3069.8899     990.7491
     255    8391.9992     403.3767     233.7527     210.4166     245.2957     253.7346     345.9137     304.6533     297.0034    1578.0936     460.2733    3254.5847     804.9008
     256    5653.9872     394.9387     266.9023     225.3901     215.1738     242.1434     241.9076     204.7521     193.0802     970.9924     344.9612    1854.4260     499.3194
     257    8567.2583     403.1134     307.5752     272.1117     282.3859     277.7412     287.5978     266.0378     250.8295    1584.8377     453.8348    3193.9443     987.2489
     258    8907.6051     322.5516     326.9785     379.5844     394.3381     426.1585     565.5732     549.8441     345.9396     981.0499     455.4748    3134.4674    1025.6451
     259    8508.4826     467.7157     293.3079     289.4327     333.6501     387.7813     329.8217     503.8206     466.6287    1196.0801     582.8840    2912.4513     744.9086
     260    8762.3958     439.6350     428.7373     361.9680     349.9158     364.8348     359.5533     220.6440     225.1668    1035.1273     459.2851    3819.6544     697.8741
     261    7577.8554     380.0774     272.6286     244.1198     210.7164     189.6764     193.8886     234.6919     285.1515    1409.9012     396.7252    3036.4470     723.8315
     262    9819.5651     570.5464     430.2953     599.8434     595.1313     499.0674     479.0848     484.0477     462.2300    1389.6704     417.4320    2970.0838     922.1325
     263    7315.2960     561.4371     463.9212     308.1053     268.5514     343.1288     313.6486     277.0236     331.7299     894.3976     352.6497    2570.5079     630.1949
     264    9015.1775     537.6908     453.0678     348.0628     430.7872     595.1382     341.1346     255.7477     322.0137    1042.5230     462.5824    3247.8809     978.5483
     265    7810.9895     637.8577     360.9562     386.7504     303.6275     229.1792     218.2860     215.6710     236.2321    1164.0193     384.3387    2870.2989     803.7725
     266    8304.8842     520.0653     402.1467     509.2528     333.3515     253.8169     237.2144     240.5325     238.5491    1186.8539     357.9958    3158.1949     866.9104
     267    7902.6107     462.3456     460.5975     477.3775     285.0846     195.5511     192.1321     201.1903     232.7544    1349.9073     429.2790    2903.3056     713.0857
     268   11111.4780     814.7412     491.5043     500.1455     415.7385     264.2017     269.0520     362.9308     590.9993    1668.1585     668.4538    3853.4040    1212.1486
     269   10423.2708     634.0019     405.8261     409.1558     372.0326     274.0988     320.0690     337.9582     370.3883    2053.1647     813.8345    3124.5764    1308.1645
     270    7903.7254     485.7800     350.6884     276.5812     242.1705     206.5020     225.9238     393.7168     485.9484    1406.1762     408.6218    2848.3345     573.2820
     271    9842.4661     519.6399     240.2692     201.5114     209.5325     260.0266     479.2482     460.9553     392.1646    2146.7498     528.3411    3589.2575     814.7698
     272    8809.9945     587.2307     267.9066     244.7503     264.9056     310.2075     440.6733     495.4651     586.3763    1206.3787     417.4775    3154.7849     833.8381
     273    6288.0244     311.4793     203.2107     170.2386     180.3162     223.8869     247.9224     243.2035     264.6972     952.1814     335.2568    2467.4430     688.1885
     274    9826.7040     664.7728     580.7805     533.9947     393.3885     337.1944     333.9011     335.3350     311.9260    1307.4288     514.5158    3765.6440     747.8226
     275    8378.6766     605.4365     264.5525     231.8558     211.1845     204.5153     246.2284     415.1484     598.2600    1097.4402     383.6423    3277.1537     843.2591
     276   10405.5758     441.6841     372.0117     391.4842     460.5349     525.0978     434.1157     406.8562     304.3785    2241.8202     480.8648    3631.0639     715.6637
     277    7972.2867     422.7369     456.3026     424.5998     250.6315     221.9738     269.5357     369.5153     307.9063    1455.4019     599.0912    2652.5467     542.0448
     278    7489.0869     416.2144     358.0073     279.9993     229.5972     194.0519     182.9845     224.1356     409.4232    1115.2627     513.0133    3000.6873     565.7102
     279    9246.0396     312.3917     245.9536     243.2974     280.0799     427.9867     418.4127     397.2084     342.9942    1587.0509     469.9813    3669.1155     851.5672
     280    6726.0126     337.3780     229.8525     315.2045     321.8095     230.8938     242.4872     392.1158     333.2860    1258.7598     331.1067    1994.1151     739.0036
     281    9219.0087     546.3447     495.8453     556.0246     412.6063     324.6919     330.2750     326.2239     391.8821    1367.5004     521.2168    2716.1013    1230.2965
     282    9231.4237     423.0044     427.6029     378.4854     252.4078     264.9406     292.5778     370.7393     354.3265    1292.6329     568.7413    3623.5533     982.4114
     283    8890.9700     419.6732     383.5076     287.3525     195.9984     186.0125     177.4902     205.3800     324.8189    1547.6338     633.9160    3744.0100     785.1769
     284    7391.8935     677.4875     495.7465     428.6783     275.3246     242.2127     240.3223     260.1983     263.6713    1004.3581     384.0791    2457.1842     662.6306
     285    6794.3190     352.9026     213.8371     184.9195     171.9999     173.4975     168.7897     165.9083     207.8657    1396.0645     585.8747    2325.7074     846.9522
     286    8424.2201     658.8644     434.9798     288.4889     219.3299     191.9277     177.4617     169.8181     207.9655    1471.1898     559.5816    2963.4692    1081.1435
     287    8397.0827     381.7052     351.1424     495.5802     467.6050     356.9429     326.4279     364.6328     382.9413    1314.4990     420.9811    2773.8981     760.7268
     288    8177.8778     605.0884     364.1869     375.9983     284.9160     222.5977     200.8129     221.2610     255.3640    1530.6796     517.5207    3049.9560     549.4963
     289   10908.6018     489.3252     400.3541     463.3076     474.0474     503.9328     693.7524     419.7723     391.0861    1658.8145     577.2285    3772.3599    1064.6209
     290    8829.1548     314.4464     238.3642     361.9763     394.5320     339.6567     255.9201     296.0835     416.1265    1251.0996     526.8980    3633.6931     800.3585
     291    8147.3587     686.3820     406.6596     299.6134     220.4736     279.6955     325.7712     381.8238     330.9795    1384.7216     598.3461    2628.3434     604.5489
     292    7601.4267     667.9650     411.0213     290.9428     206.2600     198.6579     205.6997     255.0446     460.2080    1507.5109     489.2276    2003.0061     905.8829
     293   11507.1320     769.4901     619.1385     406.4613     296.1651     308.4625     420.5429     287.8288     310.3616    1631.2272     585.6010    4934.6054     937.2476
     294    8512.0544     405.8296     345.9362     368.5105     289.5191     293.2720     324.6657     274.1461     428.0735    1650.2516     490.8280    2964.9481     676.0739
     295    8862.7844     532.5253     413.7962     504.8100     355.8235     427.3755     486.8822     318.4068     279.7135    1051.8657     586.0117    3205.6450     699.9289
     296    7113.3729     443.8105     288.6906     235.0699     203.7011     198.7110     208.8889     236.9603     325.3188    1027.4729     362.4355    2875.2851     707.0282
     297    7992.6296     407.5878     353.1270     470.1420     399.0027     347.4872     283.2336     265.7948     365.0523    1205.5460     523.1668    2330.9307    1041.5589
     298    6649.2130     305.5457     195.0630     161.7695     163.0716     175.4822     188.0434     226.0988     264.1839    1405.5949     436.7107    2307.3474     820.3019
     299    8484.7560     363.3360     255.6891     229.5485     394.6362     441.7680     427.3390     441.1960     537.1200    1319.3777     534.7118    2622.4815     917.5522
     300    7706.6637     588.6096     438.7454     391.3288     451.7596     401.4908     260.6259     308.2554     256.5269    1034.2328     419.9076    2349.3206     805.8603
     301    8060.3268     414.2964     322.6403     374.4433     390.6808     392.8781     302.6784     314.8162     346.8747    1694.9506     614.5703    2203.1125     688.3853
     302    9247.0570     411.8637     419.1113     550.3777     379.2915     346.8379     482.4615     367.3050     332.7514    1579.7914     420.3977    3071.9449     884.9230
     303    8059.7027     704.5098     394.1105     414.9767     321.1107     261.8648     264.6817     330.0942     417.5607    1494.1313     459.0205    2381.5332     616.1085
     304    8461.4940     403.6375     290.2090     475.2269     578.1572     406.6960     298.0039     268.7008     361.4620    1514.9090     431.5665    2861.8779     571.0473
     305    8934.0073     740.0072     358.4546     353.1891     383.9067     269.0336     277.4550     381.1487     450.4752    1129.8577     524.9518    3216.5238     849.0040
     306    9576.5184     626.3114     534.7517     516.6260     522.9796     401.3461     360.9721     335.1751     308.5491     924.1580     377.9499    3643.1510    1024.5484
     307    7265.6612     483.8053     460.6609     450.9749     348.7038     230.6775     207.2186     219.4524     312.2872    1250.9999     482.1919    2256.3888     562.3001
     308    8538.5879     659.2379     425.3540     340.2855     285.3808     349.6028     343.8153     254.6734     290.7339    1033.5582     325.9810    3135.7518    1094.2134
     309    8707.8189     593.7584     458.8989     398.8476     334.3874     237.4657     213.0387     223.8745     293.2706    1599.6098     578.4104    2994.4122     781.8447
     310   10297.0744     952.1429     786.3442     330.7235     201.6619     185.0718     185.5961     257.9435     386.7282    1780.7586     706.5236    3722.9827     800.5975
     311    6677.5692     336.5189     219.9340     197.6909     175.9039     179.8192     196.5230     200.8067     228.0971    1300.4995     461.2216    2591.9197     588.6348
     312    7587.2001     367.6973     237.9548     237.0945     301.1441     370.2080     343.0176     347.4560     296.1783    1215.0960     468.7975    2737.0716     665.4845
     313    9243.8825     524.6726     413.7265     309.4151     303.5260     401.9555     503.9262     411.3109     347.5901    1512.7798     512.8856    3135.0599     867.0342
     314    8699.9905     492.5418     643.3343     435.3398     312.0597     278.6627     293.5934     334.0707     321.7940    1371.6407     443.9990    2904.4251     868.5293
     315    9312.6441     438.3982     462.6588     328.9158     243.3154     359.3780     492.0956     289.4544     263.0070    1655.2521     399.5674    3297.2668    1083.3346
     316    7780.5750     535.1694     391.0649     312.0588     246.5259     226.5189     196.7547     208.6046     312.2217    1390.4688     452.9057    2711.9767     796.3050
     317    6949.7879     408.5081     333.9856     299.6587     336.7210     340.8484     273.0035     213.4881     248.3033     954.7552     388.9436    2422.5320     729.0403
     318    7890.3862     392.3192     254.7238     223.3642     210.7737     227.4908     229.8032     350.2330     647.0961    1423.1705     438.8849    2783.5852     708.9415
     319   10417.5514     564.8661     672.6706     379.1323     321.1951     268.1775     388.6663     463.8332     656.7027    1304.0537     605.2275    3904.0163     889.0102
     320    8195.3252     455.7558     439.6270     495.2336     545.1331     540.7326     429.3538     275.3100     273.1047    1100.0955     464.9726    2393.3257     782.6809
     321    8390.1041     775.0173     439.2887     374.0095     373.3067     309.4333     289.8747     333.6040     390.8062    1093.2136     443.0251    2845.3943     723.1307
     322    8426.0085     698.4877     423.7942     256.6873     349.7217     350.1371     414.8740     431.1767     527.4147    1092.9139     396.6065    2606.4114     877.7832
     323    7886.6860     545.0074     396.2596     300.8992     267.1693     248.6894     196.2434     198.4767     233.5374    1217.3064     594.7394    2767.8194     920.5385
     324    7530.6799     493.4141     235.1385     185.7788     180.1264     187.9518     255.4941     259.9914     267.1884    1152.6781     582.7734    2838.6309     891.5140
     325    9761.0586     724.6232     409.0069     377.0824     297.3144     508.8949     521.6929     391.7115     371.1648    1681.0565     672.0024    2650.1268    1156.3819
     326    7737.1405     704.9889     376.2604     364.7146     309.2698     246.1089     219.6549     234.6590     261.3139     965.6212     494.9408    2635.7252     923.8829
     327    7750.6609     477.3443     287.0666     237.4869     289.9713     342.0992     401.5422     363.0253     299.6672    1479.9861     578.3526    2288.9358     705.1833
     328    9015.4006     329.6958     407.8820     494.8237     335.3797     266.2654     268.4922     307.5130     288.5704    1638.7486     587.5167    3136.9255     953.5876
     329    8571.5744     419.0793     429.2380     415.4613     308.5075     205.8373     199.9920     206.7249     225.0437    1200.6302     499.0910    3673.2774     788.6916
     330    9853.2947     426.9754     322.1516     363.1424     474.8984     404.4177     341.8803     460.7022     707.4856    1664.4662     596.3930    3366.6286     724.1534
     331    8352.5357     302.8241     215.9730     257.6223     285.4186     240.8123     231.3511     236.9796     299.8594    1800.1763     647.4781    2855.5351     978.5057
     332    7564.5953     328.8648     214.1502     195.1194     186.9216     184.5471     259.9410     342.0423     342.3805    1319.0749     637.6170    2696.4288     857.5077
     333    8824.4797     435.2352     268.7167     216.8349     200.0417     188.8097     209.4735     259.9090     359.2318    1834.9418     555.9021    3510.4675     784.9158
     334    6507.2815     306.2256     211.4362     186.7713     207.6493     203.1842     193.3934     235.8419     302.2732     989.0359     478.1971    2610.2767     582.9968
     335    7467.4278     596.0903     437.9334     457.9712     343.6387     302.4573     204.8269     189.1446     227.5833    1179.4044     310.8870    2325.4262     892.0644
     336    8515.0182     413.0741     286.6127     250.3672     259.2236     453.5632     498.0736     326.2223     267.0293    1590.0137     512.6411    2961.0043     697.1930
     337    7411.5068     513.8738     338.3549     263.1315     276.8896     247.5018     196.4242     212.7250     430.3505    1338.6352     459.2190    2622.3658     512.0355
     338    5726.3835     325.5301     209.1739     168.5893     164.0471     153.2133     159.1841     175.1990     202.1570     913.5500     330.0112    2233.4309     692.2978
     339    7773.4078     613.0064     409.7003     296.4300     247.7435     257.9013     343.2559     444.2068     334.9431     975.8803     411.1365    2717.3771     721.8267
     340    9114.9484     629.0221     471.6113     358.9971     348.6255     354.9490     355.3880     403.8121     328.7005    1341.0945     568.8152    3206.8900     747.0432
     341    9673.0026     322.9282     298.3465     483.6204     392.6775     460.7028     512.5599     503.9710     358.8977    1453.0158     517.9436    3310.6619    1057.6773
     342    9993.9176     380.8625     321.3800     371.0745     451.4395     673.4918     629.2877     352.5051     330.2967    1470.9303     618.3834    3347.6967    1046.5695
     343    8228.3963     559.7686     447.9095     330.1272     261.0017     257.2202     237.6695     219.7242     318.6728    1502.0794     484.2191    2579.1950    1030.8092
     344    7767.0525     513.3566     601.6368     458.2086     253.6673     228.7569     225.0336     199.2008     238.2792    1237.3661     571.9062    2419.2954     820.3451
     345    9159.2017     360.1954     328.2356     476.1611     683.0055     466.5056     368.9816     418.0540     328.1884    1743.7169     675.4806    2348.9744     961.7027
     346    7372.9751     402.1617     352.4961     280.0485     220.4773     240.2541     259.3538     252.6841     359.1168    1335.1594     558.0340    2598.2323     514.9571
     347   10408.3433     349.2936     282.0113     280.4605     260.2182     255.2099     438.0369     414.9066     369.1996    2379.7843     546.3728    4061.6696     771.1799
     348   10138.4601     532.7820     472.9385     675.0723     810.2297     484.8640     258.1701     199.8533     253.5182    1291.6612     693.5079    3744.4244     721.4385
     349    6696.0402     390.8709     250.1869     252.4741     294.0167     281.9381     238.2024     239.2115     256.1690    1164.4480     358.7135    2386.7519     583.0572
     350    9222.6676     431.2040     449.2822     479.9387     359.7689     251.8717     349.6536     579.6220     489.9716     848.8562     380.3935    3439.0956    1163.0094
     351    8324.7219     458.9084     336.1119     306.8132     276.4973     250.2600     306.7850     275.8217     296.1026    1320.9067     711.4484    2994.7997     790.2671
     352    9264.4087     445.9020     266.2000     287.4634     382.8449     497.5810     444.6828     343.7657     325.0528    1388.6003     512.1700    3298.3364    1071.8094
     353    9220.8773     541.4276     261.1803     235.2656     421.6345     722.5853     479.5476     306.5614     336.8182    1220.2115     484.7310    3392.9599     817.9543
     354    8776.8013     358.4422     383.8609     480.0931     647.3915     450.1348     293.1833     278.5558     361.4284    1557.7254     694.0632    2499.4862     772.4364
     355    8644.8313     666.6069     460.3188     279.6891     251.6463     260.6639     253.2356     296.2025     340.2341    1240.1413     487.2294    3109.4936     999.3698
     356   10179.7648     549.3997     891.4323     827.1707     359.4182     248.3052     315.2062     439.4307     499.8089    1680.3247     637.4261    2799.9985     931.8436
     357    8470.5181     426.4312     386.7185     396.2332     407.3935     356.6972     338.8659     328.4211     378.5593    1324.5680     595.0146    2956.8226     574.7927
     358    8563.5855     547.9383     558.9430     586.6895     342.2502     201.1554     189.0992     213.2351     238.7466    1256.9649     498.9384    3036.3462     893.2788
     359    8122.5055     442.3632     481.1902     510.7057     310.9601     181.2686     174.4264     170.2213     213.8596    1056.7960     533.2458    3131.3510     916.1176
     360    9364.7039     510.5320     461.6874     475.2490     336.7721     340.6233     300.8522     324.5597     384.8015    1978.5921     655.3214    2773.4621     822.2512
     361    7640.5458     366.5785     262.7811     224.7664     240.1663     344.1794     313.4276     353.1466     305.1924    1275.0584     524.7286    2712.9041     717.6166
     362    9470.5913     483.4136     420.2304     452.9107     493.5212     362.1040     205.5034     216.4447     310.8893    1789.0155     796.9260    2973.3650     966.2673
     363    7307.2443     378.2425     252.0597     238.0034     288.3809     310.6015     351.7694     424.3147     499.4534    1055.9340     442.9052    2337.0564     728.5232
     364    8462.0804     584.6601     456.3250     263.4105     187.2423     189.0037     253.2994     349.2345     333.4867    1532.4220     760.1251    2691.6056     861.2655
     365    6856.3831     315.2244     222.2355     206.9647     190.5137     206.2633     247.4123     265.0969     311.0225    1162.2921     502.5015    2542.1744     684.6817
     366    6765.1733     326.1762     267.8439     252.0260     224.8467     221.0881     226.8539     255.5062     257.5176    1189.3787     423.3763    2628.8552     491.7043
     367    8652.1171     476.8513     431.2305     388.1458     427.1489     414.0226     326.1809     318.1087     325.9807    1311.2969     429.2863    3120.7691     683.0953
     368    8912.7031     573.1073     606.6568     615.6664     316.4160     269.6677     226.0008     209.2927     225.9542    1377.2888     497.4282    3197.7803     797.4439
     369    8871.0168     459.4634     327.6357     289.2761     304.6317     360.9906     303.5526     427.9602     566.6596    1260.9423     529.0468    3179.1731     861.6844
     370    8750.6987     501.3190     376.4038     291.6888     275.9331     408.5879     416.4516     314.5312     358.5166    1817.7151     597.3823    2496.5571     895.6124
     371   10286.8493     401.7490     464.6019     346.3055     311.0174     351.5423     347.1579     441.1673     334.0953    2128.6663     667.4390    3436.9701    1056.1372
     372    9764.5465     486.9754     503.3956     456.2402     311.9305     334.7639     496.5596     832.4133     739.8019    1369.3037     711.7331    2680.4714     840.9578
     373    9223.9787     495.2994     526.0833     582.4202     290.9896     231.7177     214.8540     197.7142     264.2543    1575.9792     576.3346    3173.8362    1094.4960
     374    8730.9243     329.6271     286.6555     294.3283     320.6100     418.1221     269.6624     248.2588     256.8171    1581.1458     715.9224    3133.9297     875.8450
     375    7198.1983     710.8079     339.3068     251.5226     221.4855     215.8786     253.5282     293.3907     340.8455    1264.3772     405.4474    2277.7275     623.8804
     376    8729.1391     518.4897     366.1972     389.5721     375.0653     416.7819     326.8247     306.3901     280.5970    1454.8301     662.4749    2472.0804    1159.8355
     377    7831.0605     388.1474     259.0216     229.9786     202.2759     209.0567     238.6327     242.7308     329.9655    1446.0268     529.6036    3053.9027     701.7182
     378    9095.3474     491.5935     300.2387     334.7077     417.0483     437.0712     344.5315     323.0318     358.8549    1314.1385     575.7201    3255.6286     942.7826
     379    8726.2172     481.9436     421.8070     415.0315     259.7674     323.6847     509.5483     408.8441     316.4108    1197.9326     503.3574    2905.4082     982.4817
     380    8015.9746     321.5269     212.3737     184.8879     204.7164     236.4337     261.3841     249.8812     318.2728    1641.2554     499.3047    3128.4584     757.4794
     381   11199.5820     599.6235     386.9828     761.3022     663.7601     381.2753     458.3872     382.8209     401.6955    1712.3184     551.6873    4097.6345     802.0944
     382    9748.0503     565.8508     387.2561     302.2226     314.2298     354.0675     316.1040     282.7250     270.1041    1655.5146     634.8228    3491.7073    1173.4457
     383    9178.1149     391.1232     436.8251     470.4699     327.9590     247.1096     281.8398     348.7280     291.6135    1819.5937     625.8808    3148.1319     788.8404
     384    9198.4083     354.9969     394.6566     348.2136     334.9047     635.6987     792.9474     443.2324     307.7246    1085.8709     553.6067    3155.4726     791.0833
     385   10140.1161     461.0694     351.8085     322.4872     360.2107     678.6498     911.5016     545.5500     403.2403    1604.5028     760.3342    2636.7829    1103.9788
     386    6851.6511     481.7073     292.7756     217.6428     201.1346     198.1087     243.9101     317.3775     363.0406    1240.6213     367.3719    2272.3961     655.5645
     387   10149.3702     656.0237     364.1879     379.8217     451.3102     428.9206     267.8802     222.2238     260.6192    1520.2506     580.5860    4020.9873     996.5589
     388    8244.8899     577.7158     416.4509     294.2743     267.3715     309.1714     302.1795     287.0474     251.4613    1640.6953     489.0773    2387.5801    1021.8650
     389    9316.9858     746.0921     435.3614     313.2080     294.7209     294.7827     308.8825     325.9750     302.0988    1429.5399     550.7162    3281.8410    1033.7674
     390   10106.8474     547.6760     419.9313     426.7143     411.7479     578.0988     577.4960     442.3732     324.2589    1926.2891     678.1361    2639.8508    1134.2750
     391    9396.4167     614.6868     822.6997     601.2642     322.8238     238.9941     217.2732     224.1363     288.8526    1435.2947     584.0048    3245.0069     801.3797
     392    9528.2128     695.3654     391.5132     231.7426     212.2990     216.5337     199.0721     186.3627     245.6567    1882.3296     477.7774    3949.2754     840.2849
     393    7990.1492     701.7991     517.4626     232.5376     191.0676     176.4507     179.2572     185.7446     223.3238    1574.1149     437.4465    2689.5694     881.3752
     394    7143.1732     451.6904     432.9828     263.6135     244.3338     321.3004     289.1907     317.2574     324.7824    1018.9733     478.8904    2474.9271     525.2311
     395    8204.6423     637.1214     493.1888     451.3627     221.3792     199.2915     356.4058     444.3634     407.9565    1012.4181     419.3894    2814.4593     747.3062
     396    7631.9990     552.3366     379.6243     269.6568     241.0158     276.0510     291.0609     341.2797     383.9507    1090.5845     554.5139    2525.0731     726.8517
     397    9877.6835     526.7766     521.4940     480.2277     478.0290     507.8764     431.2627     361.0634     301.6258    1622.7268     522.9621    3272.5741     851.0649
     398    6987.8154     424.5991     388.4288     383.2334     283.5129     326.9847     349.3423     334.2648     400.7356    1056.2521     347.9263    2182.1365     510.3990
     399    6556.2155     384.8544     247.3759     228.5203     225.9089     195.5733     187.8382     229.4041     255.2740     896.6003     296.2533    2629.6701     778.9429
     400    6964.5529     323.8909     209.8001     227.2567     280.1919     326.5823     353.1249     235.8926     287.1025    1077.7240     401.0955    2519.8082     722.0832
     401    7606.5616     328.8757     210.0456     179.4121     194.7028     291.8845     411.9301     500.4445     499.9437    1393.0848     515.4984    2360.9394     719.8001
     402    8565.5869     795.3320     580.8745     373.8292     368.7116     357.9833     318.8537     275.1174     373.9560    1654.1908     566.3826    2276.0998     624.2560
     403    8202.6042     335.4548     337.1471     357.8967     317.5188     259.9883     243.9147     226.0693     255.0797    1365.5122     455.6823    3332.4620     715.8781
     404    7565.3289     326.9861     232.1581     208.2248     201.5705     194.6200     198.7256     215.8195     235.1043    1525.8886     577.0411    2998.8332     650.3572
     405    8065.0626     411.0382     369.4305     450.0870     426.6113     302.1554     338.0947     332.4556     310.8498    1014.8126     421.2176    2883.8148     804.4951
     406    8016.3929     384.8111     330.4637     424.2840     421.7013     313.2108     359.2409     313.0166     237.4970    1274.1481     668.7080    2540.8715     748.4396
     407    7238.7972     497.5426     456.2298     274.7201     222.2521     213.2673     227.1764     234.5887     261.9434    1306.1297     496.9225    2315.3881     732.6365
     408    9955.6451     597.9372     390.3224     270.6497     293.3726     350.8567     377.9125     309.8756     322.0781    1508.9474     723.0383    4044.0383     766.6164
     409    6765.0610     482.8923     391.8530     299.5769     194.8416     162.9879     180.6715     192.0393     403.0914    1445.8407     420.4005    2117.9462     472.9198
     410    9224.3555     414.0750     287.1819     276.8956     277.8736     319.0301     320.3791     293.4126     313.1107    1852.5318     551.0556    3462.4584     856.3510
     411   10952.7871     617.4044     402.3372     267.1281     269.5730     415.4009     621.2765     483.3224     741.2717    1962.4599     721.9187    3278.6538    1172.0406
     412    7935.4757     468.5314     381.9229     313.4617     271.7269     204.5480     182.7188     208.4575     298.8035    1546.8622     536.7480    2478.5560    1043.1387
     413    6166.5928     444.8934     233.5168     211.7164     207.8973     219.0177     225.5214     274.9085     284.6815    1077.2262     383.7887    2087.9738     515.4511
     414    8233.8289     775.1308     395.1489     288.2955     198.8574     183.2364     203.5757     241.7583     290.3034    1457.7399     703.4718    2758.8311     737.4799
     415    6938.0679     458.0992     228.8865     186.3478     178.6502     208.9536     286.3574     393.4127     507.1439    1200.1380     521.3268    2040.1685     728.5832
     416    9689.7448     603.6593     639.9195     645.2486     684.2088     373.0074     236.3328     256.0645     282.1805    1702.1012     481.3648    2672.9674    1112.6900
     417    9764.3903     788.9466     874.8931     456.6461     322.4288     334.0359     328.7432     325.4836     329.8625    1672.4517     654.5884    2910.5265     765.7838
     418   10037.4801     636.1463     500.1969     318.1765     234.2597     257.1840     289.7050     377.0947     593.2960    1473.3247     604.6501    3634.8332    1118.6131
     419    7957.6671     465.3545     250.6932     225.8689     228.9677     260.6039     400.0378     312.4898     473.9319    1245.0483     481.1982    2928.1542     685.3186
     420    8170.0984     363.2913     242.0656     200.8613     185.3697     190.3512     192.8975     245.6617     256.4509    1609.7735     630.0398    3075.4586     977.8774
     421    9747.8961     488.3705     372.9900     352.8807     417.8409     355.1919     224.8495     239.7364     284.8179    1644.5034     529.4376    4050.6185     786.6589
     422    7702.6587     582.8937     341.5071     285.9471     267.3353     252.0224     203.6973     195.6570     319.1380    1498.5950     518.5734    2529.8768     707.4158
     423    7240.5276     370.8518     263.2548     239.7065     359.1937     314.1490     281.2208     244.4265     273.6888     970.1540     528.3483    2703.7850     691.7482
     424    7648.7473     388.0086     287.5432     258.0320     331.6832     268.3115     222.6142     255.5955     351.6852    1628.2864     519.7719    2208.8028     928.4128
     425    8629.0905     430.2947     422.9349     330.2879     371.9874     301.2487     356.9677     560.5494     500.6755    1264.5215     520.7482    2689.7855     879.0892
     426    9487.9386     708.1411     656.9919     758.4347     533.0524     326.8954     331.7328     351.6765     348.2122    1117.5351     645.7256    2855.3651     854.1758
     427    8194.1094     388.7948     354.1983     387.9947     435.5866     326.7197     256.2188     239.2816     463.2520    1400.0363     464.0324    2718.7415     759.2526
     428    8491.2608     434.3684     493.5604     373.6019     270.3542     219.4244     239.6964     361.7276     412.6259    1889.5750     599.2656    2484.2856     712.7755
     429    9746.8212     701.9466     378.5598     364.5258     414.6019     385.2647     346.0719     345.0139     385.6323    1672.6193     700.5362    2886.6934    1165.3555
     430    8444.0082     554.2016     385.5316     274.5801     305.5309     309.3937     387.4688     503.3411     649.4504    1370.1106     625.6380    2366.0957     712.6658
     431    9252.1200     429.8635     466.7152     402.8005     322.2161     376.0868     380.5986     381.3343     414.9082    1729.0906     570.5062    3001.6057     776.3943
     432    8357.1105     476.1168     488.5553     573.3830     559.7793     297.1897     240.1042     250.0861     356.8818    1600.8234     526.5144    2160.4535     827.2230
     433    9575.6030     651.8349     456.1156     265.4197     290.2098     379.3336     407.3366     499.4055     382.1374    1252.0015     534.4250    3754.5721     702.8113
     434    8453.9957     428.3476     360.5747     252.7435     301.6722     302.4499     441.0603     514.3903     466.3855    1092.1043     681.1578    2824.7619     788.3477
     435   10310.7855     489.2879     357.6794     252.5154     205.9198     223.3526     423.9133     620.4702     526.8791    2086.4851     663.7803    3619.2331     841.2693
     436    7688.4610     459.3067     336.4029     330.7256     315.8173     373.5056     399.0086     414.3092     494.0155    1344.4573     365.7668    2324.1546     530.9909
     437    7328.4318     530.0189     285.2506     238.1380     239.4248     227.6679     190.6689     192.7809     229.8993     840.7544     330.0999    3191.7840     831.9443
     438    7976.4496     455.6734     247.9911     192.6369     194.8898     241.7719     304.8757     319.2104     320.1105    1291.6630     363.0356    3089.8317     954.7597
     439    8236.7842     394.0681     256.8789     275.3579     237.0055     253.6595     232.7435     234.0445     370.5598    1382.6505     557.3070    3275.2888     767.2202
     440    8137.5700     491.3306     300.8053     223.0636     194.5452     195.4802     196.6204     225.6573     301.1931    1894.7815     556.6245    2775.2360     782.2325
     441    8578.4348     536.0552     351.7042     297.5502     295.5147     218.3791     202.0705     252.6816     425.2772    1867.0302     683.7640    2531.0412     917.3666
     442    8918.4923     580.7364     468.5067     413.7125     276.2032     235.9475     269.7942     303.6377     312.1667    1624.5394     670.9677    2847.4613     914.8189
     443    9413.7905     684.9191     423.2868     315.6983     298.2619     349.4288     275.7705     281.8317     467.5454    1879.4671     599.5676    2659.4092    1178.6041
     444    9625.3759     662.5116     385.5075     353.9315     441.5118     366.8100     301.7140     310.2259     300.6406    1622.8768     654.2037    3076.0030    1149.4395
     445    9459.7784     375.1904     327.2750     344.3595     313.7273     235.2933     242.2110     361.4466     342.4235    1672.5814     731.8810    3528.8594     984.5300
     446    8777.6751     556.9838     339.0041     236.7671     196.3891     176.2487     190.9118     332.9228     350.9275    1654.1598     540.8155    3317.4041     885.1410
     447    7421.7665     320.3004     205.3226     193.5794     220.0854     238.9026     208.6626     198.6274     235.7202    1413.4905     569.7611    2733.5188     883.7956
     448    7336.9057     340.0938     231.0210     214.8568     236.3339     276.4691     364.8420     350.2552     314.0944    1264.4798     448.4028    2691.8693     604.1877
     449    9440.1359     311.8696     202.0925     167.8431     197.5093     212.6951     209.8598     337.8741     527.6418    1691.4751     666.1841    4158.9052     756.1859
     450    8425.1775     326.8577     219.3723     240.9050     317.2811     402.6666     370.1837     454.4331     451.3293     915.5516     350.8226    3350.7395    1025.0352
     451    9570.0388     457.2473     628.5369     618.0174     566.7995     376.8403     332.8912     397.4061     562.6304    1454.4676     482.2781    2854.2822     838.6419
     452   10283.9297     723.2100     524.1840     431.6522     327.5375     271.9528     274.9983     278.0035     285.6656    1736.5366     497.4068    4222.2620     710.5204
     453    8986.3538     507.3441     511.4658     532.0892     458.5465     428.5511     456.0369     355.6711     527.9347    1111.9266     466.0936    2623.6232    1007.0709
     454    9706.3705     669.5400     611.7182     379.3343     283.2424     251.7399     206.4046     212.8543     298.7001    1453.3052     637.1933    3860.5965     841.7417
     455    7769.8631     363.1036     335.9188     468.5410     445.2764     309.7229     239.3239     248.2174     339.1910    1231.7518     539.1434    2528.0718     721.6010
     456    8852.7590     337.4568     215.7783     196.9818     261.4454     497.5116     436.5544     308.1266     329.8078    1393.6394     664.0405    3551.4161     660.0003
     457    7869.9226     460.2574     419.3270     329.9349     225.7404     234.0829     332.3805     352.6401     422.7258     936.0840     459.1581    3214.7173     482.8742
     458    7727.2554     455.3754     419.3686     303.3302     256.6209     277.0772     356.6728     315.8417     383.4354    1477.7011     564.3234    2064.4858     853.0230
     459    6567.5799     304.7122     196.8187     159.1163     157.1457     161.8632     165.7501     204.1061     361.2259    1173.1598     508.7504    2433.6133     741.3182
     460    9494.6808     400.2123     339.3554     338.0486     285.3160     250.7861     329.6416     358.3400     319.5962    1755.4927     710.6019    3409.5180     997.7720
     461    8746.6876     367.2256     394.1263     351.8892     348.3229     382.6446     281.7777     409.9470     487.4443    1528.1421     581.5813    2731.6075     881.9789
     462    7677.0144     353.8540     301.0222     249.8482     222.4976     215.6235     279.8466     282.2348     266.2284    1292.6653     408.8628    3006.7936     797.5374
     463    8878.3538     538.2224     349.8985     332.7265     398.0121     310.6492     244.6037     344.5172     565.4614    1194.2045     398.5571    3156.2925    1045.2088
     464    9216.0786     599.6204     574.9338     480.3906     342.4535     328.7098     312.6909     218.3237     234.4725    1146.9993     665.6655    3499.5457     812.2729
     465   10271.9368     647.4594     515.3030     728.1822     377.8202     296.1544     362.0445     501.8901     377.9961    1322.7603     614.4046    3772.7992     755.1227
     466    8302.8586     431.4958     279.8262     186.5638     180.4397     193.5628     355.3793     514.4170     571.4690    1168.6689     502.6374    3130.7668     787.6320
     467    5898.3147     390.4416     222.4863     203.3882     198.8971     197.4297     182.6875     187.1681     201.5904     892.9571     349.9047    2269.8181     601.5458
     468    7656.9561     522.5691     371.3050     260.8545     239.6781     209.9130     198.9625     250.7279     345.2400    1492.0229     562.2782    2234.7831     968.6219
     469    8702.1652     580.4304     525.8722     277.5155     241.4839     337.7712     380.9434     299.0590     297.8175    1335.2041     559.6596    2787.3721    1079.0363
     470    9023.2987     580.2963     359.7497     313.0697     404.2352     384.9604     302.1791     295.3252     350.2896    1664.6610     649.5639    2916.9601     802.0085
     471    8807.0856     453.5081     405.3011     436.2523     322.0472     355.8396     343.7918     329.2792     373.3141    1508.9390     513.0720    2706.0601    1059.6809
     472    7759.7231     433.5655     428.4425     276.1083     275.0506     307.5211     365.6256     316.6460     350.0833    1213.1544     657.0257    2477.2748     659.2254
     473    9331.4879     449.0482     659.6879     609.3026     348.1605     248.7010     320.7118     426.4233     410.5828    1272.4963     524.4370    3229.5329     832.4036
     474    6784.3449     542.9022     261.3997     223.4104     221.6331     230.5118     237.9048     221.5929     242.8775     943.5211     314.7444    2582.8394     761.0076
     475    9627.3783     710.5033     430.2760     336.3559     446.4235     449.4508     360.3118     292.1727     505.9050    1321.2002     437.3785    3324.7890    1012.6115
     476    7297.4448     741.1574     471.2299     350.9508     277.3007     278.0700     195.8013     190.8953     202.9024     989.5039     361.7382    2360.5974     877.2976
     477    8185.6221     871.3932     331.0685     237.3117     222.0077     219.2465     240.8662     253.2867     266.7034    1213.2696     412.8467    3140.9550     776.6669
     478    7449.4044     353.0115     230.5576     201.1346     213.4619     242.3428     242.8601     270.8950     277.3195    1102.1503     440.5093    3105.3082     769.8536
     479    8858.5143     555.3207     448.4396     431.0343     331.0399     349.8707     441.9798     401.2670     423.6042    1408.2579     607.5313    2404.1811    1055.9878
     480   10430.2126     484.2685     488.5951     334.5117     257.8864     237.8059     292.6878     348.5466     423.4918    1436.6085     711.6092    4427.6039     986.5973
     481    7654.9140     478.5244     412.9773     260.3515     250.1978     306.5750     347.1166     286.6646     277.3093     951.8309     526.4238    2874.3569     682.5860
     482   10053.4249    1179.9097     656.2105     457.4563     431.0627     395.9622     319.5074     259.9986     288.9430    1023.1522     494.6115    3419.9736    1126.6374
     483    6441.5430     304.8604     199.2653     185.8511     177.0825     202.4527     201.4343     201.4170     247.7618    1162.3738     483.8937    2389.0115     686.1390
     484    6840.4477     372.6919     244.6998     225.9416     223.8958     213.0076     255.1103     242.9765     250.1335     922.3331     349.3354    2780.6359     759.6863
     485    8584.7959     815.6689     562.1315     371.4408     300.2389     379.6032     406.1687     296.4609     268.3531     994.9180     351.4895    3148.6054     689.7171
     486    8801.5219     532.7698     331.2240     251.4984     307.5850     376.6931     294.9381     238.9882     285.6293    1988.6133     462.7325    2953.8792     776.9711
     487   10422.3628     385.3648     505.0059     429.8554     243.8151     311.0132     311.3312     277.7109     351.5200    1636.4705     646.0262    4477.7777     846.4718
     488    8320.5894     556.3217     507.7688     265.4745     213.8168     199.9958     183.9362     191.0094     231.0257    1634.2021     416.8310    3050.4008     869.8064
     489    8693.1949     417.9251     356.0728     341.9718     261.9147     227.4181     333.8462     473.7327     328.6802    1234.5674     541.0293    3185.1149     990.9217
     490    8448.0009     715.7879     391.4863     250.6354     200.5429     195.8459     231.3746     291.7691     293.1048    1688.1988     562.0701    2504.3776    1122.8076
     491    9511.0321     732.9214     357.0637     319.3078     423.2855     495.2675     628.6270     447.1347     310.1126    1314.1793     402.9583    3106.7412     973.4331
     492    7511.6537     413.5779     324.7319     304.4872     303.7934     290.0871     334.3795     381.9285     284.5501    1338.6020     544.1551    2142.3404     849.0207
     493   10773.4017     919.5852     800.9179     329.9665     259.3231     276.5856     326.5215     307.9642     364.8751    1735.9518     615.2845    3963.5278     872.8984
     494    6249.3095     423.3790     229.9771     188.8887     170.7250     174.5523     202.8687     237.8258     259.6939    1072.5499     444.0602    2284.2351     560.5537
     495    9485.5624     351.3242     325.1496     364.6451     335.3717     556.2352     603.8240     343.1260     429.8078    1285.9090     535.9981    3616.9389     737.2327
     496   10995.7672     496.7669     415.4213     420.8090     511.1517     365.5542     290.7385     393.1602     397.4728    1921.3271     586.5749    4466.1845     730.6062
     497    7491.6531     573.2606     382.2476     331.8457     256.9393     209.8375     199.0999     210.4656     255.4534    1060.3226     457.7103    2725.9216     828.5490
     498    6827.4832     311.3030     202.3408     175.3705     223.4967     294.0177     345.4173     324.7207     302.9298     815.1072     322.7027    2636.9455     873.1314
     499    8656.7443     455.3945     298.8008     312.2287     327.2882     254.9358     222.3965     327.2010     318.4003    1809.7108     493.0260    2943.4447     893.9172
     500    9651.8761     519.4140     517.2758     389.7044     297.0527     315.1844     337.2064     373.1120     333.2395    1116.3125     616.9014    3779.8655    1056.6075
