#Frame         global     SA_00002     SA_00003     SA_00004     SA_00005     SA_00006     SA_00007     SA_00008
       1    6105.1940     316.0004     217.1410     228.6686    1262.7426     390.5775    2980.3022     709.7617
       2    7172.1255     441.8743     353.9758     521.7824    1470.3934     455.8723    3183.5884     744.6388
       3    6688.6192     377.0891     288.3476     399.3172    1147.6220     443.8988    3262.2410     770.1035
       4    5564.6434     513.0663     378.7916     486.9616    1272.0062     491.2354    1833.9881     588.5942
       5    4959.4497     311.2613     252.1157     269.6837     959.4045     328.0294    2253.3143     585.6408
       6    6846.1781     556.0149     444.1899     386.7513    1170.6036     356.3871    3186.8173     745.4140
       7    5734.5485     378.9550     291.0341     266.0102    1008.6670     309.1704    2672.6766     808.0352
       8    6706.0904     358.9052     353.7975     488.3932    1465.5401     395.5148    2983.1587     660.7809
       9    5641.0354     566.9365     370.6437     301.1076     925.9159     469.0684    2396.8630     610.5003
      10    6865.4341     482.1608     388.2151     311.4754    1316.5664     347.2497    3237.4687     782.2979
      11    6054.0040     416.1500     245.5881     219.2942     948.8273     429.2328    3024.1706     770.7409
      12    6748.0606     566.7807     462.7759     301.4640     936.6633     516.0155    3141.9218     822.4394
      13    6615.3628     521.2778     346.6324     361.4716    1253.9939     512.4559    2963.0156     656.5156
      14    4583.9889     330.6785     289.0654     358.2701     930.9550     323.0085    1764.6540     587.3574
      15    8426.1415     861.2361     470.5862     371.7897    2122.7466     573.9227    3351.6670     674.1932
      16    4931.5188     301.4861     251.5122     253.1598     965.1434     375.6434    2262.9388     521.6352
      17    7488.7939     557.2976     368.8627     374.2125    1634.3849     432.9896    3368.8997     752.1468
      18    6772.6357     505.0053     286.3513     280.7827    1329.2520     420.2048    3152.1758     798.8638
      19    5187.3048     315.9672     250.6379     252.3431    1160.3255     379.8627    2251.2518     576.9166
      20    5945.1019     497.9229     323.7295     286.0560     839.3989     350.7938    2921.2273     725.9736
      21    7017.4387     555.5227     459.4294     347.7533    1007.4425     365.8235    3507.7459     773.7214
      22    6652.8212     324.9861     277.5986     326.3247    1575.5025     465.3848    2934.6474     748.3772
      23    6772.8049     541.9311     344.6631     318.0462    1225.7432     431.1207    3195.2701     716.0306
      24    5537.7979     427.2750     233.9693     234.3776     892.6189     309.4608    2717.3465     722.7498
      25    6637.6778     546.3326     272.3752     246.8641     920.7490     470.6376    3351.9275     828.7917
      26    7276.3563     523.3394     437.9411     501.1318    1679.1104     589.1031    2959.0719     586.6586
      27    5112.6861     333.0944     223.6250     224.6041     912.4500     327.1431    2387.6106     704.1588
      28    6029.0092     433.7049     272.7957     287.9911    1147.2820     416.4778    2738.6999     732.0578
      29    7230.1117     685.3548     426.7017     474.1403    1664.0200     388.4300    2689.2635     902.2014
      30    8012.7103     483.5160     366.8458     378.3725    1809.1931     569.5874    3678.0998     727.0957
      31    5028.2939     305.8870     206.4991     211.9634     899.5965     316.3558    2350.4571     737.5350
      32    7007.7375     333.1650     238.3569     234.9901    1430.3467     481.4024    3433.6327     855.8435
      33    6082.2063     459.9351     281.9018     281.0517    1392.3550     370.8081    2635.5635     660.5912
      34    5976.2607     357.0283     324.4174     374.9499    1004.2449     324.2112    2827.5805     763.8284
      35    7328.7991     510.2394     353.0782     344.0596    1644.1859     583.7695    3186.2643     707.2022
      36    8066.1987    1043.9925     502.2951     373.3126    1253.7194     478.9832    3655.7267     758.1692
      37    7255.6972     738.1011     478.8684     311.9494    1550.3854     578.7236    2863.1029     734.5664
      38    6992.6325     624.8269     612.9413     418.3638    1803.0359     568.2236    1906.7475    1058.4934
      39    7172.0102     621.3782     690.9062     546.1286     955.0767     502.4145    3021.0409     835.0651
      40    6564.9593     455.0344     403.9769     322.4260    1481.3507     457.5322    2975.4623     469.1768
      41    7687.9148     870.7255     520.6970     598.2895    1642.5126     429.7089    2599.6737    1026.3077
      42    5453.5271     308.6376     208.4463     237.6548     970.7672     346.4800    2615.1379     766.4032
      43    5467.2656     324.9777     230.7449     271.6735    1072.0417     423.5215    2532.4946     611.8117
      44    5539.7091     379.7962     321.2584     319.6341    1140.7848     314.9812    2400.6227     662.6318
      45    6471.9532     682.2948     343.4884     290.2029    1420.7662     456.8375    2554.5439     723.8196
      46    6553.3369     579.7247     427.1867     308.7502    1599.3089     497.1850    2419.7938     721.3876
      47    5282.0520     312.8384     219.1096     258.5323     824.1404     297.4704    2580.3995     789.5613
      48    6374.7553     492.9385     301.9176     250.7052    1278.7814     422.5499    3031.8363     596.0264
      49    5000.2163     421.6950     349.1377     298.0544     939.5039     407.3220    2107.4100     477.0933
      50    6317.9571     820.8237     325.2255     291.7608    1135.4812     436.5981    2614.4159     693.6520
      51    6332.5138     365.4991     248.8491     382.0007    1018.3547     405.9100    3181.5378     730.3622
      52    5907.4269     418.1479     337.7426     340.9738    1188.8983     359.7996    2552.6500     709.2147
      53    6601.7213     423.6902     363.1497     301.3130    1343.1546     399.2679    2861.3770     909.7690
      54    6670.5213     445.7441     441.3654     426.8152    1270.0962     518.2098    2894.8988     673.3918
      55    7213.2239     452.0996     405.4276     351.1022    1291.2895     372.0081    3502.8877     838.4093
      56    7304.1097     542.1411     331.2097     361.9385    1655.6440     538.7741    3289.4283     584.9740
      57    7262.7450     350.7980     250.5229     285.4634    1377.9069     411.6906    3727.1644     859.1988
      58    5661.4726     382.3720     271.6523     288.9170    1496.7775     487.7672    1923.1903     810.7962
      59    6677.4035     474.5985     298.2682     347.2034    1805.0055     597.7128    2367.1150     787.5000
      60    6554.9696     382.9683     290.6303     364.5793    1252.6293     568.3933    2774.5060     921.2632
      61    6436.0771     594.4525     393.9123     338.3542    1084.8884     567.0166    2757.3560     700.0971
      62    7292.9242     711.7148     504.5590     418.3885    1214.9778     521.1726    3198.2871     723.8243
      63    5611.4173     514.3949     266.1564     272.0142    1212.5259     383.2303    2299.0729     664.0227
      64    6904.5130     677.0623     480.6002     437.0822    1545.2341     651.3416    2163.3814     949.8112
      65    7073.3377     463.0067     540.1767     329.9412    1111.4198     415.0267    3313.4480     900.3186
      66    7083.7245     515.0371     571.6120     566.6421    1073.2206     465.3778    3107.6135     784.2214
      67    7843.0814     674.2021     542.7198     492.5179    1417.9874     726.0133    3003.7209     985.9200
      68    7445.4372     398.3580     344.4056     427.1841    1828.9943     508.5520    2888.1865    1049.7568
      69    6079.4279     378.6839     391.8799     440.6279    1102.0205     497.6727    2316.1342     952.4088
      70    6950.8994     480.3741     303.9460     273.1595    1624.2802     547.4720    2993.7282     727.9394
      71    7073.6577     310.3962     204.9157     215.8495    1612.4656     491.7948    3388.5394     849.6966
      72    7561.7447     601.6645     380.5745     340.0854    1767.5686     650.2566    2827.3684     994.2267
      73    6191.2549     438.8674     316.3075     286.6170    1329.0674     423.6748    2696.9644     699.7564
      74    6148.7362     388.9446     292.9086     273.2599    1238.7534     327.7813    2813.6593     813.4291
      75    6279.2312     666.0730     387.2973     304.0693     910.6349     463.1351    2825.5121     722.5094
      76    7515.6687     524.2191     307.9846     269.0635    1413.2487     492.1569    3699.4846     809.5113
      77    5089.0890     305.2521     246.1328     254.3502     858.9659     318.0319    2387.3217     719.0343
      78    7473.5378     400.5149     566.8741     423.9012    1405.0949     505.1102    3312.1898     859.8527
      79    7318.5397     475.2135     511.3184     739.7576    1253.1549     536.7933    3016.8928     785.4092
      80    6214.3138     459.3586     387.4485     342.8146    1129.4992     510.0860    2533.0005     852.1064
      81    6964.7212     619.9179     258.5296     236.6468    1394.8641     616.8883    2939.7328     898.1417
      82    6832.7605     609.0079     312.1646     315.8141    1438.6522     377.0151    3021.9867     758.1200
      83    7029.9725     474.8502     320.4703     272.1564    1554.7998     577.2446    2916.5682     913.8828
      84    6172.7050     447.4139     530.3500     361.8328    1485.2870     463.4947    2048.6489     835.6777
      85    6835.9644     432.1816     314.3100     309.6498    1404.4157     573.3473    3197.5628     604.4972
      86    5899.1711     468.4101     332.6403     304.9126     961.6080     496.4391    2716.2106     618.9502
      87    7129.9575    1073.6882     396.5335     338.4803    1860.9329     475.2960    2156.3921     828.6346
      88    5057.6133     356.9968     229.0620     230.2987     931.3211     346.5500    2303.1551     660.2297
      89    5620.6232     323.6582     290.3990     360.0350    1042.0191     416.7926    2631.9248     555.7944
      90    7557.7940     821.3085     664.1358     514.1235    1630.7226     588.7422    2426.8448     911.9166
      91    7247.6222     794.9341     493.2257     320.7139    1740.4324     591.2145    2731.1436     575.9581
      92    9274.1075     662.1043     675.0696     761.1698    1978.7736     798.0427    3391.5595    1007.3880
      93    5715.2934     329.8076     293.1346     326.8991    1057.0802     564.6034    2419.2976     724.4711
      94    6487.4744     513.8531     471.6334     412.5758    1267.4124     461.3369    2724.7073     635.9554
      95    6786.3380     444.1323     415.6035     439.9522    1654.7844     483.5024    2882.0264     466.3369
      96    6280.7836     661.1530     464.7134     416.8815    1421.5896     500.1299    2206.0593     610.2569
      97    6283.7610     538.1075     473.0537     516.9602    1372.1979     464.4203    2091.9520     827.0696
      98    4999.5682     326.7020     221.6827     230.7936    1209.1920     311.9138    2226.9884     472.2958
      99    6210.2469     426.5327     499.1769     445.2901    1125.2674     570.4253    2341.0480     802.5065
     100    8474.6662     709.4147     699.5356     338.3309    1580.1142     524.8841    3698.0912     924.2955
     101    6536.7363     538.9870     327.9364     399.1329    1416.5982     596.3736    2429.8435     827.8648
     102    7706.2481     438.6354     618.2031     497.8962    1427.7975     737.9616    3063.8660     921.8883
     103    7101.7468     829.9613     349.1057     312.3792    1549.3162     585.8153    2507.8663     967.3027
     104    7641.2061     969.3604     411.0485     334.5173    1308.9582     476.1508    3304.2439     836.9270
     105    7004.9170     654.6257     405.1487     445.3540    1246.7683     549.1484    2645.2709    1058.6010
     106    5952.7388     507.3174     297.7191     295.0773    1578.6914     480.7450    2009.5498     783.6388
     107    6389.1632     393.0383     216.3243     207.7978    1006.8183     463.0798    3274.7316     827.3731
     108    6941.3378     308.5992     208.4250     212.7102    1567.4808     483.6156    3329.8713     830.6358
     109    7420.4891     705.5937     385.4285     394.8008    1671.1385     512.2953    2819.6898     931.5425
     110    4759.2525     318.6029     243.8417     245.4641     909.4822     414.6762    2043.4417     583.7437
     111    7862.4666     711.9428     489.9157     366.8060    1551.8069     618.8620    3331.1081     792.0251
     112    6121.9936     443.0624     298.7872     283.2751    1334.4151     535.0131    2352.4668     874.9738
     113    7501.3167     436.5495     310.0407     368.8438    1514.0016     431.7197    3678.9497     761.2118
     114    6779.4864     828.5018     382.2672     351.5211    1395.2814     527.2424    2428.5536     866.1189
     115    5937.0554     641.2918     443.9705     332.7339     866.3309     439.3305    2534.5429     678.8548
     116    7004.3583     513.8055     430.8887     427.1795    1582.9142     491.4276    3076.7259     481.4169
     117    6819.1070     548.5352     471.7474     519.3138    1156.1844     586.0344    2784.1866     753.1052
     118    5428.0779     312.4860     210.0584     209.0436    1292.3289     473.1556    2158.2411     772.7644
     119    4641.6109     318.5414     207.1923     205.1831     997.0810     361.8992    2012.3976     539.3162
     120    6015.1171     388.8927     367.0453     385.5264    1374.0925     541.7242    2120.6240     837.2121
     121    7476.0316     382.8112     354.2412     503.5878    1792.1033     566.3723    3022.3521     854.5638
     122    7088.9136     386.5744     342.5941     333.1052    1632.7207     551.9073    3063.4770     778.5348
     123    7710.2901     411.6895     340.9629     336.1398    1838.1941     692.6330    3308.4695     782.2012
     124    6948.2795     610.7515     341.0718     304.4299    1648.3393     588.4374    2761.7800     693.4697
     125    7492.1554     646.9031     498.9807     369.2314    1600.4368     617.7896    2707.5034    1051.3103
     126    7335.2881     629.9742     553.8222     311.9646    1501.4790     574.3441    2987.6061     776.0978
     127    7880.9308     481.3344     398.2532     395.9098    2008.7880     508.2471    3298.1671     790.2313
     128    7545.5081     576.7683     371.1524     377.1459    1855.6486     541.1468    3200.7979     622.8481
     129    5744.9596     518.3318     286.4957     274.2734    1059.5085     347.7629    2523.2203     735.3671
     130    5945.4188     528.9386     448.0458     339.1420     817.9356     362.3523    2768.5954     680.4092
     131    6726.8862     395.6393     375.2948     483.6095    1599.4094     459.9374    2429.1560     983.8399
     132    7002.6433     447.5225     362.0036     313.0919    1523.6080     571.2385    3062.2371     722.9415
     133    6452.3403     560.5917     462.0171     399.2135    1609.9255     478.6006    2280.6250     661.3670
     134    7113.8590     385.6543     393.4407     356.9364    1481.0413     521.3083    3217.5203     757.9577
     135    6467.3303     463.0002     381.8009     344.7067    1607.2619     457.4684    2280.1432     932.9490
     136    7389.0434     387.4246     369.9324     287.1885    1686.5693     468.5456    3389.7042     799.6786
     137    6847.9426     437.6793     339.7320     328.1454    1637.3635     650.8644    2947.8170     506.3409
     138    7291.0993     370.9179     346.6328     505.6670    1640.2463     655.5602    2911.5944     860.4808
     139    5813.7211     314.6371     209.1094     260.8765    1415.4086     551.7178    2250.2288     811.7429
     140    7650.0096     497.7603     348.3905     351.2740    1613.4119     589.2576    3217.6100    1032.3053
     141    6123.1397     390.7875     332.9139     450.0213    1186.9434     506.5068    2442.3009     813.6658
     142    5963.9516     383.7620     279.3805     297.0407    1509.8087     436.5561    2294.4165     762.9870
     143    8016.0957     385.2648     324.8272     375.9441    1793.6068     544.5634    3843.0076     748.8819
     144    5178.8743     319.4150     249.7822     262.1394     997.6887     409.6709    2391.6422     548.5359
     145    6470.3787     407.0243     474.4653     588.4685    1479.4986     497.2053    2296.8417     726.8751
     146    8974.6537     379.0185     408.2567     487.1195    2146.1636     472.2712    4257.4719     824.3523
     147    6415.7376     344.8718     244.4848     353.2428    1286.0126     531.9553    3092.8659     562.3043
     148    6509.2902     403.3298     360.2233     300.8330    1259.6403     551.2192    2901.4226     732.6220
     149    7006.9840     562.2373     468.0859     404.7528    1598.0238     696.4731    2389.9436     887.4675
     150    5776.6921     535.5893     313.2783     275.8867     885.2552     351.9191    2734.0954     680.6682
     151    7051.9121     619.9684     336.4074     311.0190    1519.4354     462.5739    3052.9396     749.5685
     152    8388.0397     797.9798     548.3143     509.8631    1666.3195     554.1485    3208.0957    1103.3188
     153    7121.3900     773.1530     637.5440     326.8466    1281.9217     543.9288    2634.8522     923.1438
     154    5327.3744     431.8376     317.8959     319.5325    1228.6026     400.0202    1991.9938     637.4918
     155    7576.2961     685.3655     515.0355     681.9583    1284.6779     486.1947    3134.5209     788.5432
     156    5815.9912     416.6445     335.6280     357.6336    1561.0332     457.0727    2189.3807     498.5985
     157    6396.7815     695.9760     260.0351     247.1841    1198.5305     502.5875    2837.6040     654.8643
     158    6939.1133     542.5121     683.5772     613.8702    1243.8147     486.2942    2713.5735     655.4714
     159    6320.3373     336.1661     227.2017     284.1948    1420.6658     568.8698    2847.1861     636.0530
     160    7438.4806    1095.1759     500.1865     388.4354    1591.9015     618.0067    2432.3576     812.4170
     161    6433.0822     790.1175     323.7071     278.9979    1005.4572     382.3597    2841.6304     810.8125
     162    7192.0908     774.2986     359.0838     354.7628    1256.9344     425.1043    3288.6133     733.2935
     163    6323.6209     772.5049     335.2993     267.0652    1074.1200     503.4071    2812.8280     558.3964
     164    7497.2532     729.9668     531.2015     345.1501    1348.1281     704.2359    2954.2811     884.2897
     165    7144.9328     757.5872     452.0766     337.1580    1414.7846     703.8290    2700.8234     778.6739
     166    7004.4758     469.5633     336.2900     370.7009    1340.2100     519.5747    3021.3520     946.7849
     167    6794.5816     309.3393     261.7571     402.0422    1733.7473     401.9122    3164.9031     520.8804
     168    5684.5170     463.6042     366.1280     364.5056    1210.5717     435.2645    2230.7860     613.6569
     169    5824.2856     419.4247     267.9378     248.2418    1110.5859     420.7364    2748.1042     609.2548
     170    6518.1777     371.6136     319.9824     284.9221    1580.6795     590.9324    2466.4908     903.5570
     171    6532.1583     555.2324     421.2529     489.1348    1634.7695     478.4708    2040.1458     913.1521
     172    7364.7154     612.1711     499.8348     496.4887    1058.2880     449.0326    3191.4619    1057.4383
     173    8120.8581     393.3637     613.9764     717.0226    1569.3946     625.8473    3355.3662     845.8871
     174    6570.9949     917.2847     319.4488     296.9326    1337.5727     416.5400    2573.7367     709.4795
     175    6874.7166     639.7328     344.6332     327.7486    1740.3005     619.3140    2321.9455     881.0420
     176    6656.5748     453.0852     424.1737     574.7726    1270.9525     543.4902    2744.3173     645.7832
     177    8699.9780     601.5130     434.9321     368.4667    1748.0875     797.8220    3746.5718    1002.5850
     178    5788.1859     345.1986     248.2110     354.6182    1318.0434     445.7213    2358.9697     717.4236
     179    6436.9474     509.8117     378.2557     360.6632    1402.0227     523.4424    2460.5304     802.2213
     180    5509.8769     330.8650     259.0551     370.1457    1271.3715     481.2514    2101.8471     695.3411
     181    7970.9583     422.6153     360.2245     436.0981    1988.4263     616.9019    3360.7942     785.8981
     182    6215.3558     467.8685     339.3078     496.9454    1190.8827     545.2923    2336.9125     838.1467
     183    6505.9540     426.4562     283.3081     277.4996    1375.0441     434.5968    2912.5179     796.5314
     184    8010.4169     552.9260     587.3170     718.3718    1865.5746     502.1004    2659.9103    1124.2167
     185    8029.3066     464.1190     414.9398     431.9241    1981.1623     502.7433    3502.1445     732.2736
     186    6201.2038     605.7926     426.2318     328.8242     978.7719     364.3749    2762.8765     734.3320
     187    8481.8366     646.0933     700.9120     384.1816    1876.8711     691.6038    3281.8655     900.3094
     188    5546.0823     459.8721     304.8894     277.8333    1381.7916     456.2180    1893.2998     772.1781
     189    6776.0969     469.3765     484.9059     702.1752    1126.5465     534.0345    2655.6333     803.4250
     190    7371.8021     669.2295     329.0059     409.3805    1196.8826     623.7124    3203.0278     940.5634
     191    7456.9177     748.8083     540.0609     570.3731    1571.0030     653.4362    2542.3625     830.8737
     192    5209.4147     420.1091     248.6433     289.4348    1055.9784     397.2351    2302.7686     495.2453
     193    7753.9113     579.6629     302.5437     305.9649    1731.0823     540.8067    3552.2749     741.5759
     194    7755.4012     684.6189     555.9746     419.0820    1417.6305     576.0417    3253.9726     848.0808
     195    7230.3530     722.4080     420.5423     361.4011    1536.0786     565.4318    2756.5270     867.9642
     196    6916.4586     380.6202     382.9456     591.7802    1450.9348     538.5573    2672.0987     899.5218
     197    6760.6609     327.0590     219.1498     240.7727    1638.8145     627.8937    2708.2538     998.7173
     198    7640.9344     366.2897     322.9179     299.1609    1879.2371     604.4248    3237.2301     931.6738
     199    5765.7151     378.4057     255.5976     279.4649    1321.6211     531.0554    2215.8346     783.7358
     200    4800.7236     344.9675     259.5447     259.8793    1174.3786     353.4155    1805.3847     603.1533
     201    6472.7032     614.7777     322.0749     276.5065    1201.2238     431.8705    2904.5289     721.7209
     202    6695.3058     309.2624     310.0459     325.0006    1306.1996     591.6990    3156.0944     697.0040
     203    7791.6639     508.8580     413.1135     325.8627    2011.2652     621.5326    3360.8510     550.1808
     204    7816.2605     779.3459     427.8854     392.2919    1711.0194     521.2742    2868.5374    1115.9062
     205    7470.2249    1089.8915     531.4200     333.8778    1291.2497     584.4671    2843.8607     795.4581
     206    6845.1859     898.7854     392.8998     375.2543    1255.5781     559.0666    2577.6887     785.9132
     207    6110.9119     755.5772     431.6717     289.2816    1075.3444     398.8066    2359.6270     800.6035
     208    5663.8661     489.7976     255.7517     271.9080    1023.4981     394.4915    2549.9665     678.4528
     209    6891.7306     411.1820     331.9860     389.1895    1428.3917     408.1035    3294.5634     628.3145
     210    7148.7956     356.2238     250.1613     242.5437    1598.2794     705.1162    3183.8679     812.6034
     211    5657.3609     310.2985     249.1373     361.0230    1188.0483     455.1095    2381.2773     712.4670
     212    5775.8548     311.8022     258.6923     352.6967    1334.2624     552.7719    2122.8731     842.7562
     213    6531.9896     358.0592     278.2073     273.7279    1482.6217     548.4356    2704.1662     886.7716
     214    6206.8278     631.9739     451.6843     434.6444     823.2858     335.5467    2583.5168     946.1759
     215    6994.0247     837.7035     536.1345     430.9172    1134.9073     453.7817    2850.4148     750.1657
     216    6890.0851     583.4406     305.1567     262.2145    1241.9591     379.0294    3300.9374     817.3474
     217    5867.9702     325.3512     254.7865     255.4576    1249.9881     458.4232    2638.6086     685.3551
     218    6608.4010     773.0103     393.7540     304.9770    1239.5410     502.6460    2750.7487     643.7239
     219    5220.2845     323.8365     242.3021     258.3798     972.4779     318.1176    2404.4377     700.7329
     220    5445.7885     340.7059     251.1305     229.7277     851.2354     316.1652    2666.6942     790.1296
     221    7888.8472     459.9968     443.7098     458.2297    1898.0834     509.6590    3497.4960     621.6725
     222    5369.7391     334.9780     263.0959     326.7600     950.2555     489.0471    2329.9148     675.6877
     223    5556.5477     514.2091     495.4639     431.0715     865.9462     344.5075    2311.7620     593.5874
     224    6970.9853     608.5193     494.7625     642.5775    1381.0561     417.6584    2662.3716     764.0398
     225    6987.7386     474.5883     449.6800     686.8924    1382.4500     489.4097    2634.4273     870.2910
     226    5677.4595     337.9049     252.6037     271.2150    1140.6626     499.2691    2419.6639     756.1403
     227    7893.8518     914.4849     465.4189     475.4186    1161.2242     622.3358    3261.7238     993.2456
     228    7471.6170     342.1577     320.1338     354.9988    1916.9160     564.5976    3169.2062     803.6069
     229    6554.9301     529.3249     448.6989     499.6246    1173.2659     427.5990    2667.4915     808.9252
     230    4757.8355     472.6669     299.2704     303.7928     934.6764     395.5357    1828.2354     523.6579
     231    6275.6146     322.5699     223.5076     263.1983    1396.9872     351.5184    2994.1910     723.6423
     232    6312.9356     420.2123     528.7695     348.5473    1611.1440     507.7040    2290.3363     606.2222
     233    6617.7058     307.4441     215.8679     240.4017    1339.8505     454.0678    3226.0888     833.9848
     234    7438.7010     519.2362     625.2643     575.9030    1619.0128     465.8983    2608.9983    1024.3881
     235    6948.9461     566.9235     494.4161     432.9516    1696.6565     497.4235    2317.7440     942.8308
     236    5644.8718     638.5370     437.3569     411.9118     917.6812     450.3451    2068.5482     720.4914
     237    6186.2879     390.3949     322.6467     330.3406    1509.7216     486.8441    2284.6512     861.6887
     238    7169.7911     537.4173     480.1727     404.4943    1925.9088     586.4937    2442.9198     792.3845
     239    7364.5560     673.8209     323.5911     334.4739    1710.8634     729.4233    2729.5417     862.8416
     240    6307.8034     739.8341     598.4097     471.1347     992.7123     526.3118    2270.7337     708.6671
     241    6588.1790     336.8181     329.4146     474.0409    1154.3659     570.5357    2852.0608     870.9429
     242    7413.4457     672.6444     688.5851     546.2805    1491.5153     570.9212    2562.5553     880.9439
     243    6098.4281     370.6585     277.8548     269.6309    1528.8571     434.4044    2618.2348     598.7877
     244    6985.7174     397.5206     432.4692     633.7637    1266.2995     658.9798    2780.2210     816.4637
     245    6687.6212     526.6523     373.5552     360.4535    1902.2689     549.5830    2133.2821     841.8263
     246    6212.4250     504.8498     398.8502     487.0323    1144.8051     540.9514    2414.9207     721.0156
     247    6860.9613    1063.3951     538.3029     409.9001    1398.3388     531.2255    2132.2628     787.5362
     248    5734.5582     338.2709     266.4181     258.0530    1426.9829     477.0195    2250.5824     717.2314
     249    6078.2875     409.3881     316.2703     368.3923    1501.6487     438.0865    2535.2028     509.2988
     250    5372.9458     338.7751     258.4531     250.1328     959.6566     374.3340    2546.3980     645.1962
     251    7658.2203     626.3984     371.7964     367.6475    1621.6959     454.5996    3511.5188     704.5636
     252    7565.9160     585.7141     571.4814     296.6695    1540.6899     639.3237    3225.7066     706.3308
     253    5786.4013     458.5860     369.4530     346.8550     915.7695     400.5607    2559.7895     735.3877
     254    6659.1695     452.5677     442.2130     383.9168    1721.4426     602.8180    2574.7227     481.4888
     255    6677.2275     599.6253     422.3022     519.2652    1301.5484     422.0252    2689.6057     722.8556
     256    6345.8975     832.5958     436.8426     339.8834    1217.6856     554.0818    2133.9371     830.8713
     257    6559.5235     319.0710     206.9863     305.0050    1471.4506     556.9764    2752.3314     947.7030
     258    5565.6850     350.7750     262.6931     279.5965    1299.8132     456.6943    2386.9204     529.1927
     259    6738.7378     658.3387     340.0423     400.3473    1407.2700     576.4949    2551.7640     804.4806
     260    7135.6513     710.5295     586.4163     366.6570    1166.0659     475.3072    3279.8421     550.8333
     261    6286.4759     436.0858     396.4868     423.8747    1419.0613     489.7754    2232.8857     888.3061
     262    6097.2302     380.7546     376.4317     348.6652    1195.4542     566.9199    2461.8176     767.1870
     263    5609.2585     335.9712     235.4980     348.4733    1021.8171     407.7153    2680.3008     579.4828
     264    5478.0051     606.1256     394.6667     384.7650     985.8173     332.8055    2048.1603     725.6647
     265    5641.3363     308.1943     200.4779     231.0371     936.5067     385.4320    2803.5069     776.1814
     266    6049.2630     320.2639     201.9976     222.7699    1513.2188     417.6519    2691.5758     681.7850
     267    7588.9909     540.0020     373.9461     380.0783    1885.8296     511.8689    3194.8681     702.3978
     268    6325.5839     706.2403     373.8029     389.9685    1265.6404     383.1189    2570.5505     636.2625
     269    5194.1972     309.4658     209.3744     210.6522    1249.5890     465.9581    2254.8925     494.2652
     270    6378.0830     467.3003     310.2898     284.4167    1216.0143     580.0829    2744.1976     775.7814
     271    6642.6426     398.6102     477.7540     469.8453    1083.7467     489.4301    3008.2763     714.9800
     272    8127.0206     581.5671     403.2799     362.2887    1988.1789     714.9511    3226.2335     850.5215
     273    5572.6048     448.6295     347.9848     348.8153    1275.7882     363.5330    2319.5209     468.3331
     274    4487.3715     328.4919     239.8900     283.2161     956.4839     327.6511    1879.8230     471.8155
     275    6602.5909     796.1144     370.3148     379.3388    1522.6661     460.7638    2588.5735     484.8195
     276    7470.4759     500.1082     441.8347     358.1678    1778.8613     634.1434    2773.1948     984.1658
     277    8855.5583     427.3448     395.3802     480.6946    1984.1621     556.5287    4108.5083     902.9396
     278    7887.7668     767.6005     695.2146     519.3556    1157.7224     513.6338    3399.6962     834.5437
     279    7981.1580     731.7786     515.1821     378.1938    1305.0822     576.6200    3625.3817     848.9196
     280    5675.9061     322.7496     209.7486     214.8857     968.3033     382.0301    2812.4194     765.7693
     281    8946.1113     665.2380     804.4341     679.1485    1539.0193     601.0201    3779.8902     877.3611
     282    6680.4404     480.9067     340.9334     359.2299    1461.5904     632.5217    2511.0532     894.2051
     283    6983.9169     793.5096     616.3836     422.2195    1332.9465     550.1291    2562.2114     706.5173
     284    6687.1331     433.9376     358.5580     386.3607    1616.1043     479.3753    2864.4213     548.3760
     285    8599.4045     649.9698     540.3717     800.4225    1629.7514     501.0843    3458.3478    1019.4571
     286    6554.6397     620.0284     320.3072     291.2977    1283.2558     389.4934    2925.2854     724.9718
     287    6444.5122     309.9395     206.0487     208.4578    1202.8290     467.0267    3285.2489     764.9616
     288    4667.3682     323.3698     204.1642     191.2469     908.1224     457.2070    1874.1055     709.1523
     289    6772.0654     545.4315     590.8364     339.2550     985.0325     545.8834    2932.8383     832.7881
     290    6838.6908     824.5570     495.8299     523.4610    1124.2719     525.3770    2523.8587     821.3352
     291    6348.7467     306.4154     205.5865     205.2856    1391.8758     575.7541    2746.3902     917.4392
     292    6812.2807     440.0934     409.9517     446.9304    1624.7338     547.9967    2469.6759     872.8988
     293    6432.2560     375.0720     357.8460     433.4179    1309.5031     584.6852    2857.6004     514.1313
     294    8351.2826     496.8193     533.4911     737.9228    2002.2766     770.8946    2876.5139     933.3642
     295    6547.6762     372.4165     321.3426     358.7758    1242.2427     391.8663    3066.1222     794.9101
     296    5019.0403     305.4368     198.2469     199.4013     903.4581     427.1849    2363.2598     622.0525
     297    7431.8880     835.5513     621.5213     441.8077    1423.0653     605.4221    2643.5789     860.9413
     298    5948.5349     479.2533     343.9728     324.1796    1334.0730     471.5382    2413.7434     581.7746
     299    6292.4529     588.5997     435.2361     544.1677    1153.1494     469.5958    2456.7998     644.9043
     300    5782.7108     315.2958     243.8391     283.2828    1238.4464     487.7499    2469.5498     744.5470
     301    5767.0883     359.5916     329.0478     338.5080    1410.6045     454.6706    2169.7898     704.8760
     302    8093.9691     491.5809     615.5311     443.5562    1738.8524     533.1870    3550.6049     720.6566
     303    5686.1406     406.6981     332.1666     378.7639    1139.3847     337.2304    2500.5604     591.3364
     304    7438.7464     651.2976     436.2612     352.9849    1718.9632     441.5649    3255.7089     581.9656
     305    7767.1985     639.6295     487.4142     716.8011    1409.5290     488.5633    3346.8950     678.3663
     306    6652.3888     470.8162     358.3541     414.9573    1063.2859     340.7095    3233.0187     771.2471
     307    6463.2746     443.0282     334.0025     319.7758    1502.6235     404.0324    2707.4374     752.3749
     308    7835.3551     884.5314     452.0064     363.1525    1361.2276     510.1442    3485.4884     778.8046
     309    6536.6476     721.4024     387.3909     333.4906    1281.9511     372.4264    2688.0522     751.9340
     310    6138.9280     318.5103     254.1700     299.0398    1188.8189     410.0864    2944.8910     723.4116
     311    6481.1593     634.6526     475.5699     373.5053    1497.8383     390.8926    2388.4119     720.2887
     312    6729.1137     356.2704     351.0601     356.8179    1509.2707     394.7274    3060.7435     700.2237
     313    7861.3423     623.3841     277.0313     265.9828    1673.2533     504.2204    3585.4976     931.9728
     314    7517.4128     604.7680     420.5768     478.2650    1631.2094     492.8560    3188.7670     700.9705
     315    5209.7454     323.9264     248.0278     248.0097    1199.1375     390.3237    2228.3985     571.9218
     316    8762.4829     469.4593     422.4912     440.2009    1704.2902     466.3915    4285.4618     974.1881
     317    6140.1904     316.9504     265.7587     371.8685    1689.8782     531.5273    2002.7004     961.5069
     318    7921.4676     695.7435     379.8117     329.4519    1828.0483     675.6021    2922.3728    1090.4373
     319    6595.0991     574.2606     363.5087     296.5755    1356.5137     398.2665    2952.3087     653.6655
     320    6246.9079     471.9938     260.2663     313.9151    1141.3874     544.6006    2711.2662     803.4785
     321    6336.7572     417.9890     327.2684     442.9723    1595.3464     520.7645    2136.0641     896.3524
     322    6407.4605     927.6102     382.2440     392.2202    1321.5872     475.6769    2154.9742     753.1477
     323    6533.5801     494.3996     448.0856     324.2181    1320.6235     552.1281    2596.5586     797.5665
     324    6456.5610     887.6672     512.8713     409.1575    1299.6671     490.6933    2054.2757     802.2288
     325    6303.4808     516.2439     320.7717     332.8836    1239.8151     502.1412    2622.2617     769.3636
     326    5395.0225     322.5429     305.4722     327.7647    1265.2487     430.4063    2114.1528     629.4348
     327    6237.6578     520.1389     279.0367     257.4605    1063.0782     425.1593    2927.0992     765.6850
     328    6437.8532     656.2456     396.2475     351.0679    1677.9618     368.0850    2375.6214     612.6239
     329    5641.8080     391.7051     407.4143     354.6974    1264.5230     459.5159    2113.2282     650.7242
     330    7750.3132     388.4234     365.6725     420.7116    2046.8197     577.1702    3106.5573     844.9585
     331    7498.2812     572.5737     293.1187     293.9717    1527.1128     632.0639    3117.7119    1061.7285
     332    8213.9740    1075.8410     640.5975     447.3588    1629.9077     687.0784    2760.9499     972.2407
     333    8455.1912     635.2828     595.1850     556.5599    1598.3669     780.6729    3090.7067    1198.4168
     334    7423.6846     379.0858     316.8191     348.6518    1937.8071     693.7069    2783.4745     964.1394
     335    6074.8363     582.0047     552.0884     406.9902    1148.6821     484.5868    2204.8360     695.6481
     336    6099.5713     463.1210     338.6411     356.3621    1246.6353     458.8892    2638.4941     597.4285
     337   10035.2122     682.3658     552.4117     418.6798    2239.0366     524.6138    4665.3355     952.7690
     338    5242.5622     309.3426     216.5944     256.1454     912.4113     464.5314    2471.6985     611.8386
     339    7469.3665     368.6398     469.9503     667.1309    1745.8271     755.6775    2637.6136     824.5274
     340    6019.2843     497.0709     315.0154     357.0443    1087.2040     457.2051    2776.1742     529.5703
     341    5840.0528     316.1296     304.3430     393.2949    1096.3762     337.4673    2638.2684     754.1734
     342    7427.7596     408.7841     401.2817     531.8184    1822.1613     616.0532    2816.0914     831.5694
     343    6130.8206     466.8529     303.8755     348.4959    1199.2727     446.9989    2624.6185     740.7062
     344    6404.6323     441.4234     379.5893     353.3493    1563.2631     443.9503    2625.1634     597.8935
     345    5991.2199     602.1361     346.1075     333.8708    1155.5998     318.5337    2462.8507     772.1213
     346    6060.3153     379.3078     313.2039     367.0582    1780.6929     508.3743    1976.8380     734.8402
     347    7538.9509     984.0501     493.8331     378.1733    1559.9107     623.1272    2703.4937     796.3628
     348    6468.3594     330.4069     292.4378     471.5820    1429.7317     562.6736    2574.9838     806.5437
     349    8319.8018     812.7368     366.5861     324.6136    1709.0250     611.4423    3327.7815    1167.6165
     350    6679.1746     569.1509     484.3235     430.9008    1208.4856     560.2968    2498.0970     927.9199
     351    5850.5102     565.6214     364.4948     365.3511    1161.7567     475.2735    2078.2650     839.7476
     352    5332.5576     322.3773     268.3867     285.8178    1249.4728     417.6395    2302.1468     486.7168
     353    7385.8285     520.6551     544.4255     619.9418    1482.8355     601.7577    2817.2023     799.0107
     354    7370.0604     500.4755     428.0241     402.8771    1765.2175     695.8938    3031.3970     546.1756
     355    6973.9291     365.1219     304.1950     407.4870    1335.9970     432.6099    3309.2579     819.2604
     356    6668.7619     406.3870     278.7670     375.2289    1618.9343     593.4292    2432.9897     963.0258
     357    6891.3712     395.6687     465.1480     384.3792    1287.1997     523.9838    3257.4614     577.5305
     358    5433.7649     545.1571     290.5956     258.7865     944.1368     375.6827    2341.7513     677.6549
     359    6467.5915     470.2393     350.0742     334.6335    1309.0042     464.4754    2764.7567     774.4083
     360    5630.1515     423.0304     293.5213     263.1178    1009.0802     276.2651    2565.5555     799.5812
     361    8241.1493     569.5119     424.3033     366.2398    1687.3451     518.9670    3847.3718     827.4104
     362    7805.1336     444.7336     605.8135     391.4220    1779.1080     440.1180    3228.8770     915.0615
     363    7968.6430     519.4018     403.9433     374.2108    1886.8655     653.7655    3336.6348     793.8212
     364    7383.2091     667.0001     397.6380     356.7446    1677.3282     585.2740    2706.8585     992.3657
     365    6222.0755     484.7271     410.1630     560.8111    1269.9041     450.2276    2198.9235     847.3190
     366    5550.7097     496.3025     363.4271     340.7895    1077.0831     453.2370    2257.1917     562.6788
     367    5065.5941     335.1450     260.4537     380.0501    1110.6602     362.1107    2039.5706     577.6039
     368    8121.4771     416.1078     450.7750     605.1202    2020.0566     639.2348    3105.6107     884.5720
     369    7447.4236     470.1128     499.4229     409.1086     970.3066     568.8646    3663.9578     865.6501
     370    7864.6343     366.9908     239.3224     247.0877    1497.8129     779.0063    3695.1067    1039.3076
     371    5896.4290     346.8821     242.4057     265.2536    1436.5691     548.1220    2225.2146     831.9818
     372    7286.3217     701.5030     295.3496     299.4523    1146.3774     700.5776    3109.3182    1033.7437
     373    6473.7649     807.6846     306.5216     282.1873    1175.9136     474.6229    2839.1458     587.6891
     374    7277.8815     335.8768     318.2895     419.0533    1595.5552     419.8444    3324.4891     864.7732
     375    5876.4698     350.4256     238.7511     288.5897    1057.3321     391.6131    2797.7812     751.9771
     376    7765.5112     691.0292     526.0951     459.0540    1434.6755     543.4696    3342.8832     768.3045
     377    5581.7439     405.0681     250.9145     238.7952    1073.5100     356.2945    2515.8355     741.3260
     378    6628.0443     531.0012     359.3948     330.2829    1363.3719     347.6244    2895.8550     800.5140
     379    6854.2749     548.3915     492.8752     562.3126    1210.4222     539.7916    2649.9312     850.5506
     380    7629.3731     565.2167     331.3062     314.1125    1590.6785     485.8582    3575.2252     766.9759
     381    6467.1538     696.7404     484.3191     433.0451     932.9441     432.6666    2735.1965     752.2420
     382    5248.1792     377.9934     291.0259     291.2397    1002.2754     281.8967    2306.7583     696.9897
     383    6751.2349     655.3271     546.7312     543.7813    1181.1857     575.5352    2334.6548     914.0197
     384    5913.3154     324.7544     245.9519     239.0537    1178.9200     417.1963    2763.5393     743.8998
     385    6210.0930     560.3751     267.5291     259.4890    1270.0125     470.4618    2761.3431     620.8825
     386    6932.3018     558.2500     519.2749     527.3323    1274.5981     377.8297    2936.0417     738.9753
     387    6046.9557     350.1180     253.5357     422.5780     969.7194     383.3625    2953.8557     713.7866
     388    7990.8169     527.1307     430.3431     510.6884    1492.9569     418.5174    3846.2790     764.9014
     389    6186.2840     340.4052     260.6897     387.0802    1105.9975     368.7860    2991.1617     732.1637
     390    7996.5597     604.5089     514.0928     420.6392    1852.8907     558.1408    3191.4558     854.8314
     391    6321.3091     313.8695     240.0806     337.2396     955.3810     358.3091    3259.0536     857.3757
     392    5387.5887     309.7997     213.9933     224.2546     920.9653     342.7239    2656.7226     719.1293
     393    6216.4058     457.4364     360.4236     404.5607    1318.8943     349.7778    2536.9006     788.4124
     394    7199.6421     938.5417     605.0469     388.9059    1419.3626     579.2571    2740.3729     528.1551
     395    7407.3963     603.3716     552.8163     622.6907    1594.5790     685.1438    2552.9732     795.8217
     396    6331.9986     539.8872     484.3905     370.7412    1341.0028     464.6533    2475.9294     655.3942
     397    6027.8897     735.0868     365.3932     367.0845    1337.8797     428.0858    2319.2309     475.1287
     398    6670.7659     562.7081     379.6038     250.6502    1596.7703     471.5316    2899.2740     510.2278
     399    7164.4287     309.8686     238.3148     373.4844    1699.0251     406.2054    3380.9234     756.6071
     400    4423.4098     384.5006     251.8830     263.1174     841.3855     323.6345    1874.6899     484.1988
     401    6532.6589     457.1969     372.3108     395.3274     923.3787     388.9235    3266.1667     729.3549
     402    5760.4015     334.1016     257.2109     280.6146    1030.4067     327.8904    2743.5419     786.6353
     403    7030.4176     422.4560     373.3475     407.9654    1235.6082     567.2493    3196.0333     827.7578
     404    6015.2706     335.9038     267.5775     274.9952    1156.0868     513.5715    2756.3594     710.7764
     405    8285.4163     704.2746     501.0262     439.5714    1888.5966     693.4585    3287.2984     771.1905
     406    7831.0581     592.7112     607.6432     653.3981    1237.9540     429.6913    3335.8749     973.7854
     407    5045.0306     320.9552     204.0966     192.4939     880.8373     317.6078    2427.4111     701.6287
     408    8813.9119     530.8590     777.3526     565.1230    1584.0763     512.9007    3934.9647     908.6355
     409    7646.7812     526.4727     706.5340     456.3076    1413.7729     578.8009    3021.6860     943.2072
     410    6796.1937     434.0227     287.7257     289.8391    1553.4931     543.8721    3093.3173     593.9238
     411    7114.4062     311.2980     214.0188     242.2446    1529.5438     463.2791    3507.5052     846.5167
     412    7375.8885     414.4879     353.3422     339.9423    1888.2610     675.6851    2644.2265    1059.9436
     413    5629.3226     436.1569     444.6908     372.4159    1155.6893     433.3604    2144.0155     642.9939
     414    7597.4412     517.3775     429.9338     556.6683    1228.9863     551.8591    3421.3283     891.2879
     415    6058.6752     371.3389     352.8745     326.2526    1699.8506     433.5899    2056.1622     818.6066
     416    6694.2415     610.3916     462.9941     404.8415    1284.9876     641.5391    2594.9385     694.5490
     417    7318.7329     564.5302     328.9805     331.0614    1526.9261     584.0573    3293.1397     690.0377
     418    5123.6069     320.9049     249.7749     248.2664     961.9117     452.9353    2316.1567     573.6570
     419    7079.8215     322.3228     379.1864     643.9351    1050.7670     465.8004    3331.4404     886.3693
     420    7947.8585     535.4807     508.9163     634.8170    1649.5884     442.2118    3137.0163    1039.8279
     421    7652.2907     794.7034     462.9528     502.5333    1426.6488     503.4248    3301.6404     660.3872
     422    7089.8413     419.9181     223.1686     218.6062    1740.6282     574.1619    3122.9434     790.4148
     423    6258.3728     781.8314     402.7326     310.1492     847.7748     407.8788    2781.7654     726.2406
     424    6873.9739     437.6406     389.7748     346.9857    1355.0516     555.7151    3021.7577     767.0485
     425    6045.3571     349.4952     269.5072     280.0763    1087.8640     530.2555    2711.5973     816.5616
     426    7730.7074     330.8921     227.2157     268.5712    1706.0241     545.4968    3777.3269     875.1806
     427    6548.4609     405.9675     369.0211     415.7438    1248.5234     413.4131    2898.8594     796.9326
     428    5463.2164     328.4422     230.6667     239.3189    1038.1502     433.6112    2648.2178     544.8094
     429    7086.8168     385.4005     438.2315     525.6565    1547.8816     718.2405    2758.3064     713.1000
     430    6718.4774     519.2287     411.6004     475.5333    1013.3365     523.7446    3037.9184     737.1155
     431    6015.9275     753.8125     297.8535     259.1785     829.5697     377.2094    2826.8249     671.4789
     432    7201.5814     445.9484     295.7250     283.6964    1999.9750     611.1202    2606.0877     959.0287
     433    6448.9245     438.4603     383.9387     333.9164    1644.7998     497.7194    2184.4175     965.6724
     434    7204.2179     478.7915     455.4703     542.4665    1484.7116     664.5572    2595.7346     982.4863
     435    6809.6871     551.6627     339.5930     338.4960    1454.9881     535.7349    2898.1672     691.0452
     436    5836.8950     316.3711     353.9189     360.4639    1200.3252     472.3836    2487.2143     646.2180
     437    6996.1397     400.3718     374.6036     443.8191    1660.3181     390.1520    3006.0855     720.7896
     438    7475.7237     520.5712     357.8647     343.8838    1649.3321     443.3983    3485.0442     675.6294
     439    7787.3928     653.6287     486.5485     349.7293    1035.8551     451.1603    3907.0494     903.4216
     440    5740.5300     414.2112     254.5344     264.1170    1138.9378     362.6993    2544.6188     761.4114
     441    8035.0611     608.8881     531.7474     555.8036    1605.0445     515.7237    3211.6268    1006.2269
     442    6704.4056     573.4889     519.3042     629.7619    1233.9471     475.9060    2605.0764     666.9211
     443    7459.5788     536.0219     410.8434     382.8486    1953.3513     671.6935    2506.3738     998.4462
     444    4393.8249     304.7639     209.6688     233.0786     859.4066     337.5694    1984.0739     465.2637
     445    5570.9666     334.5154     276.5268     285.1645    1026.7551     499.0106    2467.7878     681.2065
     446    6204.4035     472.7208     484.7911     335.6903    1035.9398     559.7368    2462.0476     853.4773
     447    6075.2584     416.2124     448.7551     356.1375    1352.3812     524.5422    2242.1895     735.0406
     448    7756.6135     738.3866     510.8991     388.1352    1541.8255     699.2143    2847.8057    1030.3472
     449    8036.3042     870.6941     581.7421     428.6893    1630.7704     560.9597    2847.7630    1115.6857
     450    5620.2046     459.4944     320.2418     297.3917    1197.4947     300.1312    2468.9109     576.5399
     451    4715.7120     341.9176     305.4500     312.1442     862.6518     367.8988    2024.4674     501.1823
     452    6683.7403     571.3645     396.7951     456.1116     977.2100     390.0160    2955.0849     937.1582
     453    7818.4326     645.9878     459.2798     659.4470    1284.7968     458.0168    3322.5527     988.3517
     454    5664.1732     469.7534     332.8886     360.5180    1258.2845     413.1161    2292.0573     537.5554
     455    8421.9090     641.9726     551.0316     662.7013    1545.2049     538.9930    3541.3971     940.6085
     456    5638.1510     456.2202     369.6955     381.1167    1006.4445     392.0746    2524.8623     507.7373
     457    7094.5748     366.3272     326.0123     344.2209    1792.9804     479.2072    3197.8826     587.9441
     458    6354.5334     362.4783     292.8224     277.7005    1252.4440     491.2790    2962.8634     714.9458
     459    4863.4458     354.2130     255.4533     253.8635     961.3228     384.4351    2149.8840     504.2741
     460    5666.9227     378.7522     304.9327     354.7228    1479.9368     460.0980    1919.9327     768.5475
     461    7090.8116    1133.5733     343.3000     286.3022    1354.6962     464.2629    2773.4762     735.2008
     462    6292.7642     529.6841     305.3222     282.6297    1075.9352     473.8742    2919.6653     705.6536
     463    7607.5703     641.9535     468.2692     712.2998    1448.9191     488.8983    2891.3195     955.9107
     464    5738.4534     309.6038     227.4594     291.4871    1573.7338     561.2837    1906.4495     868.4361
     465    6123.8320     404.4948     389.5506     513.5419    1031.6898     465.6961    2681.7623     637.0965
     466    6439.8827     365.8034     291.5232     415.3478    1493.6096     518.9583    2548.2008     806.4396
     467    8760.0047     708.9103     522.9492     559.8827    1778.2640     596.2013    3442.8496    1150.9477
     468    7294.7135     548.9703     524.5367     506.7577    1507.1936     666.0084    2616.4611     924.7858
     469    7162.0331     437.8752     411.7266     554.7409    1403.5762     688.0318    2803.3185     862.7639
     470    6463.3035     596.8007     477.0737     570.1110     931.4415     436.3554    2829.8865     621.6347
     471    5531.8948     526.7283     371.5527     288.3043    1088.5647     529.2627    1953.3481     774.1342
     472    6059.4012     422.2786     250.9208     337.5273    1325.7285     480.6387    2511.8789     730.4285
     473    7060.1919     365.2398     241.3557     226.3369    1418.8980     523.9789    3481.2736     803.1091
     474    6713.3293     321.7826     314.6613     349.5751    1284.3397     522.1901    3167.8641     752.9163
     475    6736.4523     427.6823     390.5969     550.4434    1320.3114     545.1239    2749.1624     753.1320
     476    6339.3473     385.3164     397.6647     339.1191    1346.6965     394.3748    2727.6503     748.5255
     477    5553.8341     417.6715     305.1640     287.4573     908.6842     391.0695    2527.6155     716.1722
     478    7222.3240     913.3567     382.7438     390.3338    1350.8911     472.4990    3052.4577     660.0419
     479    7412.9384     477.4149     482.3706     340.8127    1799.4696     483.2618    3244.6192     584.9895
     480    7031.6619     553.0605     340.5427     335.2625    1556.7471     488.0816    3182.6359     575.3316
     481    7975.4290     830.9332     364.8497     321.8473    1626.5574     575.3899    3296.5999     959.2515
     482    7274.8162     873.5515     437.4397     356.6382    1572.0812     565.0441    2614.8712     855.1902
     483    7425.1346     499.4459     415.2858     327.1076    1458.1955     556.7875    3216.4442     951.8681
     484    7538.3099     382.1380     322.6216     370.8602    1730.6265     687.5317    3089.7885     954.7435
     485    9195.0882     754.5691     445.0224     481.6827    1715.7657     842.5373    3844.9198    1110.5912
     486    5821.8295     352.7015     266.8768     345.6776    1067.5098     472.2941    2667.0542     649.7154
     487    5433.8459     315.1556     209.6413     220.9544    1208.9770     514.3784    2155.4912     809.2479
     488    5788.3062     346.5854     301.3288     398.6370    1103.5498     462.4858    2471.5216     704.1979
     489    6718.0216     829.1061     503.8975     447.4181    1506.6166     508.0018    2079.4880     843.4934
     490    5445.2444     346.3461     267.7652     270.4008    1107.1079     527.6418    2215.1501     710.8324
     491    6678.4831     675.8972     502.9429     367.7404    1323.6356     609.7470    2199.2753     999.2447
     492    7410.3466     542.4480     465.9717     369.0204    1960.8509     635.4635    2609.5234     827.0687
     493    6704.1569     574.3214     325.1732     290.0125    1508.4372     540.4726    2723.5885     742.1515
     494    6785.7312     358.2437     328.2298     327.7494    1553.9289     513.9006    2826.9205     876.7582
     495    6105.7689     642.4550     424.8024     386.9472    1351.7281     385.5694    2050.0268     864.2400
     496    6563.5354     424.7829     307.2129     277.8091    1499.2826     407.2421    2899.6988     747.5070
     497    5719.8634     387.4121     305.8017     289.7612    1365.7579     365.3674    2524.7861     480.9770
     498    9061.3225     726.3259     429.2441     381.3333    2038.4482     537.6085    4143.0941     805.2684
     499    6616.4750     698.9651     499.1992     389.2291    1014.6420     528.3016    2901.1653     584.9727
     500    8368.9371     577.3266     515.7263     445.2412    1912.1917     400.8764    3680.8514     836.7236
