#Frame        RoG_ITP RoG_ITP[Max]
       1       5.4342       6.5842
       2       5.9031       7.9689
       3       6.0153       7.1891
       4       7.6367      10.4197
       5       6.3285       5.9378
       6       5.7788       7.3921
       7       6.3444       7.2250
       8       7.1584       5.9901
       9       6.4422       4.5906
      10       6.8533       8.2529
      11       5.5878       5.5859
      12       6.1019       6.1129
      13       8.4070       6.5322
      14       6.2815       7.3431
      15       5.9038       3.8582
      16       5.9379       4.9303
      17       5.8625       5.5779
      18       5.4484       5.1538
      19       6.2295       5.4232
      20       5.9762       5.5922
      21       6.2010       6.6222
      22       6.4439       4.1953
      23       5.7276       6.3607
      24       6.7551       6.0044
      25       5.1798       4.8421
      26       5.6790       4.7160
      27       5.7761       5.5389
      28       5.8688       4.8128
      29       5.9566       5.0172
      30       7.6765       7.7944
      31       6.0280       4.3499
      32       7.3844       9.6193
      33       5.9307       7.8652
      34       6.3080       7.0820
      35       6.8554       6.8722
      36       6.2038       6.7545
      37       5.0207       7.7188
      38       6.0124       6.1449
      39       5.3924       3.7227
      40       6.2977       6.7899
      41       6.0279       4.8005
      42       6.4627       7.6642
      43       6.2754       7.0486
      44       5.7486       6.6350
      45       5.7937       6.5564
      46       7.1031       8.7305
      47       6.1341       5.2586
      48       5.9251       4.5783
      49       6.7870       8.3680
      50       6.0621       7.4378
      51       5.8840       5.8093
      52       6.9687       9.7339
      53       6.1094       6.9130
      54       6.8938       8.6539
      55       6.6064       8.9547
      56       5.5577       6.9526
      57       5.6149       4.3903
      58       5.5337       6.3487
      59       6.1424       6.5228
      60       5.5697       6.9760
      61       5.6458       5.6991
      62       5.8499       7.0239
      63       6.9753       5.8658
      64       5.5398       6.1086
      65       6.5196       6.4105
      66       5.3808       3.9648
      67       6.0686       6.9304
      68       6.2436       7.1042
      69       5.7070       7.3418
      70       6.5135       7.0838
      71       5.8769       7.0899
      72       5.9402       7.3074
      73       5.4187       5.8543
      74       5.7473       6.4706
      75       5.7494       6.0072
      76       5.5960       6.8189
      77       6.7684       8.4165
      78       5.9260       7.4959
      79       6.6093       9.3472
      80       5.6809       5.3428
      81       5.8109       6.0807
      82       5.6064       5.8494
      83       5.7207       5.9008
      84       5.7054       6.7986
      85       5.8212       6.9271
      86       5.6945       5.9834
      87       5.7991       6.1569
      88       5.8756       6.6000
      89       5.5762       4.9286
      90       8.2483       7.9297
      91       6.2351       7.1090
      92       6.4676       8.3626
      93       6.3842       8.7866
      94       6.5822       6.2654
      95       5.6018       5.7207
      96       6.6128       6.4086
      97       6.3672       5.6534
      98       5.8376       6.7908
      99       6.9524       8.0259
     100       6.4446       8.3081
     101       5.7350       6.6794
     102       5.8954       7.4693
     103       5.6949       7.3915
     104       5.7322       4.4815
     105       6.6643       9.5877
     106       8.0204       8.5035
     107       5.9926       6.7107
     108       6.1693       8.5392
     109       5.6064       7.1572
     110       5.3651       5.4647
     111       6.3047       8.9855
     112       6.1051       8.6943
     113       5.4475       5.3541
     114       5.9793       5.5523
     115       5.5093       5.9870
     116       5.5945       5.5586
     117       5.9728       6.7662
     118       5.8243       6.5123
     119       5.8445       6.4472
     120       5.7261       4.8830
     121       6.0908       5.6719
     122       6.2886       7.7875
     123       5.5352       6.3374
     124       6.4011       6.2879
     125       6.0272       6.8519
     126       5.4881       6.4459
     127       5.4567       5.7059
     128       6.1894       6.9395
     129       6.1433       6.8484
     130       6.3042       7.1646
     131       6.3845       8.0207
     132       6.1248       8.4315
     133       6.6177       6.3273
     134       6.0943       4.7859
     135       6.1223       7.3138
     136       5.6787       6.5873
     137       5.7346       6.7364
     138       5.8730       7.7128
     139       6.1445       8.0221
     140       5.3540       6.0067
     141       5.6209       6.2394
     142       5.7733       6.4100
     143       6.3214       8.1022
     144       5.2999       4.6152
     145       7.4696       8.5858
     146       6.7268       7.1809
     147       6.8955       7.9949
     148       5.8777       4.5214
     149       6.1158       7.2785
     150       5.5804       5.9812
     151       6.2055       5.3784
     152       5.7836       6.4383
     153       7.4706       8.4006
     154       5.5449       5.9239
     155       6.3841       8.4091
     156       6.3379       6.2722
     157       6.2249       6.5073
     158       6.7288       8.3404
     159       6.6007       6.6915
     160       5.7552       6.6476
     161       6.0556       6.8155
     162       5.7457       6.7442
     163       6.0960       7.9794
     164       6.2998       8.3326
     165       5.8174       5.7412
     166       6.5165       8.9723
     167       6.0867       5.6787
     168       5.6539       6.5656
     169       5.9477       6.1001
     170       6.7436       8.3235
     171       5.8097       7.2240
     172       5.1900       4.8028
     173       5.5157       4.5970
     174       5.8988       5.8235
     175       5.8070       6.4567
     176       6.8610       7.2845
     177       6.0753       7.1283
     178       5.8070       6.5683
     179       6.1346       8.1608
     180       5.8759       5.7623
     181       5.3031       5.3533
     182       6.0425       6.1002
     183       6.1038       6.4184
     184       5.8018       6.9558
     185       5.5727       6.3790
     186       6.2682       7.9141
     187       5.7849       6.7801
     188       6.3108       6.9758
     189       5.4349       6.2379
     190       5.7699       7.6653
     191       6.2317       7.9209
     192       6.1263       5.2357
     193       5.4327       3.2565
     194       6.0526       4.5711
     195       6.5993      13.5343
     196       5.4378       4.7644
     197       6.3563       9.0381
     198       5.9792       7.2877
     199       6.2962       3.9137
     200       6.0719       5.3103
     201       5.8788       6.7533
     202       6.1966       6.9908
     203       7.3988       6.5590
     204       6.1856       6.5693
     205       5.7888       7.6926
     206       6.9176       8.4153
     207       5.7371       6.2201
     208       6.2246       8.1977
     209       5.3068       5.8025
     210       5.7542       5.9627
     211       5.7904       4.6564
     212       5.8793       6.6169
     213       5.8375       7.3902
     214       7.2600      10.2583
     215       6.3907       7.1473
     216       5.7774       6.9896
     217       6.0784       6.8005
     218       6.4060       8.8352
     219       5.6454       7.0768
     220       6.0583       8.6040
     221       6.0067       7.7473
     222       5.8413       6.6405
     223       6.4966       5.7093
     224       6.1445       6.1673
     225       8.0312      10.9934
     226       5.9631       7.0927
     227       6.2477       8.3870
     228       6.8634       9.7707
     229       6.5208       7.3419
     230       5.4154       5.9175
     231       5.9537       6.5868
     232       6.1640       6.6060
     233       6.5562       7.5087
     234       6.0323       5.9360
     235       6.8400       8.0625
     236       5.6699       5.8061
     237       5.6224       7.1733
     238       5.7471       6.2219
     239       6.5047       8.4815
     240       5.8216       6.5742
     241       5.4658       5.1040
     242       6.2433       7.9307
     243       6.7773       9.0986
     244       5.4396       6.2148
     245       6.7234       8.6044
     246       6.5798       9.0276
     247       5.9513       6.6115
     248       5.8518       6.6051
     249       5.9751       7.1873
     250       6.3982       6.7469
     251       6.1415       6.8840
     252       5.7960       7.0158
     253       7.2202       7.4661
     254       6.4340       8.8718
     255       5.4927       5.6325
     256       6.3353       7.0218
     257       5.8494       6.4570
     258       5.4521       6.0510
     259       5.7106       6.1025
     260       5.8867       6.8613
     261       6.2146       6.4798
     262       6.1035       7.2385
     263       5.4470       6.1832
     264       5.8554       5.2160
     265       5.5424       5.6752
     266       5.5627       4.9047
     267       5.7504       7.3663
     268       5.4202       6.2568
     269       5.8787       7.3360
     270       6.6918       8.7037
     271       6.5794       5.1666
     272       6.4005       7.2392
     273       7.3905       8.8528
     274       6.2465       6.7854
     275       6.1240       8.4523
     276       6.2451       6.5301
     277       5.7853       7.4937
     278       7.3918      10.7022
     279       6.1370       6.5020
     280       5.8701       7.3008
     281       6.3461       7.7179
     282       6.0742       7.2673
     283       6.5883       7.6332
     284       5.8501       7.7403
     285       7.6710       7.4866
     286       6.5518       8.5536
     287       6.0635       8.3729
     288       5.2494       5.8823
     289       5.6715       5.9172
     290       5.8873       6.5290
     291       6.1116       8.3945
     292       6.2514       6.0154
     293       7.3113       8.9853
     294       5.4589       6.4113
     295       6.1891       5.5689
     296       5.6488       5.7774
     297       6.4077       8.0799
     298       5.9295       6.2666
     299       5.9855       6.5254
     300       6.6045       9.5051
     301       6.0214       8.5088
     302       5.4935       4.2896
     303       5.5527       4.9869
     304       5.7943       4.5646
     305       5.7983       5.4453
     306       6.1579       8.4378
     307       6.1310       6.9208
     308       5.3324       5.7576
     309       5.5864       5.7384
     310       6.2969       7.8337
     311       5.7371       5.6078
     312       6.5961       9.3400
     313       5.9041       8.3795
     314       6.9490       9.4984
     315       6.5478       6.4412
     316       6.6723       9.2685
     317       6.0675      10.0349
     318       6.1025       5.1874
     319       5.9534       6.4687
     320       5.5760       6.5383
     321       6.9216       9.3191
     322       6.1920       7.4563
     323       5.5618       6.3365
     324       6.2174       8.7401
     325       6.7039       7.8678
     326       6.4401       7.5030
     327       6.6100       6.8454
     328       5.4954       6.0552
     329       6.8992       9.1790
     330       5.8192       7.5195
     331       6.3205       6.9310
     332       6.5531       7.4418
     333       6.4707       6.4807
     334       6.4514       8.3536
     335       5.9769       7.7208
     336       6.8988       9.0096
     337       7.1116      10.5073
     338       6.9967      10.3184
     339       5.8846       6.2139
     340       6.1750       7.6974
     341       5.8499       7.1885
     342       6.2547       7.7823
     343       6.4635       7.9785
     344       6.7838       8.2382
     345       6.0589       7.2962
     346       5.3729       3.7127
     347       5.8884       6.4951
     348       5.4886       6.1079
     349       5.8638       6.2529
     350       6.2014       7.9078
     351       6.8951       9.1930
     352       7.6419       5.9475
     353       5.6283       7.6784
     354       5.7075       7.4332
     355       5.4834       6.6080
     356       7.8644       9.1882
     357       6.2976       7.5002
     358       6.1389       7.1971
     359       5.7468       7.3180
     360       5.4607       5.8706
     361       6.2455       7.9927
     362       6.5307       6.2434
     363       5.9684       5.9642
     364       6.1918       7.7366
     365       5.5686       6.0315
     366       5.8847       8.2921
     367       6.1356       6.9988
     368       5.6474       6.2068
     369       5.4435       3.8253
     370       5.7825       8.1418
     371       7.2135       6.2092
     372       5.5042       6.0131
     373       5.5512       4.1304
     374       6.4187       7.9248
     375       7.2003       8.7119
     376       6.4347       6.0372
     377       5.8653       6.9784
     378       5.7979       6.6858
     379       6.1315       6.8073
     380       6.2978       7.5869
     381       5.9006       5.6683
     382       6.7513       7.0960
     383       6.2821       8.9897
     384       6.4726       8.2806
     385       5.5992       7.1904
     386       5.3215       4.9162
     387       5.9019       7.1611
     388       5.5947       6.4553
     389       5.5499       7.0337
     390       6.0127       8.0402
     391       5.9159       6.3218
     392       5.8004       6.2843
     393       5.9752       6.3177
     394       5.9523       8.4366
     395       5.6258       4.4458
     396       6.4825       6.2748
     397       7.8841       8.4358
     398       6.1194       8.0612
     399       5.5474       5.1228
     400       5.7553       5.8117
     401       6.2434       5.8359
     402       5.3539       6.0398
     403       7.0991       8.7800
     404       6.7341       6.8006
     405       5.5666       5.9642
     406       6.6462       8.5049
     407       6.8361       7.5641
     408       6.7008       8.2258
     409       5.6957       6.9182
     410       6.4204       7.2699
     411       7.0192       7.8313
     412       6.8313      13.2323
     413       6.4779       7.6302
     414       5.5789       4.3867
     415       5.9319       6.0076
     416       5.7230       5.6015
     417       6.4511       5.8755
     418       6.3430       4.9237
     419       5.9081       6.9598
     420       6.0716       7.1870
     421       5.5260       5.7917
     422       5.8682       6.7575
     423       5.8101       5.1432
     424       6.0749       7.8338
     425       5.3821       6.0599
     426       7.6317       8.8250
     427       7.1074       7.9313
     428       5.6236       6.3740
     429       5.8982       6.7893
     430       5.9642       4.6763
     431       6.1730       7.2586
     432       5.8622       7.2695
     433       5.7219       6.3165
     434       7.6316       9.1432
     435       5.6693       6.9164
     436       5.9073       6.9572
     437       5.9982       5.3989
     438       5.7093       6.8011
     439       6.4637       8.8044
     440       5.6782       6.9075
     441       6.7951       7.6429
     442       6.6820       8.2739
     443       5.6244       5.4680
     444       5.4212       5.2916
     445       6.5016       9.1712
     446       7.2419       6.0868
     447       5.4492       6.0699
     448       5.8641       7.0383
     449       5.6358       6.4461
     450       5.9791       3.8589
     451       6.0934       7.9513
     452       6.4228       6.4322
     453       5.6852       5.7582
     454       6.2713       8.6236
     455       6.0697       5.8091
     456       6.5981       6.1885
     457       8.3763       8.8552
     458       5.9630       6.8875
     459       6.0880       7.3562
     460       6.5219       7.4108
     461       5.9767       6.6291
     462       5.7628       6.8714
     463       5.8133       5.1685
     464       5.3784       6.1422
     465       5.7964       6.9958
     466       6.1265       7.0272
     467       7.4388      10.6998
     468       5.4469       6.7357
     469       6.2958       7.4628
     470       6.1844       6.7671
     471       6.8542       8.6090
     472       5.6266       5.8931
     473       6.4364       7.6767
     474       6.2473       7.5578
     475       5.9717       7.2328
     476       6.4741       5.2600
     477       6.6734       8.1086
     478       5.5280       6.7035
     479       7.4735       7.5287
     480       5.4096       6.1611
     481       6.0998       8.1856
     482       5.9173       8.0160
     483       6.7470       8.5942
     484       6.8266       6.7340
     485       6.3725       7.4349
     486       5.9277       7.7884
     487       6.0653       6.1669
     488       6.1175       6.1839
     489       6.5603       7.6449
     490       5.6086       6.4293
     491       6.8722      10.1756
     492       5.4537       5.7554
     493       5.7432       5.9203
     494       6.0336       6.6227
     495       5.2621       4.3166
     496       5.5848       5.0769
     497       6.2880       7.9484
     498       5.9426       6.8537
     499       5.6772       6.4855
     500       6.5290       4.7007
