#Frame        RoG_TIP RoG_TIP[Max]
       1       8.0730      12.2278
       2       6.9412       8.7693
       3       6.5675       5.0852
       4       6.9012       7.5213
       5       7.5974       4.4721
       6       6.6465       8.4411
       7       6.0082       6.3929
       8       7.1340       8.2502
       9       6.6679       6.3913
      10       6.5741       8.1927
      11       6.4837       6.1357
      12       5.9051       5.7932
      13       6.7816       7.9029
      14       7.0019      10.2009
      15       6.4079       8.3105
      16       6.6931       4.9041
      17       6.4363       6.0503
      18       7.5273       8.8767
      19       6.8750       8.1428
      20       7.0018       7.9587
      21       6.5066       9.4156
      22       5.9460       5.3490
      23       7.8830      10.0446
      24       6.6321       4.3570
      25       6.6940       8.6743
      26       6.8353       7.7954
      27       7.4355       7.9000
      28       7.3977      10.1149
      29       7.9847       6.4151
      30       6.1472       7.3725
      31       5.9771       7.2240
      32       7.3446       7.3620
      33       6.6886       6.5437
      34       7.1492       5.7431
      35       6.5048       9.1149
      36       6.6425       6.7059
      37       7.3271       7.5072
      38       7.6474       7.8721
      39       6.3266       7.4527
      40       6.2330      11.9788
      41       8.2665      10.6227
      42       7.4871       8.1918
      43       6.7480       8.0401
      44       5.9572       6.4095
      45       6.0001       7.7388
      46       5.9962       5.6509
      47       6.6140       7.9161
      48       7.1036       9.2355
      49       6.6585       6.6922
      50       6.2169       6.2418
      51       6.4025       8.3074
      52       7.7955       7.0123
      53       6.2668       5.3933
      54       6.4924       8.1362
      55       7.1732       8.5463
      56       6.5629       6.0081
      57       7.0010       8.2649
      58       6.0153       7.8008
      59       7.6420       8.9458
      60       5.8355       5.8982
      61       7.9810      11.8661
      62       8.1305      10.3053
      63       6.7473       7.8172
      64       6.5802       9.2668
      65       6.3478       7.2082
      66       7.0758       7.0671
      67       6.5893       6.8166
      68       6.3491       6.5802
      69       6.9921       5.9236
      70       6.7469       8.0460
      71       7.1371       8.5843
      72       6.6701       7.5792
      73       8.0057       9.6433
      74       6.3921       6.2685
      75       7.7280       5.8797
      76       6.2255       8.0749
      77       5.9327       6.7841
      78       6.6036       4.6602
      79       6.0244       5.5104
      80       6.4285       7.9476
      81       6.6551       9.8755
      82       6.2979       7.6551
      83       6.5889       7.3511
      84       7.2499      10.0848
      85       7.3791       9.8166
      86       7.0489      10.0151
      87       7.1787       8.8194
      88       6.8552       9.2137
      89       6.0592       8.1222
      90       6.2806       6.2204
      91       6.8365       8.0442
      92       6.7567       8.2972
      93       6.8949       8.8701
      94       5.8144       4.9750
      95       6.0960      12.2446
      96       6.1538       6.1713
      97       7.6369       6.2128
      98       6.6360       5.1049
      99       6.0187       5.2924
     100       7.6490      10.6892
     101       5.9907       7.0163
     102       7.4312      10.3583
     103       6.6283       9.5063
     104       6.6249       8.1733
     105       6.1300       5.5678
     106       6.2514       6.2002
     107       8.5622      13.5682
     108       6.6780       7.5565
     109       6.3254       6.9919
     110       6.5250      10.5584
     111       7.3290       8.8868
     112       5.9345       4.2096
     113       6.1370       6.5556
     114       7.0024       6.0990
     115       6.7401       9.4056
     116       6.7151       7.9670
     117       7.0343       7.4671
     118       6.2757       5.3087
     119       7.4819       9.8368
     120       7.1587       9.0457
     121       6.8134       8.4498
     122       6.3268       6.6512
     123       6.8672       6.9244
     124       6.2879       5.9770
     125       6.4979       6.0152
     126       6.4203       7.1451
     127       6.8252       6.5993
     128       6.8735       8.2650
     129       5.9912       5.9050
     130       6.7473       7.9750
     131       7.8459       9.8051
     132       7.1251       8.5246
     133       6.4351       6.6178
     134       6.0266       7.1104
     135       7.3505       8.8278
     136       6.3216       7.9116
     137       6.7875       7.3334
     138       6.7736       9.1976
     139       6.5366       7.7319
     140       7.1149       7.1874
     141       6.2635       7.7325
     142       6.9504       8.7629
     143       7.2370       9.6990
     144       7.4615      11.1547
     145       6.0783       5.5518
     146       6.7050       6.0649
     147       6.8522       6.9470
     148       6.9398       8.0938
     149       7.0270       7.1167
     150       6.5172       4.6324
     151       6.1529       7.6430
     152       6.5165       6.3617
     153       6.2292       7.0195
     154       7.3772       7.5943
     155       6.1503       7.4646
     156       6.8004       6.4469
     157       6.8809       8.0185
     158       6.1912       5.3135
     159       6.1594       5.8354
     160       6.8385       6.7556
     161       6.4672       3.4156
     162       6.4022       6.8795
     163       5.9840       6.2399
     164       7.1602       8.4102
     165       6.2380       6.1628
     166       6.4228       7.4154
     167       6.6293       7.5731
     168       6.5086       8.0632
     169       7.0215       6.3762
     170       6.2938       7.8305
     171       7.2315       4.6641
     172       6.2811       6.7318
     173       6.3636       8.5927
     174       7.1398       7.3091
     175       6.5666       6.9309
     176       6.9147       8.3797
     177       7.9586       9.6983
     178       7.3106       9.5563
     179       6.7141       9.4267
     180       6.4128       6.8279
     181       6.1313       4.7624
     182       7.0266       8.5820
     183       6.7911       6.4630
     184       6.7431       7.8716
     185       7.1934      10.4974
     186       7.2414       9.4319
     187       7.1984       7.8691
     188       6.6229       7.2515
     189       7.4175      11.1789
     190       6.3213       8.8642
     191       5.7960       6.6873
     192       6.0835       4.9455
     193       7.0176       7.9379
     194       6.5480       7.3869
     195       6.5956       6.2635
     196       6.4731       5.0290
     197       9.1781      11.4267
     198       6.6696       8.1741
     199       6.6361       7.7461
     200       6.3523       8.4820
     201       7.4403      11.4135
     202       6.8290       9.1215
     203       7.7073       9.3939
     204       6.5282       7.2641
     205       6.1825       6.0369
     206       6.5174       7.4990
     207       6.6702       9.6021
     208       6.9560       8.5704
     209       5.8754       5.7717
     210       7.9296      10.6675
     211       6.4696       8.8796
     212       6.8526       9.1902
     213       6.6056       8.6172
     214       6.1939       6.0246
     215       5.9803       6.1205
     216       7.5395       9.5055
     217       6.5119       6.9333
     218       6.0907       7.2125
     219       6.3894       6.9154
     220       6.9786       8.2535
     221       6.5728       6.2438
     222       5.9224       7.3387
     223       7.5087      11.3117
     224       6.5804       7.6426
     225       7.3335      10.4326
     226       6.4356       7.1608
     227       6.6209       8.1676
     228       7.6838       7.0284
     229       7.8022      11.0942
     230       6.6160       6.5181
     231       5.8427       4.2004
     232       6.8864       8.3710
     233       7.4859      10.5502
     234       6.1713       5.5122
     235       7.0931       9.0444
     236       8.1489       4.8822
     237       6.7545       4.7415
     238       7.4871       9.4955
     239       6.6492       8.6733
     240       6.9975       5.8307
     241       7.8042       5.4197
     242       7.9989       7.3080
     243       6.2261       5.5049
     244       5.7923       6.4840
     245       6.6373       7.1902
     246       7.2282      11.9703
     247       8.1406      11.2376
     248       6.3133       7.4726
     249       6.4774       9.7698
     250       6.8597       9.8197
     251       5.9899       5.9622
     252       6.5470       8.0030
     253       6.0883       6.1517
     254       6.5455       6.7845
     255       6.4027       6.4737
     256       6.4133       5.2142
     257       7.1883       9.1895
     258       6.8901       7.1236
     259       7.1299       5.6296
     260       6.1914       6.9749
     261       6.3823       5.3302
     262       6.8680      10.5117
     263       6.6924       8.3603
     264       6.4559       6.8683
     265       6.3127       7.3601
     266       6.1354       7.0052
     267       6.5445       6.0821
     268       6.7480       7.9475
     269       6.9695       7.8587
     270       6.7070       7.9348
     271       8.2446       9.5559
     272       7.7092       7.0287
     273       6.8600       8.4942
     274       6.3279       7.3864
     275       7.0105       9.6840
     276       9.1137      13.5555
     277       6.4734       7.7814
     278       6.2745       7.7590
     279       6.7277       5.6513
     280       6.2675       7.5473
     281       6.9699       8.1195
     282       6.2657       5.9607
     283       7.3699       7.9176
     284       6.1764       7.0553
     285       9.6271      13.6502
     286       6.8571       8.8483
     287       6.2703       8.1836
     288       7.2079       7.6425
     289       7.1497       7.6944
     290       7.5675      10.2858
     291       6.9329       9.5913
     292       7.3246       9.4511
     293       6.6064       5.1798
     294       7.3905       9.1177
     295       6.6905       8.6694
     296       6.2209       5.1374
     297       7.2547      10.9177
     298       6.6982       7.3097
     299       6.5316       7.2121
     300       6.8776       9.1230
     301       7.1782       9.7705
     302       6.5275       7.0960
     303       6.3049       6.7404
     304       6.2403       6.2271
     305       6.7604       5.5943
     306       7.7192      10.2114
     307       6.5342       7.8532
     308       6.2238       7.4153
     309       7.2764       9.0899
     310       6.6274       7.0118
     311       6.5650       6.9425
     312       6.4913       8.5548
     313       7.0809       8.7302
     314       7.2607       9.8282
     315      11.2746      10.1356
     316       7.4803       7.7313
     317       7.2694       6.6576
     318       6.9259       7.8862
     319       6.1743       5.4409
     320       6.9515       8.4266
     321       6.4751       8.8879
     322       6.3811       7.2430
     323      11.5763       7.7405
     324       6.5853       9.2537
     325       6.6833       9.9389
     326       6.5565       6.7168
     327       6.9551       8.4227
     328       7.3715       4.8882
     329       8.3709      12.2867
     330       6.4927       8.4165
     331       5.9127       6.0984
     332       6.6195       9.4332
     333       6.3388       5.6223
     334       6.0733       7.0797
     335       7.1401       7.9277
     336       7.3190      10.2566
     337       6.5479       6.6848
     338       6.3756       7.0410
     339       6.6499       7.1915
     340       7.0975       7.3532
     341       7.0629       6.1116
     342       6.8884       9.9054
     343       6.1903       7.9714
     344       6.7049       6.9077
     345       6.1725       7.0762
     346       7.1753       8.2749
     347       6.1307       7.0839
     348       8.9271      12.4017
     349       7.9274      11.5140
     350       6.2977       7.4528
     351       7.5995       9.8487
     352       6.5593       5.8918
     353       6.1071       6.0101
     354       6.4263       5.2109
     355       5.7800       3.7831
     356       7.0534       4.5669
     357       5.9664       5.6710
     358       6.8559       7.9024
     359       6.9968       9.7898
     360       6.7404       7.4998
     361       7.0478       9.3271
     362       6.2228       6.5848
     363       6.5139       8.5680
     364       6.2732       7.2026
     365       6.1480       6.0673
     366       6.7977       7.7784
     367       6.9233       6.9346
     368       7.6215       6.0777
     369       6.2304       7.5609
     370       6.5960       9.0958
     371       6.3653       5.2485
     372       6.0414       5.8238
     373       6.7146       5.4783
     374       6.4087       7.9547
     375       7.4413       9.7794
     376       6.6083       9.0300
     377       6.1383       8.2336
     378       6.4091       7.8058
     379       6.9816       9.3418
     380       7.2988      10.5241
     381       6.3963       7.9057
     382       6.6470       6.4577
     383       6.1567       5.7527
     384       7.2259       9.5874
     385       6.2527       6.6580
     386       7.8942       9.5876
     387       6.7844       8.8724
     388       6.4263       5.3079
     389       6.7160       9.3127
     390       6.3655       6.9001
     391       6.4997       5.9679
     392       7.5284       7.5308
     393       8.9633      14.0144
     394       6.7300       7.5207
     395       5.9018       6.0646
     396       6.5107       7.6583
     397       6.9375       8.9317
     398       6.8519       7.0837
     399       6.9276       8.6839
     400       9.5218      12.4155
     401       6.9106       9.2476
     402       6.1638       7.3789
     403       6.2813       4.4321
     404       6.3767       7.5625
     405       6.3755       4.8428
     406       7.4706       8.3138
     407       6.3298       5.6159
     408       7.2267      12.7801
     409       6.4826       7.5343
     410       6.3464       6.1218
     411       6.0350       6.0415
     412       6.8508       7.3941
     413       6.5285       8.7148
     414       6.2994       7.1794
     415       6.4395       7.4021
     416       6.3907       7.2006
     417       7.2010       5.7474
     418       6.2938       5.5122
     419       6.4085       7.0933
     420       6.2776       5.4852
     421       6.2668       8.2516
     422       6.5836       6.1396
     423       6.5228       6.7079
     424       7.3335       9.5884
     425       6.6327       9.5585
     426       6.8099       6.7556
     427       6.6737       8.6918
     428       7.1039       9.4328
     429       7.0448       9.5370
     430       6.4996       8.0464
     431       6.8897       8.3578
     432       6.8931       9.4053
     433       6.6516       8.8034
     434       6.3670       7.9454
     435       7.3129       5.9035
     436       6.2822      11.9957
     437       5.9696       5.8528
     438       6.5354       7.2854
     439       6.7214       8.5085
     440       7.8585       7.9274
     441       5.9928       5.8055
     442       6.7768       7.8529
     443       7.0078       8.7788
     444       6.8647       8.0282
     445       6.0328       7.5696
     446       5.8995       6.2936
     447       6.4857       3.8928
     448       6.9424       7.8413
     449       7.0029       6.4120
     450       7.5625       9.7535
     451       7.2696       9.7246
     452       6.3407       7.7706
     453       6.1505       5.7926
     454       6.1300       6.7471
     455       6.3030       3.7708
     456       6.2780       5.8674
     457       6.9809       7.9333
     458       6.6128       6.7004
     459       6.1162       7.6757
     460       6.1853       5.2653
     461       6.6609       7.3123
     462       6.9482       7.0477
     463       6.4913       6.9759
     464       6.8705       6.6024
     465       6.5973       7.2549
     466       6.3180       7.2282
     467       6.5617       7.2281
     468       7.3426       6.8007
     469       6.1742       5.6075
     470       7.2382       7.8080
     471       5.9255       4.2071
     472       7.0848       9.7349
     473       7.1648       8.9102
     474       6.4183       6.9644
     475       6.6358       6.8409
     476       6.5795       8.6026
     477       6.5131       4.8095
     478       6.4268       5.1117
     479       6.5216       8.2057
     480       6.5699      11.0777
     481       6.8714       7.0971
     482       6.1038       7.5377
     483       6.6606       7.5151
     484       6.8235       9.7922
     485       5.8556       5.8025
     486       6.1615       7.3619
     487       6.1326       5.8744
     488       6.1385       5.2988
     489       7.0012      10.5360
     490       6.1239       8.0072
     491       6.5142       8.2316
     492       7.7334      10.1284
     493       7.0063       7.6133
     494       6.8363       6.3341
     495       6.6450       6.5270
     496       6.8399       8.5354
     497       6.3739       6.4022
     498       6.4715       8.2006
     499       6.7220       8.2135
     500       7.1108       8.1279
