#Frame         global     SA_00002     SA_00003     SA_00004     SA_00005     SA_00006     SA_00007     SA_00008     SA_00009     SA_00010     SA_00011     SA_00012     SA_00013
       1    9947.5117     526.4275     657.9842     655.1404     682.7988     470.2705     326.7546     277.8779     289.5643    2647.2150     716.2684    1942.2654     754.9445
       2    6557.7597     523.4744     366.1067     225.8675     221.8095     270.6812     322.5082     307.7820     402.9718    2136.1520     363.7333     940.1007     476.5723
       3    7715.0785     587.7650     371.4901     374.9291     257.4761     204.2103     269.4409     263.0749     324.1980    2437.4141     610.2755    1271.7000     743.1046
       4    8352.7453     595.7052     310.2601     256.2819     403.5519     511.6667     392.9236     333.0542     500.0410    1948.2112     439.8021    1756.7743     904.4729
       5    7739.4853     314.2240     254.7865     285.2810     237.6606     263.8579     350.8000     360.6689     326.6071    3000.2882     568.9441    1074.0799     702.2873
       6    8994.8951     574.5358     583.9937     332.3513     286.1621     358.4367     335.0969     281.6640     420.0791    3256.1031     657.5210    1096.4042     812.5473
       7   11629.6813     720.8654     435.5820     484.2126     506.0263     542.4894     456.9080     352.6106     375.0869    4463.2596     722.1991    1500.3411    1070.1003
       8    6153.4332     321.8266     210.0643     179.8400     207.0935     270.4682     328.6793     259.7303     262.4088    2285.9472     312.1773     942.1138     573.0839
       9    9253.3726     920.1933     618.9627     407.1886     280.1145     252.3278     224.7363     229.5650     384.6346    3347.2291     457.2090    1214.6497     916.5621
      10    9380.3860     557.3935     378.0817     330.2987     418.9640     330.7406     427.9419     399.5348     331.4818    2997.2291     601.3343    1622.5869     984.7988
      11    9950.7080     402.6036     445.4531     489.9597     387.8018     580.2563     456.5096     319.7566     330.9856    3337.9727     617.1797    1624.8077     957.4216
      12    9595.4729     502.5110     356.6283     415.2288     496.4205     407.6839     305.9844     322.1121     291.9959    3575.6753     692.3372    1524.4752     704.4201
      13    8436.8721     425.9025     383.8801     332.4904     337.1871     339.6208     470.4263     321.7002     317.5887    2582.2812     507.9010    1509.0540     908.8398
      14    9637.8038     743.8610     410.9271     364.4657     369.3629     358.1348     390.8075     269.6335     261.2526    3298.2830     784.9303    1534.5239     851.6215
      15   10580.4197     567.4598     475.7041     373.3989     405.6840     498.8176     380.0299     507.6546     477.7967    3116.2619     592.4583    2303.7166     881.4374
      16    8536.6910     376.7824     423.5903     483.9340     366.0955     277.1313     184.2637     184.8547     250.0050    2961.5435     447.5044    1620.6086     960.3776
      17    7913.6671     456.6507     343.8862     256.8014     208.6191     204.9745     207.1756     237.1366     359.9223    3056.8159     517.9344    1223.9292     839.8213
      18    8642.1664     459.3053     694.4741     705.3474     426.1772     300.2556     279.3726     336.0961     420.5983    2363.0836     516.8443    1280.8267     859.7852
      19    6743.1346     419.9940     288.1648     272.5197     344.5220     366.6213     361.2755     272.7371     281.3236    2271.7646     437.2113     906.7713     520.2293
      20    8601.5614     696.1248     710.4034     631.1178     423.3885     381.2033     287.8722     320.1832     363.9742    1998.9333     506.0301    1473.5767     808.7539
      21    8711.3031     330.3423     243.7611     228.6099     239.5499     369.3007     357.4293     379.1299     455.2007    3351.9911     616.7309    1218.5887     920.6687
      22    8121.5318     553.0873     473.5138     373.7131     196.3405     175.0543     215.6659     279.4087     394.0973    2654.1755     477.1348    1443.0820     886.2584
      23    9839.1439     564.1752     399.3060     335.9295     528.9708     445.0751     285.4712     245.0209     295.7871    3322.4053     659.6540    1631.9555    1125.3934
      24    9203.6013     482.5225     611.1833     669.0331     422.0761     328.3631     237.4981     211.0865     309.1337    2876.3779     808.9637    1265.5431     981.8202
      25    8611.4495     394.6963     387.7056     413.0216     314.1441     329.4758     341.7910     325.5585     636.8241    2967.0653     648.4168    1072.7078     780.0426
      26    7710.5747     755.9591     589.2964     279.5635     231.1646     266.4128     235.7464     269.1099     289.8079    2205.4833     435.4907    1454.3800     698.1602
      27    9462.3324     556.9015     336.6072     310.9850     497.5424     430.2296     423.2912     416.8374     403.0120    2541.5211     535.6948    2276.7459     732.9642
      28    9605.3060     699.8355     421.8425     520.1521     575.7108     487.8884     421.9929     498.2225     435.2338    3050.6770     648.7625    1161.8702     683.1178
      29    9221.7037     409.9811     369.2962     389.4893     366.3435     334.9850     356.2448     420.7439     400.1437    3290.2084     612.6906    1669.5889     601.9883
      30    7506.7167     545.2211     328.8281     242.9102     193.3587     188.4784     184.0394     179.4329     214.3785    2624.2109     535.4992    1522.7466     747.6128
      31    7796.3005     410.1150     372.3576     386.3813     466.1335     484.5071     484.2027     311.7653     266.2657    1738.5800     433.9753    1656.9587     785.0584
      32    9730.2685     775.2175     635.6405     452.5329     283.6757     337.1356     579.0441     623.3323     422.6755    2905.2005     621.9515    1335.5208     758.3417
      33   12030.4424     943.2565     532.5884     542.0072     608.2477     554.2674     418.9840     387.1680     320.2710    3636.5856     632.6409    2343.8984    1110.5272
      34    8255.3448     378.8868     545.8521     431.1234     293.7446     245.7014     258.4706     334.4966     345.8411    2363.9238     679.4892    1713.8421     663.9732
      35    8997.4044     483.7797     361.8338     251.3816     236.0187     348.7176     437.8427     445.0108     328.3874    2986.5421     790.9625    1542.8899     784.0375
      36    8095.2530     402.6878     429.5883     549.7123     403.6279     254.2827     270.1204     466.2136     486.5933    2469.1963     640.0812    1154.6079     568.5411
      37    8820.0301     500.1111     302.6723     229.4713     215.7845     264.9016     405.4506     552.3320     544.0124    2634.6073     706.1243    1493.8187     970.7439
      38    8310.6052     769.6362     600.4369     427.6286     217.9947     224.2205     226.4753     213.3904     254.6651    2901.4774     464.7009    1207.4599     802.5193
      39    9262.9065     477.6632     285.4803     261.2946     253.5700     210.4633     300.1490     448.1980     386.0112    2912.6389     764.1945    1856.2187    1107.0247
      40    9269.6805     713.4223     649.4107     508.2664     457.1441     303.8701     338.4322     292.3693     321.8893    2527.1225     650.3554    1721.1257     786.2725
      41    8290.8257     511.8459     391.9360     284.5703     473.6391     532.9309     365.8677     263.5706     280.6391    2605.1073     649.9605    1169.2090     761.5493
      42    7877.6720     520.4688     479.5577     423.1678     414.5023     458.5733     306.3523     249.6377     379.2625    2471.2417     459.9823     995.0700     719.8557
      43    9102.6345     316.4224     333.6029     374.9807     243.1142     220.6187     254.7545     411.3760     474.1002    3333.1079     556.1275    1712.5466     871.8829
      44    9705.1382     938.8604     542.4254     366.0573     271.3759     266.9089     318.2819     343.5847     453.6139    3598.7792     577.7609    1235.5395     791.9502
      45    6440.7676     367.7709     304.2759     232.0423     199.3583     175.5785     170.7670     202.6342     296.5570    1872.2553     521.3267    1484.3168     613.8847
      46    9880.1480     396.3940     518.8635     379.8496     375.1978     347.9428     269.1729     385.1835     368.7951    3196.4663     898.6072    1734.4495    1009.2259
      47    8484.4049     582.0181     427.7682     243.8323     242.4934     289.3365     375.5357     355.3116     387.8866    2694.9133     443.8447    1402.6967    1038.7679
      48   10277.4071     466.1190     468.1544     501.9400     612.2657     403.3637     352.9418     499.4198     490.0508    3305.6189     683.4879    1551.8814     942.1638
      49    9777.4364    1112.4596     600.9752     475.6922     391.5570     361.4777     433.8439     405.9452     438.0817    3068.7350     642.2876    1197.9534     648.4280
      50    8917.0488    1028.4303     515.7312     443.0918     480.7811     354.2966     280.3643     229.9854     282.1789    2533.8422     611.8739    1367.0394     789.4335
      51    9142.6198     818.9689     765.2770     390.6630     335.2303     317.0667     269.1435     250.0466     379.3898    2900.8101     594.7253    1269.1055     852.1929
      52    8541.8984     375.4525     312.3756     323.9097     566.3365     490.5668     436.1091     393.1301     344.0266    2407.8335     622.3121    1490.7712     779.0746
      53    8664.8995     345.0577     346.7652     498.2940     477.4396     375.6052     509.5845     488.6209     640.2403    1998.1203     410.7772    1685.8735     888.5212
      54    6558.6561     303.2358     210.0839     217.5915     240.0833     252.6322     259.6143     315.9477     404.0642    2203.0580     473.9240     992.3554     686.0657
      55    9234.9037     547.1700     470.1407     320.7735     294.6958     435.5110     713.9778     532.4265     367.9661    3024.8191     523.9042    1302.0583     701.4607
      56    8779.6793     633.8800     652.6193     396.5841     221.4761     213.8595     202.0854     195.8684     229.1838    2744.6369     730.2520    1761.4488     797.7850
      57    9142.7185     454.1940     518.4964     502.2857     323.0277     370.7965     617.2179     695.8415     523.9393    2254.6820     552.3611    1344.5866     985.2899
      58    8449.4272     701.7777     485.9166     341.2035     267.7891     301.5503     301.6575     252.2664     293.6307    2293.5925     504.5622    1704.5510    1000.9298
      59    8578.4613     369.5355     294.7729     436.7637     443.7170     280.4428     216.1459     263.9119     542.3282    3196.1284     520.9402    1168.2007     845.5741
      60    6876.1640     381.2398     344.8447     422.2648     437.0676     337.1852     197.5426     190.3141     246.1164    2089.5443     365.7969    1130.7353     733.5123
      61    7915.6365     308.1366     201.6365     223.3608     269.9820     431.5524     410.5904     249.5446     424.6585    2713.1340     452.2186    1292.8886     937.9333
      62    7103.6865     695.2940     406.6920     311.3632     204.9516     195.9783     194.9288     211.1228     260.8769    2299.2819     538.4050    1182.9220     601.8700
      63   10090.9469     353.1624     388.0667     534.8958     428.2811     305.8139     342.4173     430.0948     380.9005    3901.8218     580.2224    1558.9834     886.2869
      64    8404.1485     525.0485     509.4687     349.3262     242.3560     325.8029     471.5360     471.9906     345.6660    2938.7970     368.8755    1095.9606     759.3204
      65    9845.7797     682.2625     616.2299     733.3964     517.2924     252.0050     214.5768     260.3950     322.3911    3598.1473     445.9369    1584.0792     619.0675
      66    9092.4838     528.0339     305.9016     337.2146     332.8544     428.2919     567.6793     451.4313     334.4052    2689.4299     815.2979    1490.3642     811.5795
      67    9476.8198     595.6034     356.8524     340.2912     314.5072     218.5427     243.0657     299.4139     414.0344    3415.9433     633.3104    1836.6759     808.5793
      68    9381.6698     603.4937     489.2633     473.2887     484.5872     382.9643     496.7032     372.9276     388.7936    3092.4325     523.9767    1166.5744     906.6648
      69    8625.6208     937.1377     568.8412     341.9000     251.2754     190.4642     189.2987     199.3203     297.3292    2765.1984     740.1399    1637.4234     507.2924
      70    9432.4864     446.2783     401.2994     410.3641     311.1990     378.5275     511.0574     408.2890     346.4789    3569.7627     499.4320    1356.7033     793.0950
      71    8591.8177     362.5371     268.8120     338.2637     291.4266     343.7054     383.5775     326.6184     384.8635    3081.6662     643.7598    1321.7278     844.8595
      72    9122.7862     819.5197     712.7090     615.1236     480.7042     318.9049     344.8339     318.6270     310.3702    2538.5333     571.0268    1289.6635     802.7700
      73    9258.5868     571.4904     481.9056     421.2166     366.0956     265.8901     216.9650     260.7588     452.2495    3409.5576     686.8693    1000.0188    1125.5694
      74    9788.5022     304.4528     200.7126     172.9003     250.7156     352.1926     614.1720     527.0159     324.9615    3524.8301     811.1213    1875.0846     830.3430
      75    7700.5011     475.8194     361.8926     353.2898     429.8860     398.6143     295.5395     221.7079     252.6839    2015.6027     427.7249    1806.3966     661.3434
      76    9687.7304     362.7391     320.8316     383.3299     512.9894     448.2936     377.3239     356.8134     394.3052    3550.4023     707.3499    1364.7726     908.5794
      77    7373.1864     304.7745     198.8510     179.8385     190.1193     203.8114     208.9852     246.3136     334.6412    2898.9272     593.8678    1122.9976     890.0590
      78    5855.5046     450.0504     237.2714     199.3881     185.1536     202.5192     219.1013     202.7712     249.1041    1808.6621     378.6405    1132.9943     589.8485
      79    8187.8943     347.0092     244.3648     328.5009     386.6271     435.1971     374.1001     383.8794     338.3479    2597.3444     597.3666    1585.0075     570.1493
      80    8556.5749     575.8916     527.4133     262.5723     233.5498     259.2937     322.6252     312.0408     271.4251    2946.2508     688.5124    1257.0899     899.9100
      81    8665.1954     324.8394     245.1136     322.7184     369.1464     350.0013     348.8929     480.8125     421.6811    3239.4408     561.9375    1214.0166     786.5950
      82    9545.4170     972.8224     590.0024     497.1902     275.2980     250.0465     237.1383     210.0972     301.6433    3221.3537     539.3797    1640.6076     809.8378
      83    8401.6287     530.9696     246.4079     202.8548     206.4696     295.3565     476.3805     502.8559     333.7286    3243.0975     551.8153    1299.9706     511.7218
      84    9856.7563     542.3222     353.5113     254.3727     413.9320     637.1321     546.5365     287.5873     317.3525    2950.6013     813.1127    2019.3454     720.9503
      85    8556.4273     428.4028     376.0797     378.1257     347.2970     308.8411     278.6218     230.0078     269.1346    2644.1105     659.3515    1690.2025     946.2523
      86    8547.5456     489.4530     477.4280     375.8750     381.8140     265.4428     245.4485     231.8816     259.4256    2888.8085     617.2771    1685.1399     629.5517
      87    8382.1057    1078.1550     492.0782     256.0545     217.5751     225.7297     277.7683     403.2294     441.9322    2755.6602     480.5806    1214.1024     539.2402
      88    9066.2085     484.1348     469.9111     220.1873     185.0499     175.3859     183.3161     260.4471     338.4002    3513.3998     772.6714    1549.3217     913.9833
      89    9225.9012     917.4454     590.5436     710.1388     632.0055     366.2402     315.5789     312.6932     312.4018    2204.8529     428.8065    1574.6137     860.5807
      90    8862.2097     752.1466     635.3826     351.5012     307.2648     410.8733     341.2514     381.0387     583.0814    2278.2796     452.9745    1605.2122     763.2035
      91    7147.0353     396.1033     311.4619     204.7799     190.3843     192.8294     239.7099     239.0588     337.1573    2347.4132     541.4239    1435.2856     711.4278
      92    7891.5957     361.3092     236.5112     216.4994     274.8103     346.7208     366.8782     330.5196     429.7429    2831.2524     516.5055    1186.3811     794.4650
      93    8676.7702     338.7729     257.4915     286.4487     279.0172     335.8555     642.2417     651.3809     512.6031    2497.8977     519.2774    1646.5107     709.2730
      94    7493.1342     527.5048     259.0145     226.2219     225.0799     207.1456     190.8732     196.7585     339.9894    2682.4330     493.6920    1281.2951     863.1263
      95    7175.2145     480.6361     237.3174     213.8182     201.6719     224.5906     446.4193     477.8639     483.5507    2173.0081     436.6238    1114.1154     685.5992
      96    8892.5750     450.2919     530.0404     457.3455     274.0906     283.6843     398.4887     460.9339     450.9846    3082.5238     521.1420    1176.9425     806.1067
      97    8096.5373     429.3274     308.5167     252.9984     239.4805     239.3606     334.0828     502.2350     467.8492    3109.1461     444.3683    1000.4377     768.7347
      98    9730.4280     747.6180     446.6741     416.8580     425.4716     405.8621     298.6360     260.6287     385.5478    3445.7516     623.5152    1102.8157    1171.0494
      99    8051.7104     342.5334     259.2141     284.5831     252.4599     217.1107     225.3374     283.5841     313.5408    3410.0349     487.8152    1213.5518     761.9451
     100    8671.1780     877.6488     626.9544     285.1291     245.6689     238.3070     256.1752     268.9090     335.8738    3211.1174     439.4541    1170.5923     715.3481
     101   10793.5656     427.0567     452.7016     489.9905     416.9983     559.0706     553.4822     465.3994     398.5083    3610.6013     588.2421    1545.7793    1285.7355
     102    6167.0061     321.9753     213.7479     212.0497     202.3785     185.7886     168.7595     162.3001     230.7238    2328.0896     421.0691    1013.3020     706.8220
     103    7848.8311     704.7727     668.0846     509.5096     310.5641     188.5822     175.6094     180.8838     248.9899    2207.2147     522.4821    1302.5029     829.6349
     104    8014.3617     486.7000     416.8235     374.9240     477.7343     341.2130     249.2500     245.9070     326.5121    2465.8696     481.0179    1460.2921     688.1181
     105    8678.7543     733.6859     466.2029     259.5766     234.5642     215.6357     233.2747     300.2975     404.5850    3164.0388     384.6308    1520.8163     761.4459
     106    7890.5528     573.5652     297.8742     227.9957     195.8728     205.3032     207.6151     268.9732     317.7518    3291.4506     421.2662    1019.7039     863.1809
     107    6826.6623     418.7583     276.0964     236.7168     244.2085     261.7779     244.1270     208.5672     229.1781    2629.5445     376.9355    1004.8241     695.9281
     108    9531.4970     644.5385     568.1345     564.7386     326.6465     290.1780     286.2111     339.0993     453.8606    3708.4962     477.9137    1053.3214     818.3586
     109    9381.8746     309.0462     250.8299     334.6624     409.0720     423.4036     388.1307     487.2617     419.2567    3019.0835     492.3603    1908.6106     940.1570
     110   10163.0574     384.8923     319.3139     335.9643     323.5339     404.7015     551.2424     407.4575     379.0507    3561.2844     623.9986    2002.2248     869.3933
     111    7451.5290     643.2093     486.2494     340.6852     276.0008     274.4315     228.1692     219.6368     264.6518    2291.1983     374.0561    1138.3465     914.8941
     112    8645.8785     538.6118     416.6012     298.7763     276.7014     248.0234     274.2326     362.1081     376.7149    2753.0056     471.6082    1787.4912     842.0037
     113    8613.0549     714.9053     822.8879     594.8675     423.4227     265.1520     189.9278     192.9159     287.6365    2522.1642     560.6906    1309.0029     729.4816
     114    9551.5735     828.9900     699.0961     685.7206     466.6879     406.2161     388.4091     394.6272     280.8885    2335.9655     594.6128    1709.8992     760.4605
     115    7228.2067     537.7878     491.8826     320.1201     267.9802     232.8170     226.0611     235.7502     332.6052    1945.6227     429.4360    1507.9973     700.1464
     116    9496.6784     656.1082     398.6973     424.9282     405.7985     576.6863     528.3922     686.7179     394.0514    2471.1745     435.8520    1682.4280     835.8440
     117    9431.0915     432.8938     269.1403     191.7596     178.3178     198.7333     435.8735     625.8456     768.7119    3099.1943     739.6735    1645.6566     845.2913
     118    8902.2787     318.3866     256.1452     207.2170     225.4316     407.4539     527.4291     367.9496     323.6214    3355.6305     636.4556    1613.3892     663.1691
     119    9956.2108     558.3291     362.4265     360.4055     307.6227     336.9306     350.6629     518.9792     571.1091    3310.8570     738.9303    1487.7014    1052.2565
     120    9237.5160     369.3153     339.6134     281.4844     208.2789     361.2537     665.3933     503.3715     316.1350    3317.2470     711.5902    1219.0792     944.7542
     121    8162.9341     794.1462     585.4737     430.1877     248.9196     231.4744     214.5666     262.3038     277.5024    2832.9151     495.2291    1131.9327     658.2826
     122    6645.8773     317.1227     226.0795     314.1569     377.2641     386.0729     330.0038     381.4897     387.2645    2146.7042     384.0973     913.3322     482.2896
     123    7081.6349     312.2528     234.3304     228.8212     237.9179     446.1098     418.9370     316.6197     336.9832    2540.5134     416.9662     905.0354     687.1478
     124    7504.6124     845.9873     366.6035     251.0199     214.0931     202.3124     172.6274     182.4473     254.7849    2283.5776     590.7943    1372.3571     768.0077
     125   10640.5115     585.9872     485.5584     454.7157     439.5260     369.4807     329.9718     295.7982     370.3516    4137.1643     757.0931    1479.0733     935.7912
     126    7879.1319     494.8762     312.0049     224.0878     199.9612     184.0235     199.6634     249.8973     471.6209    3250.0863     436.4610    1094.7538     761.6958
     127    6623.2474     312.9281     243.6669     267.7506     295.7506     254.2891     219.3202     251.6828     354.4094    2418.6288     433.1763    1013.1107     558.5339
     128    7450.9698     462.5924     363.9315     418.5820     336.2810     254.8088     290.8934     406.3047     308.9877    2503.4170     429.3674    1015.2964     660.5074
     129    9451.1332     470.5903     520.7380     399.2398     256.4786     193.0287     245.4186     354.8321     411.9286    3303.5126     599.3733    1570.5297    1125.4631
     130    9572.8374     480.8577     423.2400     308.8559     315.7748     308.1578     426.0571     394.8842     395.8136    3527.7056     758.4533    1277.1902     955.8473
     131    7509.3184     307.8960     202.1718     166.0502     181.6117     179.2148     182.4164     281.5194     412.8737    2942.9610     582.0919    1187.1334     883.3780
     132    8935.4857     335.5813     330.3728     261.3786     289.1800     416.9369     771.4501     541.8477     474.5511    2940.2759     547.0293    1090.0114     936.8707
     133    8146.6214     805.6718     470.5823     505.6086     508.2902     285.7191     201.3062     232.9973     306.5253    1971.0201     514.1958    1413.5907     931.1140
     134    9556.7732     466.1511     377.3882     539.4632     404.5075     352.0569     305.8098     264.5752     372.9806    3757.9835     597.0049    1381.5361     737.3162
     135    6983.3508     441.6148     257.6167     243.2654     250.5884     305.3785     384.1620     363.1787     307.4834    2094.9794     546.2473    1043.4405     745.3956
     136    7833.3657     473.3342     372.7042     329.3958     384.9152     370.2189     323.6545     301.8562     283.2943    2502.0490     644.9616    1235.6161     611.3655
     137    7893.3863     405.7616     320.2052     322.9857     323.9625     340.2890     327.9977     299.8292     288.2598    2459.6961     637.8542    1322.9999     843.5455
     138    7800.3019     459.7935     358.0990     258.4724     230.7153     234.2635     335.7497     369.6329     383.5197    2687.5952     450.1981    1032.1456    1000.1170
     139    9013.6384     525.3320     594.9608     396.3681     403.8295     297.9056     202.6402     194.2799     231.8921    3010.8289     703.8629    1230.9804    1220.7581
     140    8519.3457     409.3178     317.4444     304.0153     248.5315     246.1541     343.8589     320.1985     341.5947    3162.6846     663.1432    1257.9531     904.4496
     141    7959.2039     518.3942     406.8325     334.0138     294.7978     265.8280     254.4574     212.4758     300.3227    2973.9933     471.3430    1206.3921     720.3534
     142   10162.5692     365.1120     315.5687     358.6606     517.3344     445.2754     499.4464     545.4676     397.5188    3025.5356     572.6595    1882.8714    1237.1189
     143    8067.6565     342.4452     308.0800     425.6949     323.4810     262.6651     219.6115     223.2294     328.4559    2904.6401     675.4547    1334.5803     719.3183
     144    8497.2134     564.1492     411.1756     426.8821     523.7437     462.5395     548.2418     407.3444     340.1805    1974.7999     438.4829    1598.2627     801.4111
     145    8275.2889     477.4205     353.9031     225.2487     199.3005     195.2122     219.6770     327.6071     309.4129    3177.4441     569.6767    1633.4925     586.8938
     146    8110.9178     733.5290     526.4271     297.3584     285.3256     363.4633     372.8302     272.0107     292.5143    2361.3546     617.3435    1379.0619     609.6991
     147    7760.9795     585.5347     646.6494     454.8900     349.1798     239.6542     202.2972     238.9315     408.9893    2102.0437     405.5687    1256.7446     870.4965
     148    8216.4506     510.6777     313.9903     296.8065     324.1289     313.2395     262.5269     258.7699     375.4259    2643.9781     456.0354    1545.9143     914.9572
     149    8148.8659     665.7400     454.0794     412.0665     452.5009     436.0609     334.1541     250.9442     326.4736    2557.6398     481.4832    1080.3887     697.3347
     150    6714.4501     373.5162     286.2203     226.6142     230.8814     256.1445     259.7992     312.4436     455.5580    2258.7121     395.5037    1018.4991     640.5578
     151    7314.9528     401.0173     384.1778     352.2775     396.1555     512.0490     401.4520     271.3726     238.0009    1846.2419     449.4272    1418.2669     644.5142
     152    8408.8005     470.8786     564.8172     326.1527     230.5161     264.5401     278.7725     379.0729     461.9385    3030.2124     572.8474    1114.4008     714.6514
     153    9815.8024     566.0454     386.8427     334.3264     280.9594     296.4780     338.7289     515.2397     387.1709    3675.6346     535.6388    1328.7059    1170.0316
     154   10157.5262     499.0814     356.1660     349.3012     351.4220     456.7249     495.2299     329.5179     371.6547    3767.0661     881.1774    1369.7972     930.3876
     155    8774.1308     429.4643     283.5836     290.0154     327.7954     281.2241     244.1761     263.8441     374.4051    2749.7386     670.7493    1908.5043     950.6305
     156    7948.1643     294.8450     202.8010     178.7635     164.9075     189.9782     192.9235     254.3829     323.6811    3032.6616     697.8162    1502.8853     912.5185
     157    8154.2853     458.5185     478.5043     563.9469     350.7833     276.7241     312.9542     332.7866     356.1137    2912.7141     489.2239     971.7597     650.2562
     158    7228.2790     792.5041     523.1279     415.9225     392.3892     315.3916     240.4671     205.8909     229.4997    1936.3772     453.8436     981.1547     741.7106
     159   10658.1918     438.6075     476.8092     506.4075     500.8791     441.3037     440.0090     574.4316     544.8583    3001.2855     672.3670    1837.8309    1223.4025
     160   10421.1689     601.4478     870.3254     566.0779     358.1021     304.8116     328.0739     406.5321     373.1543    3449.4662     573.3294    1513.1206    1076.7275
     161    7084.9662     550.0501     415.9669     286.1207     196.6692     185.7126     221.3571     333.5687     326.3359    2374.1573     376.3645    1134.0892     684.5739
     162    8813.7106     396.0876     395.1173     415.9139     322.9643     316.9937     429.9311     397.2711     329.3344    3301.8000     532.7119    1270.9628     704.6224
     163    9658.3128     495.8288     508.1084     445.3106     422.6496     500.9269     308.3203     205.2741     235.3594    3442.0923     437.5094    1564.6773    1092.2556
     164    9262.7796     840.2342     631.8648     516.7889     474.2292     281.1128     230.5745     298.9148     307.6755    2966.1833     519.6409    1457.4924     738.0683
     165    9369.0722     478.0488     364.1926     367.3513     422.8821     416.3833     285.5599     259.9959     399.9494    2756.3527     644.6822    1825.0749    1148.5992
     166   10179.8766     718.4581     478.1029     321.8434     323.4858     308.9515     470.2969     723.1371     605.4288    3230.0281     509.7118    1509.4740     980.9581
     167    9686.2052    1057.5950     463.7631     287.2796     389.3185     393.0224     381.8519     311.4258     292.4356    2549.6556     923.8955    1640.0351     995.9270
     168    8244.5373     922.4452     392.7548     246.5458     234.0854     294.6551     364.3389     392.2232     346.4717    3103.1970     382.8118     947.7727     617.2357
     169    7701.1159     425.0989     503.1598     493.8632     338.5892     284.9447     338.5741     468.9015     526.1477    2121.6159     412.8873    1008.1898     779.1438
     170    6371.0820     323.5734     214.2069     195.7094     194.0179     215.0221     362.1599     304.7100     334.5883    2372.6572     380.6292     925.7536     548.0541
     171    9333.5059     574.5498     474.4636     492.6926     484.0439     297.5806     218.7468     241.8729     296.8435    2908.1797     588.8755    1641.0262    1114.6307
     172    8403.1656     663.6960     393.9002     312.5692     315.3726     281.0582     404.3120     481.9020     517.0530    1838.3707     377.3038    1797.4435    1020.1844
     173    6583.9372     390.4114     257.4028     233.5685     198.8528     186.1705     198.2902     246.8569     295.2503    2280.9721     482.9586    1310.8781     502.3250
     174    8224.0664     345.5822     433.7521     426.9532     355.2786     382.3803     509.5716     380.9530     309.2228    2315.6046     354.4792    1539.2894     870.9994
     175    9637.0744     476.8326     389.1960     378.5365     462.0556     436.0944     330.5210     318.0717     340.7617    3094.8109     790.1591    1896.8326     723.2024
     176    8285.5437     365.5776     398.2764     384.7414     449.4801     476.0616     448.3624     448.7377     291.0245    1781.1888     573.8110    1848.2219     820.0604
     177    6385.7191     382.2832     224.5921     199.8409     192.3043     188.1653     197.2406     208.6647     307.0008    2120.2511     421.4780    1412.8921     531.0060
     178    7957.6783     500.9884     512.9905     348.4485     319.8026     352.8449     245.7512     227.8433     299.2651    2912.9669     387.0349    1120.6135     729.1285
     179    8248.5942     509.5297     430.3314     412.2676     523.6631     353.7800     318.0140     306.4551     370.1737    2587.1546     370.3140    1312.0210     754.8899
     180   10449.1698     738.3687     474.1549     371.9216     553.1525     655.6450     701.6024     538.2749     320.2132    3766.2024     383.6825    1249.5727     696.3791
     181    9243.0667     461.9748     407.5863     514.0168     503.5478     407.3948     298.7460     328.1496     514.5332    3112.4019     567.4045    1444.8879     682.4229
     182    7913.0718     498.3415     459.9998     383.2801     228.7598     199.8289     229.3076     215.6333     230.9933    2534.3797     579.9283    1538.3129     814.3066
     183    9167.0847    1047.4501     561.0236     295.1896     185.3219     180.2614     188.1856     215.4174     305.2654    2563.0814     754.0290    1815.3039    1056.5556
     184    7218.2575     377.2727     313.1320     449.7320     510.3205     413.2234     408.2387     260.1127     273.0614    1840.0326     281.2630    1446.2824     645.5859
     185    7736.9808     479.0946     374.6649     332.9937     298.2608     246.1187     308.7805     309.5130     375.3788    2764.1229     523.0090     958.5606     766.4834
     186    6795.5035     695.8400     296.7845     214.1064     216.7468     230.1161     236.1191     221.7143     272.1252    2370.3970     447.5533    1121.7625     472.2384
     187    9557.8783     480.9519     463.7270     310.4686     216.0928     187.5226     190.8706     217.6391     254.7888    3679.7978     585.6641    2070.2916     900.0634
     188   10486.7938     714.3056     725.1764     502.9302     264.9069     237.0278     217.6052     345.1866     404.8268    3835.4617     728.8716    1729.9886     780.5063
     189    6409.9142     469.5664     319.3560     316.1467     281.3658     253.0539     297.0515     277.1905     268.0895    1834.2058     375.0964     959.2085     759.5831
     190    7932.4519     409.9632     464.9104     489.1328     268.0653     198.0200     196.3231     195.7901     272.2445    2760.3126     614.7493    1350.7131     712.2276
     191    8460.0513     715.6839     505.2811     434.3982     337.3902     248.5657     214.6751     213.2399     262.6659    3122.4539     346.1663    1299.5668     759.9643
     192   10104.7810     362.7502     401.5469     450.6597     501.4948     498.5007     576.7329     337.7417     435.5010    3115.1531     595.6674    1726.6934    1102.3391
     193    8477.3339     319.9108     249.3329     359.8426     396.0013     259.4410     305.9632     381.5872     393.9684    3021.3122     531.0522    1327.1959     931.7262
     194    8422.2539     568.3693     571.7159     387.9317     289.9106     339.5980     295.2796     244.1619     262.3787    2227.7453     477.6059    1737.3157    1020.2411
     195    7535.6896     891.3989     520.5550     375.3013     275.3292     252.9328     226.5327     291.0442     363.4088    2210.9254     358.5703    1090.2657     679.4253
     196    7364.6557     776.2584     295.4751     230.0360     281.6321     401.1668     286.5822     320.3886     311.4173    2224.4144     433.1168    1132.0608     672.1071
     197    6781.5930     313.1108     227.2645     281.5295     264.1556     253.2014     263.5964     301.0080     272.1204    2475.1400     417.1021    1259.5726     453.7917
     198   10025.1375     675.0162     755.4593     475.6476     257.9290     313.3877     305.4358     257.8524     270.5344    3442.9650     665.5926    1686.5029     918.8147
     199    6321.9048     593.3190     268.6065     192.8318     198.6477     202.1732     193.3038     209.3381     305.4605    2209.2069     395.4169     895.9063     657.6940
     200    8702.2349     352.3142     321.1555     325.2214     361.8197     492.2182     522.1111     304.1435     288.5895    2733.9051     762.4521    1464.4322     773.8724
     201    6726.6865     439.8234     288.2889     272.4276     312.4176     205.6608     189.5000     197.7913     281.5635    2265.4222     469.6132    1243.7390     560.4391
     202    8363.5329     609.5216     426.6755     459.7437     501.2362     397.3552     418.0744     378.3604     305.3321    2229.1629     558.0925    1457.5651     622.4134
     203    9199.6599     531.1975     381.9876     350.8284     401.0761     268.7469     206.2890     309.5708     314.5169    2992.9942     590.3102    2021.9544     830.1877
     204    7458.3409     421.4530     304.0787     467.8491     487.4720     307.3723     207.4932     209.1458     313.9567    2441.0086     406.3109    1130.1764     762.0241
     205    9450.4143     365.8087     214.7725     178.6229     191.0946     357.6939     675.8850     591.2017     374.8063    3306.4046     688.7302    1413.3678    1092.0262
     206    9332.6546     987.0685     569.8071     686.6710     431.7942     291.4899     316.2947     475.8485     613.1890    2520.2137     511.5621    1107.5740     821.1418
     207    9247.0740     575.5432     363.6353     323.9385     333.2293     536.8913     504.5194     265.3024     265.6617    2777.2440     662.4962    1754.9829     883.6297
     208    8223.0677     673.3438     537.9293     378.2937     408.0961     345.9705     231.9009     225.6650     313.0880    2288.6043     436.5854    1546.4668     837.1239
     209    8570.8541     943.5662     437.7471     282.8528     266.8747     283.2586     303.0989     320.1017     351.1932    2426.6216     610.0700    1498.5551     846.9141
     210    9845.1364     466.4311     334.6107     292.0979     309.0400     419.2633     378.3760     501.3269     574.1805    3673.0496     618.4485    1306.3673     971.9446
     211    8647.4890     444.4345     576.6702     537.0591     465.1674     406.4443     387.8844     438.8084     392.4212    2128.9749     382.0778    1658.2991     829.2477
     212    8877.8435     384.6018     360.0916     378.9989     506.2134     582.9227     576.7107     423.8125     370.9847    2887.3677     496.6684    1235.9859     673.4851
     213   10195.0925    1250.8037     566.6199     348.6546     296.0955     385.7083     391.7045     448.8619     548.3740    2724.8744     839.6076    1503.9022     889.8858
     214    9201.7287     859.6206     602.3015     567.2165     469.6837     386.2307     319.8820     277.1867     324.4330    2570.8600     592.2418    1289.5492     942.5229
     215    8124.9497     310.0426     197.6284     177.6457     177.8716     193.9773     257.0408     380.9327     431.5572    3142.5142     522.6313    1502.9943     830.1136
     216   10020.4059     584.6438     509.6333     391.8761     311.5705     270.7708     285.0418     237.5374     262.6359    3822.1004     642.7903    1309.6323    1392.1733
     217    6747.2850     309.5678     202.0157     174.1392     170.3894     289.0019     461.1075     423.0004     434.4092    2016.8930     378.3456    1295.3058     593.1095
     218    8442.9903     681.6585     330.0567     264.1595     351.3081     414.9234     393.1862     342.3561     316.2544    3024.2079     515.9138    1163.6718     645.2940
     219   10154.2762     878.3832     768.2414     487.5466     519.2820     424.2522     388.2690     388.6255     570.8535    3021.1634     556.1009    1339.1690     812.3894
     220    9278.9864     708.9460     592.9969     527.3073     518.9777     301.0643     245.2292     367.0228     414.5651    2670.5669     529.9896    1214.0968    1188.2237
     221   10253.1892     505.6911     348.6445     394.1547     420.6485     696.7730     679.6326     643.5741     514.6512    3233.8989     455.8424    1478.8393     880.8388
     222    7906.7847     540.7926     667.7764     619.4300     413.2575     240.3925     226.9062     323.4078     374.9795    2206.7346     416.8615    1134.7121     741.5339
     223    8613.6119     474.7323     325.8929     372.6519     444.0409     483.2862     372.5579     370.2435     372.5625    2740.1832     618.2657    1255.2402     783.9547
     224    7932.6196     377.5842     383.0359     246.1685     240.2638     289.9500     330.4975     414.5730     369.0150    2909.9465     500.4030    1123.5830     747.5992
     225    7361.3422     312.1823     224.6864     217.3199     209.4930     269.9407     383.1649     277.2062     273.1700    2588.8345     512.1985    1376.0190     717.1269
     226    8921.6246     863.6488     535.9273     351.5713     304.8286     379.4015     329.7243     230.1427     260.0502    2546.4847     712.2157    1619.0485     788.5809
     227    8511.3224     614.8557     391.4367     291.7812     251.0723     255.0921     342.3179     409.8220     335.9666    2505.6312     545.1399    1644.0594     924.1473
     228    8244.6989     418.2446     380.0393     353.8831     447.4026     295.3593     272.7753     342.0800     375.1051    2229.2769     546.4285    1658.8421     925.2621
     229    6135.4929     494.4202     413.7745     277.9662     215.7603     210.1364     208.2756     241.2616     293.3873    1860.8280     371.7794     900.1804     647.7229
     230    9633.7437     354.2675     303.7295     471.2934     380.6572     456.3322     559.9914     396.9573     445.8794    3303.4506     760.3697    1140.2990    1060.5166
     231    6683.4552     653.2709     305.6018     250.6741     255.4250     276.0148     264.5238     254.1865     314.9963    2168.8672     383.0251     949.4920     607.3777
     232    8930.6433     564.9860     412.5311     408.6664     365.2068     406.0506     394.0869     306.5473     313.4589    2780.6717     655.5211    1641.6342     681.2823
     233    8325.9890     757.9165     530.6745     389.7674     401.2438     469.1166     313.4021     207.3568     226.0409    1981.4907     594.2533    1526.9795     927.7469
     234    6446.1759     382.2078     291.6582     252.6159     197.5735     187.4969     193.6031     198.5896     267.6197    1921.9700     441.0302    1535.3643     576.4468
     235   10046.7115     694.9133     353.2090     321.4894     392.5768     406.7976     261.2727     278.9335     423.9589    3519.8820     659.8033    1542.3962    1191.4787
     236    9331.7351     562.1794     646.0838     618.9080     426.5932     341.4758     397.7456     316.5783     353.8385    2770.5561     717.6951    1398.1584     781.9230
     237    7992.3886     421.1579     345.6437     337.2613     370.3417     313.5608     320.0928     282.6342     292.1313    2787.9259     463.7371    1311.9654     745.9366
     238    9078.9298     335.4973     302.4114     387.0204     387.0977     496.1956     536.7520     495.6307     525.7860    2757.6596     520.1217    1230.5803    1104.1772
     239    8828.8933     614.9087     606.2525     432.7016     261.8743     281.3909     434.8639     400.9724     430.7986    2908.4747     552.1678    1170.9590     733.5290
     240   10247.4648     610.7440     830.7333     605.9802     361.5129     344.6054     283.4471     244.4811     420.4657    3346.1784     757.3823    1452.6477     989.2868
     241    8875.5526     468.2960     491.6892     653.9496     595.9830     337.7506     338.9550     369.8296     531.6887    2122.3313     537.3993    1562.1350     865.5454
     242    8952.9161     495.4341     481.0516     434.6642     331.3796     354.6750     322.6356     448.2467     449.0069    2670.7977     442.8936    1793.9862     728.1450
     243    7101.8510     349.4436     252.4070     209.9680     196.1995     216.5895     237.2276     240.7086     260.9171    2578.7327     450.7939    1246.2890     862.5744
     244    9443.2015     826.8938     687.8903     520.7379     276.9501     276.1067     237.5807     300.9448     290.7585    2719.5734     808.1796    1525.9894     971.5961
     245    7949.5349     509.4551     429.1585     408.8421     370.7288     299.3717     440.1921     348.6756     370.8290    2876.3982     350.5548     941.0131     604.3158
     246    8120.2360     507.3941     540.1378     468.9434     447.2139     258.1927     222.2496     297.4547     339.7855    2104.4678     605.8971    1250.9958    1077.5035
     247    9254.2162     472.3360     389.3905     561.1460     640.1289     431.4649     334.4626     430.8989     483.6479    2804.2265     496.8267    1289.9618     919.7254
     248    9537.0525     671.7059     870.1761     755.4861     478.9397     433.8239     439.7429     340.2732     302.7960    2449.6115     525.7120    1287.9029     980.8822
     249    7736.3731     347.9337     241.0015     215.6819     245.3409     287.6301     380.5940     340.6070     326.5057    2857.7597     553.7481    1241.4300     698.1405
     250    7560.2449     439.7597     394.4386     308.8486     365.2777     277.1136     238.0081     226.7654     316.1722    1953.6832     492.9685    1612.6002     934.6090
     251    7939.8113     549.3481     289.9304     251.8743     190.6759     189.2320     205.9455     285.5405     369.2799    2976.4089     617.2874    1175.4469     838.8415
     252    9542.8566     457.5936     405.0173     691.1889     767.8927     488.6226     366.0551     298.1262     339.6357    2796.1707     500.1480    1526.0417     906.3642
     253    8000.6392     374.2620     296.0741     358.3818     498.5831     524.6872     387.3062     287.8030     305.3737    2613.3989     573.9510    1140.5319     640.2863
     254    8172.3947     897.1510     360.8426     321.1568     309.5498     253.8062     234.5910     321.2517     493.3239    2650.9788     512.1602    1201.6091     615.9736
     255    9114.0788     445.6050     428.6820     366.1047     352.1279     511.0855     539.9166     398.6146     381.0450    2817.8910     553.4278    1640.8343     678.7443
     256   10432.8895     658.7878     426.1251     294.3295     307.1685     606.3785     620.5987     427.4648     406.6814    2725.0210     894.8534    1968.4262    1097.0547
     257    9366.6619     584.2629     492.8915     322.6304     269.8226     329.9400     357.8727     306.1201     318.5239    3820.3880     442.2870    1578.7384     543.1845
     258   10036.6418     558.7425     422.5790     393.8625     333.7031     372.0492     263.6161     274.1212     279.6885    3520.5826     876.7659    1821.1584     919.7729
     259    9217.6159     943.5243     624.7261     293.8682     202.8556     198.4771     301.0509     579.0027     615.6369    2404.1240     563.4537    1484.5380    1006.3586
     260    8384.3454     402.4450     323.7519     241.8379     226.1111     340.5888     591.5916     518.5209     468.8702    3109.9547     403.3227     900.0847     857.2659
     261    8302.1610     563.2216     522.7373     246.1468     197.2566     185.6741     219.0849     315.4832     503.5591    2366.8776     656.2876    1485.2730    1040.5591
     262    8838.9264     686.9482     419.1449     405.7582     448.2130     330.9000     275.7477     327.5768     391.0033    2922.1951     590.0961    1302.1064     739.2366
     263    8488.1469     515.7683     365.0357     413.5805     463.9520     501.9918     426.5376     336.2113     444.9437    2538.4299     652.5742    1162.5467     666.5750
     264    7570.0318     312.5947     264.1505     410.1339     302.2933     284.7456     276.2487     289.3715     318.2456    2401.9580     544.0755    1399.1267     767.0877
     265   10282.4166     546.8287     289.1570     287.2516     604.3631     679.4334     568.3821     368.4605     411.2199    3861.4392     510.9593    1282.6988     872.2229
     266    9302.8593    1206.5594     579.4476     367.2339     291.3895     252.5953     325.0448     514.3222     390.9373    2886.6034     395.8759    1328.3653     764.4849
     267    8037.0617     330.4222     207.5376     179.3724     168.0565     218.3131     496.9185     424.4175     384.4865    2519.0032     594.9428    1741.4424     772.1489
     268    9491.7778     505.9289     636.2763     715.8307     411.9788     407.8550     371.1824     361.7720     485.7573    2404.5268     693.5009    1688.8280     808.3406
     269    9792.2466     471.0154     241.7490     273.8623     408.2754     636.8604     468.1738     374.6561     321.5325    3421.2034     628.0110    1674.9673     871.9399
     270    7456.7936     636.5239     298.6365     237.2316     252.1786     263.7292     348.5724     332.3524     366.8916    2394.3962     584.2802    1005.0451     736.9557
     271    6486.7738     385.2472     272.8784     274.9026     341.9943     318.4081     263.0593     209.7790     211.3691    2352.5458     414.2073     967.1779     475.2048
     272   10778.5142     709.4402     579.8003     338.7535     232.1292     273.1221     283.9282     247.0161     358.5527    3680.5651     776.9287    1926.1008    1372.1773
     273    9514.7667     373.2152     295.2179     213.3020     202.3144     216.8450     229.5400     330.1908     325.6376    4369.9140     530.1321    1337.6626    1090.7950
     274    8134.6798     406.4602     279.3590     193.8322     183.8735     182.8399     206.3130     263.8387     402.6302    3181.7825     629.7176    1167.5583    1036.4747
     275    7969.1791     447.2989     399.5440     395.2018     234.2453     203.3477     192.8458     209.9370     263.9102    2972.7617     635.7317    1225.2700     789.0852
     276    6840.3430     428.2074     390.7406     358.2101     302.3051     263.5916     312.6981     286.0118     306.3391    1835.5435     364.2854    1187.5301     804.8800
     277   10255.6745     385.8813     448.0868     535.8942     385.8638     328.9569     428.2497     350.1776     307.3377    3501.9738     525.2784    2006.5953    1051.3789
     278    9587.4320     325.9774     228.7540     234.7218     282.6278     257.2846     278.2772     280.6560     347.6506    3798.6382     787.4311    1890.0315     875.3817
     279    9760.4060     688.6954     513.5387     466.8272     506.5487     385.2905     323.4824     315.3779     397.0042    2937.9535     532.8128    1318.9300    1373.9445
     280    8275.6896     535.6536     486.6357     345.2396     351.7538     369.0302     383.3164     310.4776     388.5453    2823.6317     410.8476    1165.8385     704.7195
     281    8364.8578     558.9389     486.0505     570.6248     441.3037     368.8537     319.5252     213.5939     225.4083    2477.9469     681.1165    1158.7922     862.7034
     282    8726.6474     360.1466     446.4752     498.0192     397.3623     416.5978     481.5198     593.3719     472.4228    1787.5410     358.2645    1905.6231    1009.3032
     283    6695.0178     606.1869     438.0261     229.1147     175.6231     173.5103     181.0976     231.1935     255.7271    2125.5212     496.7655    1115.7971     666.4546
     284    8526.9089     485.7206     302.2095     316.3465     259.7415     226.8417     320.9117     469.7474     443.1294    2950.8769     501.9596    1335.4974     913.9268
     285   10472.5042     777.9459     433.3147     364.0312     383.9367     711.4730     848.1096     540.2117     359.5217    3324.2374     325.4491    1397.7586    1006.5147
     286    8708.2665     519.9720     573.7356     525.1758     278.4039     246.3656     320.5918     416.2826     407.6497    2697.3789     571.1582    1371.7130     779.8396
     287    7341.5615     545.2920     376.9697     364.5302     386.6072     346.4180     320.5468     320.9378     328.7406    2692.3150     291.2185     909.9283     458.0574
     288    7865.3704     833.7625     360.8801     209.3078     197.2322     184.1989     197.9290     228.1401     339.7516    2285.2208     630.5856    1490.0831     908.2789
     289   10270.4325     999.5687     437.6849     338.1934     490.6660     374.5270     299.1912     362.8360     388.9266    3881.9677     623.0195    1178.2992     895.5523
     290    7970.8922     483.5910     328.0530     207.7324     201.4828     191.9835     209.2638     259.3685     294.9872    3197.5021     505.7602    1172.1949     918.9729
     291   10400.3208     708.8584     566.2140     373.3410     317.5277     442.6313     501.3749     450.4619     448.0901    3346.3200     814.9491    1496.6689     933.8836
     292    8877.7892     983.6729     582.5020     397.9682     353.1326     376.0094     327.5502     260.9081     263.1368    2370.5675     657.3862    1523.0073     781.9482
     293    9414.4049     608.4037     588.7994     448.1992     212.9346     246.2143     309.9165     346.2566     342.7633    3523.3085     460.1488    1451.4315     876.0286
     294    8310.4656     520.7263     384.4077     363.1493     241.4822     212.2736     239.4610     315.4833     328.4521    2910.0985     391.2793    1330.3270    1073.3252
     295    6614.4826     319.6709     207.6877     181.0808     183.5315     212.7322     299.3349     279.3843     318.7105    2202.6181     451.2673    1419.2951     539.1694
     296    9230.1013     318.3843     257.9875     308.3831     412.9336     773.0550     760.0594     383.5225     313.6570    2856.1076     638.0250    1421.1311     786.8554
     297   10540.7368     797.8618     469.4878     292.9356     285.0232     345.1080     349.8299     407.3114     636.7690    3172.2576     624.7393    1828.0342    1331.3792
     298    9568.7475     409.0342     373.7961     413.3710     439.9727     427.2750     413.0000     472.3064     533.7105    2406.0553     579.0782    1933.2143    1167.9337
     299    8116.2255     673.4362     511.6559     396.3569     277.1734     271.6397     340.7833     302.5915     268.1990    2146.1116     686.0552    1558.3869     683.8358
     300    8461.2696     503.2728     320.5872     275.9147     264.4343     265.7366     276.7314     467.9187     439.9109    2901.5593     671.1133    1372.9664     701.1242
     301    7594.0896     447.1591     424.9131     374.5176     306.3406     228.6444     215.9375     273.3004     382.7574    2814.7140     472.7478     943.0571     710.0008
     302    7940.4496     309.7394     203.6264     184.1122     236.7188     374.8767     265.8557     261.9601     297.5358    3252.4918     460.1304    1159.4998     933.9024
     303    6696.6090     393.7836     255.4852     227.1911     214.3704     208.4837     182.8466     192.0294     290.4148    2297.6956     512.7235    1089.4524     832.1327
     304    8489.1371     472.7281     453.2593     550.9155     529.7343     285.2446     211.6071     199.1608     279.3222    2514.1339     592.3367    1402.7289     997.9657
     305    6595.1811     516.3392     384.3938     325.0483     247.1568     225.6404     230.1568     276.5013     370.6731    1997.8713     351.1435    1051.4951     618.7615
     306    8501.8135     310.5808     255.5692     339.5589     380.0422     293.9944     332.1688     537.9609     608.7733    2958.8665     554.5047    1406.0776     523.7164
     307    9210.3055     322.5130     221.4879     212.5167     297.3428     517.9479     724.6446     558.9145     512.1576    2806.2589     519.2688    1541.8960     975.3568
     308    9514.2924     723.1571     697.2420     344.2712     278.4051     292.9976     393.1581     420.2832     382.2440    3345.2204     427.0039    1452.2592     758.0506
     309    9086.4938     705.8205     256.8075     229.0725     245.7037     267.6771     295.8897     299.5678     379.6469    3206.7141     728.4095    1734.5657     736.6188
     310    7618.3422     841.4673     364.2476     329.1352     311.2991     255.6660     195.8619     190.4626     327.9243    2543.1199     501.4146     977.3205     780.4232
     311    9838.5933     792.9740     387.1087     321.5341     294.8789     299.1865     388.4331     558.6312     802.6620    2810.2404     515.9902    1643.7925    1023.1618
     312   10107.4966     464.2404     330.8340     244.3706     296.6990     471.9863     343.1465     277.3970     408.6767    3806.6287     624.9434    1873.6115     964.9624
     313    7191.7152     479.8315     305.2489     213.4180     188.6398     190.0665     185.4758     235.9420     302.7301    2573.6774     488.1244    1388.3329     640.2280
     314    8690.3071     741.9594     608.9856     396.1794     399.0611     403.9424     252.9309     216.8810     229.0801    2734.3662     597.2006    1313.3308     796.3896
     315    7126.2183     407.6857     288.4764     245.9469     248.7584     234.5631     275.4657     269.6868     315.2427    2338.9371     486.4936    1265.9376     749.0244
     316    8024.9486     455.1517     313.9761     272.0488     292.5601     288.8301     481.6687     342.5103     269.1400    2585.2338     527.7129    1351.0924     845.0239
     317    8889.8338     558.7107     618.8832     416.0585     327.2762     342.7081     338.1075     328.5108     337.5424    2959.6158     627.8990    1139.6702     894.8513
     318    6341.7588     336.5681     252.8613     278.4746     269.0617     246.9710     267.9434     307.6228     335.9588    2145.3672     268.2481    1043.7688     588.9130
     319    9263.9556     505.7360     510.5780     500.1971     471.6909     291.3282     217.9518     261.7561     338.0724    2775.1218     677.2326    1499.5935    1214.6970
     320    7464.0422     432.7360     276.5494     287.8860     338.7781     344.6039     460.0318     309.5462     336.6527    2198.2464     576.7525    1132.4161     769.8432
     321    8639.5827     368.6631     217.3579     198.6982     202.9951     315.8918     396.6692     273.7345     294.3512    3538.3730     531.7131    1547.9182     753.2174
     322    7366.8726     337.8498     194.2624     165.8430     177.2823     180.1787     261.5372     279.0614     391.8630    2930.3486     499.4561    1108.7936     840.3965
     323    8736.8052     868.1997     462.7887     359.5836     229.3888     204.7023     233.6570     331.1831     464.0395    3129.2159     500.7694    1242.5328     710.7443
     324    7253.4465     332.8378     246.4135     264.0316     346.6565     444.7778     366.7923     335.0516     329.9489    2276.0937     477.5542    1284.6061     548.6826
     325    7992.1123     312.0721     198.3980     199.6840     210.6928     201.1108     221.2398     301.2073     299.7452    3201.3270     518.4966    1473.8099     854.3288
     326    7346.4326     437.0833     517.5889     425.3718     277.6857     233.8350     275.5891     252.4355     288.6658    2725.0964     445.5130     983.5228     484.0455
     327    6952.0748     598.0721     455.6745     251.8412     179.9928     174.4718     181.1463     206.0062     272.0250    1921.6574     446.2116    1406.4982     858.4777
     328    7102.7525     465.6076     416.7806     360.8099     324.6953     227.0093     195.7557     224.2417     242.5640    2633.1126     349.7673    1102.4146     559.9941
     329    8191.3952     437.1282     293.6569     213.9067     205.1135     247.0362     326.6228     456.7949     384.2921    3146.5838     547.8361    1047.3467     885.0773
     330    9427.9363     435.8209     388.3228     476.9327     291.3262     241.1929     234.5123     297.1933     348.4598    2893.2368     632.7106    1995.8572    1192.3709
     331    6551.2905     316.1605     203.9095     167.5798     165.2155     178.8950     229.9413     296.1365     263.3667    2446.4288     464.1951    1042.9207     776.5410
     332    7434.4624     310.9784     245.0994     251.3139     202.3952     197.7232     231.0578     310.8225     484.9274    2527.4954     498.9281    1245.9843     927.7370
     333    8644.1554     310.4594     217.0340     249.9899     258.0777     377.0610     447.0838     382.3517     425.8595    3476.1074     561.5911    1238.7902     699.7499
     334   10135.5019     492.4363     328.9655     375.1075     549.2204     621.7792     480.2251     499.8011     410.1850    3398.1626     673.6962    1445.2230     860.6999
     335    9751.2915     637.3405     405.4401     249.3397     193.0462     197.3956     212.0652     386.4368     474.4786    3860.0564     534.9366    1464.6335    1136.1222
     336   11199.3381     694.9251     265.4844     212.2774     255.8858     326.3293     505.9989     397.1269     348.0117    4612.1589     638.1557    2054.5425     888.4415
     337    7428.7704     579.1425     357.2066     259.3745     209.9928     199.6828     241.2757     396.1506     416.4012    2544.8156     420.0347    1270.1021     534.5912
     338    8872.7788     445.8645     415.1329     357.3471     278.1276     233.1585     279.0119     440.7691     456.4299    2992.6122     563.1094    1823.7588     587.4569
     339    8457.3628     375.3862     277.7250     262.2304     221.0310     187.2226     184.9669     249.2121     345.1717    3257.8382     665.3952    1423.5372    1007.6464
     340    9323.5052     493.9990     396.3356     418.8364     530.0231     348.8898     409.0194     535.0331     542.6753    3160.3379     561.2784    1079.8138     847.2634
     341    7763.0038     619.8968     317.4807     228.4008     237.7083     259.4456     239.1644     292.4775     323.1962    2803.5451     405.1388    1255.0856     781.4639
     342    8626.6018     657.2139     537.5502     449.9944     353.7934     241.9706     269.9645     356.7690     333.4907    2470.5777     498.9587    1597.4013     858.9175
     343    8021.4437     613.9013     540.5015     424.6039     230.6066     192.2855     205.3407     316.1719     424.0622    2630.8911     513.4280    1138.5763     791.0747
     344    7625.0396     688.7237     434.3345     242.6801     221.3879     230.5030     253.7521     325.1364     339.0373    2804.9981     475.7330    1056.9699     551.7836
     345    8787.1026     332.0727     245.7948     217.8349     239.5066     282.5774     225.2915     231.2787     333.8481    3771.1024     477.3209    1514.5623     915.9121
     346    7645.2325     302.0321     195.4835     162.7923     157.9600     189.9255     270.1858     306.0122     299.8508    3350.1594     469.2849    1051.6687     889.8772
     347    7444.4546     434.6894     335.8346     272.6711     275.0577     324.1733     301.7674     234.6291     264.6218    2515.1988     502.3450    1230.8368     752.6296
     348    6728.9345     531.1700     351.2093     274.8209     198.6000     196.2065     186.0507     185.5668     273.1225    2578.1551     461.3716     974.2996     518.3615
     349    9692.8595     473.0558     433.4942     411.7181     346.3043     276.0417     351.1830     432.8884     458.2191    3559.9422     784.7505    1265.1674     900.0948
     350    9931.8957     764.4143     361.8835     282.4317     267.6192     243.4593     207.7738     218.0043     356.4739    4350.7906     547.0088    1350.0496     981.9869
     351    6675.8743     305.1345     225.4915     183.9075     196.4267     186.1541     196.4053     201.5622     262.4277    2461.8399     510.5564    1189.1846     756.7839
     352    7376.4134     700.0300     463.1952     390.5408     400.2521     320.4528     251.9257     207.8720     255.6370    1786.6042     450.1736    1398.0955     751.6344
     353    9122.2135     697.1590     530.0282     422.5806     479.3426     470.9636     294.9363     277.7538     371.5196    2865.5326     752.1221    1071.8330     888.4419
     354    7763.2905     342.9186     338.5257     338.1850     291.0902     253.7093     232.4008     243.6036     406.6501    2602.0931     508.2208    1226.9208     978.9725
     355    7118.8162     301.1732     222.1480     254.4230     336.3966     318.5823     269.1434     343.4061     522.5073    2278.8882     405.5719    1328.5410     538.0351
     356    8678.5563     401.8586     335.2311     301.2784     297.1277     252.1526     282.2084     433.2004     537.4735    3481.3412     472.2294    1223.3772     661.0778
     357   10561.8031     690.6658     489.0539     379.1870     341.2930     444.3672     387.6327     336.0921     469.7305    3167.1339     587.2374    1990.7591    1278.6505
     358    9536.0649     462.9706     549.9334     560.7054     558.0202     437.9553     251.0772     300.8514     360.3368    3415.7559     628.9896    1288.7796     720.6896
     359    8504.1707     323.0552     229.3033     224.0318     228.1671     311.7990     406.7632     417.3965     402.3834    3080.1673     576.8759    1438.7123     865.5158
     360   10388.8464     751.9165     491.6056     461.8489     372.1659     463.2763     471.7682     370.4034     347.0816    3739.9712     549.9883    1375.6805     993.1399
     361    9648.6448     309.3986     238.5544     344.7496     273.0456     326.1262     324.9998     475.2402     370.9568    4166.8665     537.6448    1142.5425    1138.5198
     362    7392.8631     413.8853     394.3818     282.2894     312.5309     282.1194     274.5989     297.1348     353.9814    2615.5582     399.3953    1023.2927     743.6950
     363    9314.5811    1150.4965     763.0262     458.4328     317.0603     215.9281     235.1715     299.4484     365.7734    2837.4975     474.7369    1371.0678     825.9418
     364    8138.9557     446.0575     283.6655     235.2022     237.2378     212.2745     226.7184     285.1246     294.6504    3476.2356     465.2668    1168.3535     808.1690
     365    9453.5725     571.6641     299.9830     217.4080     201.5188     205.2714     316.2975     392.6078     504.8035    3408.0849     612.3806    1494.4542    1229.0987
     366    7639.7813     314.7919     204.8070     197.6353     229.4011     210.6369     201.0178     205.9477     254.6865    3110.1943     576.3993    1241.5179     892.7457
     367    6866.3058     415.4385     362.9671     236.1721     212.1308     211.4003     208.2644     239.1198     304.5789    2727.8115     317.0719     927.0715     704.2790
     368    7303.7253     431.0970     410.0761     314.3024     409.2426     350.7128     239.7744     252.4699     326.2358    2613.5570     462.8085     885.5061     607.9427
     369    8763.2067     384.3917     305.6493     320.9191     444.3562     371.9955     244.1663     218.2210     289.4394    3261.2165     776.1609    1192.0569     954.6338
     370   11048.0550     616.9811     434.4831     349.7751     435.4668     514.1589     393.7644     317.5912     367.8292    3562.9142     848.3850    2113.2094    1093.4966
     371    9786.8029    1209.1250     743.8208     372.0982     234.8377     219.3022     313.0206     481.6630     560.0374    2613.0244     558.6401    1586.4078     894.8256
     372    8310.7313     796.5105     410.8914     360.0899     233.7619     199.7458     189.4575     250.2472     447.0847    3030.1543     542.9281    1094.8014     755.0586
     373    9755.0320     578.6200     420.5018     462.3560     580.5572     457.4530     464.5552     381.7707     366.2058    3555.1933     453.8479    1416.5287     617.4424
     374   10460.4999     424.9740     281.8905     257.0929     371.8237     588.6763     512.6529     465.3161     352.7393    4068.5921     626.5294    1614.9580     895.2547
     375    8347.2790     323.0577     335.1872     384.5007     381.2834     289.3485     242.7221     261.5721     245.9340    3297.6033     521.5583    1543.9103     520.6014
     376    8428.4039     429.0857     455.9063     526.0309     414.7561     412.2428     300.1034     246.3177     288.5435    2614.9772     437.1504    1266.6954    1036.5944
     377    8537.7707     432.0658     274.3951     246.1947     255.4948     301.0345     407.3130     350.8404     399.5970    3123.6805     603.0955    1329.8408     814.2186
     378    8355.8389     533.3908     442.6517     285.9328     221.9885     223.2249     240.2922     302.3439     353.7298    3084.5887     692.8750    1202.4417     772.3789
     379    7885.4886     331.9454     283.6845     382.6922     377.3272     298.2980     372.2077     352.0809     418.5088    2416.5453     632.6665    1226.6807     792.8514
     380   10188.5779     546.2229     344.8519     269.4071     218.8712     203.0049     250.8927     415.8553     545.5156    3932.0169     744.3146    1618.5325    1099.0923
     381    7276.9792     558.0417     308.0520     219.9653     221.0334     316.0463     269.8898     320.5960     322.9084    2474.9559     495.1042    1135.8429     634.5433
     382   11911.2467     650.4710     600.2169     501.0057     536.1684     530.3247     458.7813     457.5306     647.3632    3234.7251     770.5404    2476.0356    1048.0838
     383    7588.0953     421.4820     346.9252     407.8014     291.3752     301.2294     354.9578     389.0381     361.7187    2332.0237     544.6442    1032.8204     804.0791
     384    7739.2142     382.7859     349.4300     406.9357     352.4131     352.0923     455.1024     378.2204     540.3537    2072.1205     379.7655    1387.4213     682.5734
     385    8838.4275     449.0754     458.9373     392.6895     265.1073     256.2474     194.0276     184.3850     212.3375    3165.6790     504.8383    1585.4711    1169.6321
     386    6548.1356     487.6435     315.5579     354.8127     352.1002     284.6331     221.1492     213.8125     238.3843    2129.3478     386.9198     942.8708     620.9039
     387    9199.7346     861.1168     659.3615     502.1194     269.9018     267.4930     278.1936     311.7306     369.5105    2699.1537     712.3307    1345.1693     923.6537
     388    7470.8040     411.5041     377.5281     371.7116     275.2083     207.3430     212.0116     254.1523     335.7187    2763.3548     449.5933    1308.6653     504.0128
     389    9247.4901     563.9137     343.4668     358.6952     517.4969     501.1118     435.0653     272.5328     332.7888    2718.2188     514.6759    1461.8186    1227.7054
     390    6464.7177     320.1133     207.7252     188.2055     187.0737     193.2351     247.1235     296.3532     295.4767    2533.9132     374.1605    1089.3330     532.0048
     391    9680.8035     904.7361     792.3009     579.9318     253.3831     194.5513     198.3273     261.2551     532.5170    2924.0254     556.2273    1643.6324     839.9158
     392    8056.9645     724.9704     314.6804     230.2947     236.9461     264.6134     224.6409     228.1984     276.7904    2908.0485     607.6273    1214.1754     825.9786
     393    8506.2796     357.3563     324.2785     285.2440     357.2453     364.7676     435.4657     425.2613     476.1175    2470.2306     516.5445    1706.7809     786.9874
     394    8939.5323     368.3169     293.9782     317.3893     348.9805     661.0971     698.5754     355.4621     294.9728    3351.7893     566.6510    1119.8442     562.4755
     395    8367.0121     322.0232     247.9604     247.5045     257.2468     299.7466     285.6704     371.5048     346.9207    3383.8390     551.7841    1147.2362     905.5754
     396    8541.9712     474.7034     295.0188     231.5550     237.3993     247.8591     345.9786     376.1126     318.3969    3227.6193     626.2030    1411.6858     749.4395
     397    9056.8088     537.8579     565.6010     600.7085     585.1608     395.4672     287.0183     258.1902     345.6726    2817.9171     678.8179    1218.8491     765.5482
     398   11709.3346     370.2025     598.5581     576.5631     537.7256     481.0746     560.4244     628.6851     527.6317    3492.7329     650.0149    2117.8247    1167.8971
     399    9295.8162     318.7398     209.3834     207.5266     267.8517     345.8576     306.2396     420.2782     391.6394    3683.8800     689.0147    1499.5399     955.8652
     400   11883.2844     729.5878     573.8257     527.0641     439.0417     479.8348     562.0752     415.1810     456.7032    3680.4937     652.5176    2159.7474    1207.2124
     401    9207.5111     387.0718     261.4666     219.6660     219.6534     317.5281     619.6018     614.9990     504.6602    2856.1330     594.8824    1584.1666    1027.6823
     402    9446.9344     586.9242     254.5781     236.0833     318.3332     298.6496     231.0868     225.9065     259.3322    4026.7071     575.2374    1706.1188     727.9772
     403    9328.7882     535.9967     334.0561     210.1825     214.4587     286.8511     350.2994     321.3193     362.5581    3554.5761     734.5679    1349.7281    1074.1943
     404    8449.3227     810.1011     581.0009     581.4395     365.8935     208.5084     212.4835     268.0051     278.8717    2503.3379     525.4729    1259.4669     854.7413
     405    9021.2541     665.3487     456.8316     296.8979     232.0943     218.8642     278.6139     235.4158     259.0719    3122.7480     472.3963    1576.7823    1206.1894
     406    7560.6945     419.1585     285.6623     296.3910     283.9269     214.1471     208.1758     244.4681     352.7070    3077.7535     419.9455    1042.3113     716.0476
     407    9007.3729     509.8863     516.2607     267.0940     198.8116     191.5438     234.4793     322.3936     400.9768    3172.8542     568.5335    1733.7456     890.7935
     408    9771.6222     671.4989     425.1694     409.9972     309.9588     364.8574     421.3367     352.6192     359.3995    2859.1304     638.8032    2215.1616     743.6898
     409    8313.7198     740.8358     527.7507     439.9793     415.9984     368.2053     255.1447     245.5009     296.4547    2336.4478     664.7965    1391.9641     630.6414
     410    6958.6360     311.2860     209.2510     200.0770     275.7870     259.7584     216.5035     288.1578     478.0770    2375.4522     425.1102    1143.8844     775.2915
     411    7338.9204     419.3678     433.9301     480.2240     277.1196     209.2757     192.3571     209.6620     324.7546    2647.2646     340.2462    1170.6515     634.0672
     412    9521.6504     348.9973     414.5260     490.5668     736.1080     712.4773     448.2246     258.7804     278.8596    2868.6224     552.5884    1549.9071     861.9926
     413    9651.4806     712.6326     400.7973     295.9535     274.5274     316.3289     320.1523     376.5933     416.7869    3394.0171     654.4560    1527.4206     961.8148
     414    8628.7913     461.1852     346.1590     363.3723     369.2768     334.0471     304.3375     277.3289     334.0871    3043.3644     491.9256    1322.5181     981.1892
     415    9470.7464     610.9240     364.2965     271.2929     322.7434     498.7595     433.1692     364.0127     312.4457    3860.4526     498.0619    1116.9672     817.6208
     416    9050.2454     428.0547     633.9794     556.0064     278.0964     219.8881     218.9740     319.5158     404.0740    3472.5342     678.6670    1127.4633     712.9922
     417    8952.7684     581.0836     489.2491     258.1991     241.8866     300.8890     308.4719     253.8636     393.3969    3067.8877     585.8640    1482.9811     988.9956
     418    9118.9601     462.2926     269.8874     232.2983     221.9431     216.9125     317.2624     418.7818     484.0818    3545.5983     591.1956    1375.9956     982.7106
     419    9767.6268     510.5642     337.4060     343.4781     468.3173     349.3479     291.7651     294.1489     310.0497    3187.0929     687.2041    1689.6700    1298.5827
     420    9297.8069     374.2620     262.3925     346.7507     478.0846     316.4660     253.7421     270.3936     280.9106    3761.4633     618.7267    1431.1240     903.4909
     421    6677.5837     533.3433     319.6132     208.3810     164.3268     165.7309     151.3287     164.6639     229.7613    2345.7859     489.7242    1138.2302     766.6943
     422    8908.5128     704.2331     446.7698     450.4727     545.9916     542.6021     355.3830     287.9438     337.8758    2363.9505     506.7279    1463.2831     903.2793
     423    9415.3301     362.9066     373.5068     475.0505     335.8917     311.9378     337.3330     272.3672     274.1152    3389.5266     653.1592    1371.9081    1257.6274
     424    8695.7073     449.3590     333.4169     252.3871     244.9729     276.1919     311.2473     393.7907     402.5912    3519.2953     503.6015    1054.9236     953.9299
     425    7645.1647     927.0694     472.6855     298.6713     235.6999     232.4230     232.7986     269.6552     379.6652    2203.9487     358.9814    1257.5829     775.9835
     426    8526.1375     435.3319     493.0398     507.0232     298.8142     244.3364     329.0462     322.0193     396.2761    2516.9163     437.2023    1506.7517    1039.3800
     427    7605.2450     603.9614     388.7403     277.9759     258.4557     227.7265     219.4459     257.0571     430.0470    2367.7550     487.8684    1064.1052    1022.1066
     428    8465.7245     404.7415     392.4945     450.3025     677.2802     512.6700     265.7147     220.2655     258.3219    2194.7340     548.5807    1675.7711     864.8479
     429   11038.4533     562.6370     454.4352     390.1138     288.5358     394.2728     385.0627     490.0880     423.9711    3753.1353     627.6250    1999.1085    1269.4682
     430    9191.4174     472.7429     382.6008     478.8924     392.0889     341.6395     357.6360     429.7156     500.7174    2933.9172     407.3800    1558.0347     936.0521
     431   10823.6171     559.3096     436.7791     516.4860     449.9482     452.0767     353.6406     335.2325     385.0163    4407.9628     489.4723    1611.9429     825.7500
     432    7263.7060     407.3192     312.8831     254.4460     243.2332     316.1179     417.7569     360.5412     329.9334    2493.4855     416.3051    1139.5894     572.0953
     433    8469.0067     627.2230     386.2686     253.7730     225.3736     245.9554     223.8198     255.0016     389.5908    3376.1538     537.2194    1058.1297     890.4981
     434    9588.8617     550.1667     696.3230     448.8819     372.4797     387.4052     580.1286     452.4634     454.2536    2820.0495     723.4376    1293.2360     810.0366
     435    9782.2029    1053.1314     731.2513     374.6178     255.6366     291.9344     327.4994     441.7369     428.2250    3454.0536     465.3070    1387.5311     571.2783
     436    8812.3732     555.6633     742.8125     432.8981     263.4990     190.4248     184.9772     221.6109     434.4250    3258.9083     433.2121    1314.3972     779.5447
     437    8657.8938     406.9404     380.3066     297.1382     293.3640     312.5659     362.5846     494.5378     444.7956    2248.0527     619.3161    1773.2923    1024.9995
     438    8802.4176     322.4352     236.1968     277.4519     434.3840     408.5912     458.3508     473.5005     327.6302    3441.6488     341.4947    1290.3278     790.4056
     439    9000.3603     489.2372     407.8594     375.6783     405.5120     400.7633     332.6347     262.5822     307.1724    2879.7065     585.4631    1574.9983     978.7530
     440    9376.6441     457.0544     359.0099     325.1658     312.1203     352.2267     241.9841     231.5934     327.3428    2973.4343     612.3211    1871.5584    1312.8328
     441    9406.0984     574.7406     344.5394     320.6585     286.1842     230.0600     261.3469     355.5056     345.2541    3936.6720     517.1187    1526.0263     707.9920
     442    8932.3668     704.4293     718.5537     360.5563     286.2742     246.9054     238.8856     382.0934     372.6227    3147.8357     468.3470    1291.4364     714.4270
     443    8006.8515     949.2351     409.9443     329.3675     368.9213     352.8014     322.5916     340.5126     326.4529    2469.1106     446.9098    1084.1471     606.8574
     444   10460.2173    1141.1930     610.7859     304.2118     242.1934     408.8247     483.5979     447.3295     489.3133    3040.1835     708.1425    1576.2993    1008.1427
     445    9266.4275     640.6394     394.6877     322.3716     526.6751     406.3489     325.1099     343.2508     335.2225    2937.9662     595.5399    1298.0671    1140.5482
     446    7497.2481     563.5505     309.7878     288.5017     323.8744     230.6843     262.8888     306.2059     288.6410    2604.7190     447.3016    1242.3288     628.7644
     447    9914.8496     428.8901     368.4304     469.2386     478.9521     288.4867     278.6966     278.5606     273.6828    3040.1295     869.2356    2113.8513    1026.6953
     448    8606.4173     363.5223     346.5059     428.9295     308.8829     318.2354     335.0085     362.5981     291.7246    3087.6452     599.7839    1364.0523     799.5287
     449   11260.9798     802.0132     487.8863     392.6838     431.6368     397.6270     460.1605     414.2757     345.4316    3732.5849     815.5175    2320.0875     661.0749
     450    9050.6949     414.1267     443.4715     617.2399     563.6812     344.3795     239.6614     240.0060     430.9286    2756.5868     641.3806    1388.6692     970.5635
     451    9280.7965     948.0921     483.4666     346.3898     295.5534     306.4847     362.8192     471.2923     448.0219    3362.0849     502.7341    1034.1814     719.6761
     452    7449.0220     826.9875     321.3423     264.5143     300.5876     256.7523     234.7342     281.6896     276.6009    2568.7884     394.3861    1158.7612     563.8774
     453    6923.1403     322.0121     283.2714     219.2043     207.6618     238.3677     265.4591     318.2086     279.2010    2712.8893     465.3081    1045.2190     566.3381
     454    9739.3847     558.6015     324.6358     278.5739     433.9163     596.4240     665.5304     412.8158     320.4931    3294.2790     765.8935    1337.5110     750.7105
     455    7839.5495     633.4105     566.1664     336.9367     274.2378     277.3899     402.5132     367.9382     327.7458    2671.0818     484.3073     970.8977     526.9243
     456    6716.9546     558.7472     429.1493     275.8059     199.1854     192.7331     188.9892     229.0578     258.2462    2200.8367     498.4499    1001.6635     684.0906
     457    8187.5085     482.1701     389.8501     291.0776     275.2818     228.5585     219.5227     237.2708     338.5677    3147.0498     545.1682    1108.5849     924.4061
     458   10043.6934     635.9570     533.5828     655.3081     396.5241     219.5033     222.0285     334.7329     437.4400    3494.9610     762.2967    1478.0505     873.3084
     459    8860.8924     557.2658     278.4652     217.8850     208.8252     203.5285     239.3211     293.3132     461.8603    3467.1914     584.7086    1442.7140     905.8140
     460    9150.9903     325.0700     238.3199     372.5223     494.3080     785.3523     625.7783     488.6814     338.0314    2864.0178     519.9128    1371.3925     727.6035
     461    6936.0897     301.0487     208.0836     187.9707     228.6958     238.6145     257.3743     208.9634     275.4205    2817.5448     424.5411    1244.7062     543.1262
     462    7184.8515     336.8848     240.6483     308.2375     291.6478     223.0853     211.9212     239.7540     352.8369    2583.4973     479.3807    1174.3541     742.6035
     463    8885.9658     561.0045     301.9686     224.2898     207.2143     191.6166     254.7566     327.8342     374.7342    3524.2712     509.7787    1617.6788     790.8183
     464    7799.8960     334.3801     208.1575     172.4983     176.9061     172.4143     223.1377     412.6516     389.8233    2749.9157     560.9831    1446.4964     952.5319
     465    8836.9360     307.4738     195.4638     164.5069     161.9681     162.4594     172.7383     196.8115     287.9550    3975.8926     604.5670    1690.7810     916.3188
     466    7681.3957     829.2196     370.0323     277.3491     225.7360     334.1319     485.4041     473.1865     396.7083    2253.3958     380.2671    1013.8348     642.1302
     467    7636.3571     640.2979     319.5091     223.1819     213.6941     217.4999     220.7571     213.8623     378.5751    2625.3207     523.9056    1037.0726    1022.6808
     468    9170.1216     309.3838     246.6389     268.3777     352.7250     435.5773     385.2761     301.1938     390.6953    3432.7712     663.1511    1421.6197     962.7117
     469    9058.7206     527.5147     527.1437     548.9611     707.7730     682.0292     403.5228     273.2016     340.3785    2432.6281     439.9426    1242.2152     933.4101
     470    8150.6120     405.4660     490.7255     610.0477     596.9834     376.5340     281.6507     296.0135     374.1022    2222.7114     332.8284    1323.3315     840.2177
     471   10573.3959     731.5550     503.6833     448.8406     493.9773     601.6420     534.5218     292.7394     266.4696    3231.8497     593.4542    1901.1646     973.4984
     472    8540.9524     354.3192     254.7586     216.9780     210.3330     201.2671     274.9803     355.5428     349.5877    3426.9725     492.5125    1758.3323     645.3684
     473    9993.9442     393.0969     454.4722     499.1434     411.2637     364.7167     345.2242     336.2220     475.5034    3883.2675     693.9932    1290.1464     846.8946
     474    7681.9634     412.7823     314.9453     372.1029     336.8627     316.8834     399.5942     398.8353     294.5635    2679.8297     402.4881    1039.4587     713.6174
     475    8930.7624     510.9146     779.2512     659.7387     306.4102     199.2122     199.8809     285.4951     359.2307    3049.4134     491.3005    1150.9734     938.9416
     476   10455.6247     484.9878     482.1704     388.4883     341.1912     376.9078     325.3759     334.2863     308.9844    4004.6957     585.7544    1573.0303    1249.7522
     477    9224.4635     430.4062     571.4654     561.0530     364.6562     361.9068     473.4647     496.5173     308.3804    2607.8760     487.1858    1728.2832     833.2684
     478   10196.2099     640.7147     392.9978     341.2622     439.0320     723.5273     438.1479     267.4230     331.1586    3416.8500     604.0249    1710.3137     890.7577
     479    9604.1381     546.9040     363.2030     364.8471     334.5277     308.1697     356.3679     386.0117     442.7627    3696.6863     590.5589    1170.3092    1043.7900
     480    8512.3139     427.5164     243.9782     217.8311     346.7462     404.3274     307.3137     230.5181     274.0558    3298.8108     609.6984    1433.7687     717.7490
     481    9319.4023     838.5225     489.2580     346.1616     226.4366     191.4279     201.8062     244.0884     300.8520    3383.5022     700.2951    1291.2677    1105.7840
     482    8293.0889     399.0826     334.0853     322.5793     244.5832     210.7523     199.8182     242.3871     395.8214    3074.4767     595.3459    1438.3511     835.8058
     483    9879.6777     673.8413     481.4908     325.4330     293.9125     307.1477     326.7854     443.5781     543.6825    3557.4965     551.3901    1136.1836    1238.7362
     484   10441.7687     927.4983     824.6722     431.0895     275.9720     233.9948     215.0243     219.4360     296.2895    3828.3864     610.6194    1736.5979     842.1884
     485    9586.1402     417.5848     335.0892     352.9502     354.6347     305.1230     320.9817     367.5176     456.8433    3296.7832     530.3202    1910.1415     938.1707
     486    8942.6912     454.1488     342.3979     342.7179     345.8053     345.3163     340.8459     410.7197     432.8550    2966.0521     630.1207    1316.8944    1014.8172
     487    9193.2254     463.6393     407.0360     339.9627     244.7952     266.7637     270.0126     265.9265     346.5764    2976.3103     788.2380    1894.2167     929.7479
     488    8345.8954     881.4251     617.4315     327.6307     319.1388     388.6047     370.9892     256.2906     363.5989    2232.2107     500.7012    1321.5195     766.3545
     489    8551.5355     359.1054     227.6047     258.3273     271.3729     228.5173     289.5616     375.0898     416.7707    3218.3724     605.5987    1368.9865     932.2281
     490    7459.8737     562.7736     400.1474     344.1116     210.0093     172.2473     170.5387     179.5283     283.8477    2826.8567     426.1509    1146.4222     737.2399
     491    9481.3643     547.4889     318.2370     430.7174     579.5589     363.0372     342.0838     295.0129     297.5116    3557.6926     538.5337    1433.1851     778.3052
     492    8679.5795     606.2965     684.7145     337.6817     234.9099     279.0552     390.9017     320.8215     313.8616    2915.0289     572.6100    1269.7545     753.9436
     493    9623.7565     741.9730     462.3664     307.9418     237.1752     237.9794     365.8929     506.8582     518.3247    3275.6089     565.3118    1419.7408     984.5833
     494   10746.7939     455.4243     352.2682     270.7889     343.5844     403.7561     417.3324     563.8513     700.7480    4196.4507     662.3024    1376.3930    1003.8943
     495    9649.8698     515.2026     296.7657     336.3881     439.3985     388.8841     359.9245     350.0679     303.7331    3395.5726     647.8969    1659.7107     956.3250
     496   10056.7419     488.1084     407.2581     383.7979     365.7529     503.3811     431.2007     368.7371     419.8485    3275.8549     703.6249    1837.4100     871.7675
     497    7777.2949     387.0438     235.4359     241.2265     248.9725     233.6174     206.4860     208.6505     312.8474    3053.4587     600.7504    1099.9946     948.8112
     498    9993.6184     487.4252     404.6287     538.5383     524.9605     401.5938     437.9074     324.8388     436.0756    3429.6490     848.4276    1273.9185     885.6550
     499    9866.5446     648.7089     353.7645     327.5288     583.8665     531.4039     296.8462     299.2392     374.8082    3101.0432     752.6718    1623.1944     973.4687
     500    9920.8981     605.5266     517.6185     411.5271     439.8563     254.4612     213.8558     240.8518     352.6933    3394.2353     650.2328    1583.4991    1256.5401
