#Frame         global     SA_00002     SA_00003     SA_00004     SA_00005     SA_00006     SA_00007     SA_00008     SA_00009     SA_00010
       1    7919.4322     528.3052     408.3515     339.1820     465.8635     377.6654    3101.4996     536.8459    1243.2240     918.4951
       2    6886.5418     372.8564     238.1376     215.7302     257.0681     436.9986    2431.7749     559.1169    1425.0739     949.7853
       3    7183.4940     621.8599     333.1718     246.2839     301.7687     341.6624    2875.7673     443.9488    1425.8067     593.2246
       4    5497.6102     314.5290     236.6715     240.1054     241.9004     286.9341    2055.5634     427.2958     956.0725     738.5383
       5    8467.4240     468.1151     531.0391     435.8995     325.9569     386.2871    3147.4356     790.1575    1486.7177     895.8154
       6    6481.4563     412.5789     262.9836     327.3047     374.1734     443.2084    2362.6918     520.6256     982.1220     795.7678
       7    6052.8364     524.3677     324.2856     285.0829     255.2829     332.5632    2301.6074     393.9113    1046.8440     588.8912
       8    5628.5258     353.3650     232.9538     200.0431     217.8670     307.6865    2067.4252     347.3852    1296.2773     605.5227
       9    7762.6281     464.8227     360.1729     262.5340     239.9852     323.5213    2888.6320     645.1256    1645.0916     932.7428
      10    7181.3946     530.9068     433.3259     328.5961     271.5902     293.6100    3006.6186     487.6733    1022.4488     806.6249
      11    6972.2418     399.4953     247.3121     242.4744     375.3162     393.0110    2599.5743     633.2834    1350.7830     730.9922
      12    8150.2697     587.7196     348.2708     267.4244     282.0876     360.2006    3485.7559     468.6065    1727.0618     623.1425
      13    6861.7033     486.4024     351.4860     287.4107     276.3874     316.7142    2953.6141     467.0618    1226.2646     496.3622
      14    6788.7133     450.3772     259.6635     218.5473     306.9020     515.2150    2558.9707     477.3887    1199.4611     802.1878
      15    7699.2608     741.3215     346.6195     241.3938     267.4655     383.2577    3277.7298     441.1558    1089.5411     910.7763
      16    6282.2729     364.5320     259.5948     236.3552     283.2963     335.1111    2116.8739     528.4768    1357.0994     800.9333
      17    8168.6273     487.0585     474.2046     368.7233     304.3278     368.2669    3344.1464     420.1461    1452.7171     949.0367
      18    6877.6981     429.0814     419.7170     365.2771     411.3902     514.3948    2692.1399     411.9364    1097.9022     535.8592
      19    6611.6540     446.2397     349.2892     231.2285     186.9668     191.0252    2633.4646     431.3966    1486.0894     655.9541
      20    7276.6803     408.4773     314.4341     279.3104     204.3600     288.5683    2736.3092     622.2984    1483.2702     939.6526
      21    9500.2472     681.8124     622.2142     509.9902     519.7055     413.3615    3357.3355     555.7422    1914.8045     925.2812
      22    6466.8649     366.6938     305.7365     327.2369     275.1404     299.0089    2403.6508     470.9159    1426.2577     592.2240
      23    5839.0014     560.4652     243.9848     200.6750     204.9540     329.0013    2098.6487     312.5765    1222.5870     666.1089
      24    8647.9210     681.9934     550.7870     445.0961     395.3434     368.8968    3045.3088     729.6216    1614.8459     816.0279
      25    8970.1531     643.1497     829.7261     723.3436     355.4645     337.0419    2985.7291     566.1307    1752.0056     777.5619
      26    6439.7076     509.5954     288.3425     257.1583     267.0271     339.1050    2509.7315     385.4691    1186.2931     696.9856
      27    8288.6980     509.6025     275.3213     259.1948     278.7485     475.1166    3980.2839     432.3030    1255.5517     822.5757
      28    5100.6650     313.1985     236.5662     210.3938     237.8176     326.6839    1926.6242     358.5078     849.4680     641.4050
      29    8190.4231     531.7022     462.2212     625.0307     511.1574     365.4868    2874.5073     506.8765    1427.4571     885.9837
      30    7018.7107     834.3214     411.2646     267.2204     249.6354     307.8631    2702.0726     492.5874    1041.9476     711.7982
      31    7993.9139     695.3453     401.6983     335.8035     368.8129     344.5815    3044.6507     558.3181    1560.6216     684.0821
      32    6258.0649     372.6030     455.9032     393.0330     335.6274     330.0762    2540.1593     435.5747     921.7140     473.3741
      33    7772.7830     324.6189     223.3228     203.2429     276.9519     336.3044    3537.1029     586.5352    1350.5699     934.1343
      34    7262.3683     360.7848     404.2208     365.7381     388.4529     533.9163    2403.5181     429.7930    1451.8368     924.1076
      35    7185.9225     404.2722     272.9603     342.1520     368.8292     324.3571    3102.2526     492.5061    1093.8469     784.7462
      36    6973.5050     833.7957     410.0859     306.8911     274.4719     282.2210    2018.3209     583.4536    1497.7103     766.5547
      37    8307.5696     715.0432     618.9522     634.3598     625.5432     515.9456    2417.3193     493.0003    1316.2232     971.1829
      38    7993.5636     736.8001     571.1345     435.1160     363.3205     340.6064    2852.0624     513.9553    1462.8406     717.7277
      39    7281.9953     434.1088     495.5415     362.0356     254.1980     276.2201    2756.9053     524.4442    1552.5889     625.9529
      40    7274.7088     453.9738     438.4881     485.6520     285.5222     302.1960    2808.7957     499.2388    1301.8625     698.9798
      41    6171.1012     397.9865     316.3480     344.5981     310.4903     316.1586    2477.7363     407.5572     932.0727     668.1535
      42    8712.4075     358.0618     522.5900     671.5888     398.0141     361.2633    3449.3701     532.4469    1623.2014     795.8711
      43    8032.6795     525.9036     336.4037     292.2052     348.2527     369.8102    3452.5214     614.9485    1233.9279     858.7061
      44    8637.8139     605.0384     484.7103     417.2466     324.9799     314.3842    3803.3051     571.9959    1302.8211     813.3325
      45    6717.3745     505.3678     435.0784     281.3754     255.8904     311.2894    2788.0979     473.4767    1191.7595     475.0390
      46    6144.6173     415.6979     457.5805     390.1488     329.4909     305.8489    1951.5771     446.8844    1316.2274     531.1615
      47    9037.4812     648.4461     564.2010     634.1854     555.5773     650.1650    2859.6693     568.8387    1676.2184     880.1800
      48    6053.1646     516.7664     348.3726     249.5718     250.2327     288.8114    2382.3371     458.0787     940.8229     618.1711
      49    7862.2482     760.5977     442.8708     266.8782     247.4529     294.8783    3113.0349     563.0094    1560.2263     613.2999
      50    5534.1533     431.2321     232.1241     196.6565     266.3187     340.0260    2167.8664     417.1595     908.1264     574.6436
      51    7060.3899     493.7167     473.7650     293.4109     390.8749     353.9951    3107.5750     404.7123    1036.2489     506.0911
      52    7827.3115     414.6451     393.5330     358.6747     430.3979     579.8375    2431.6025     477.3396    1787.1681     954.1129
      53    8424.5954     565.2199     479.6309     391.6500     386.8194     416.4744    3503.5073     621.4508    1221.5448     838.2980
      54    7622.7035     461.6146     255.0384     258.1440     391.3042     363.4101    3358.1150     490.2590    1064.6023     980.2158
      55    7560.7565     724.3803     331.0104     233.8508     280.1032     394.2587    2513.7225     491.6985    1585.3924    1006.3397
      56    7063.1317     578.4497     377.8802     530.6348     527.8121     445.9502    2391.7650     464.0554    1055.5174     691.0669
      57    9016.7658     728.6617     875.9987     646.6069     515.0288     445.4746    3067.9707     636.4155    1354.3740     746.2349
      58    5276.5870     303.0977     205.0200     183.7898     209.5509     346.5354    2038.5069     372.5288     975.5013     642.0561
      59    6703.3059     440.9428     324.7939     265.2123     271.8028     247.5547    2901.7541     475.3300    1257.9993     517.9161
      60    6267.8943     315.6722     245.4178     273.2544     291.1790     274.6446    2635.1502     376.4415    1277.5918     578.5428
      61    6403.3096     443.9969     297.5813     383.0964     361.0897     387.1283    2143.5612     529.3800    1376.4282     481.0477
      62    6440.0211     477.9319     380.3728     379.1632     305.8502     340.5747    2360.3171     513.2570    1194.8570     487.6973
      63    7157.3320     632.5691     494.5995     347.3340     327.6541     435.7768    2220.1138     501.8729    1476.2710     721.1407
      64    6032.3072     436.8642     219.1526     229.5347     292.9714     259.8706    2149.9497     474.7195    1168.5157     800.7289
      65    8208.6076     379.8021     329.8911     303.3781     300.8403     417.2217    3419.0040     574.0476    1521.2087     963.2141
      66    5668.6679     329.7473     224.4061     206.3160     207.5951     305.6714    2127.2344     474.8969    1033.3860     759.4148
      67    6791.0677     517.4051     364.8544     442.2817     489.1690     401.5435    2268.2912     479.5568    1173.5663     654.3996
      68    8476.7956     534.1467     509.6269     446.7444     356.2795     367.3091    3870.6101     514.6874    1025.1857     852.2059
      69    6554.4793     863.0947     470.6570     338.4415     309.1499     350.3298    2208.4904     526.5867     892.1385     595.5908
      70    7176.2767     581.9449     416.7170     294.8024     307.1064     493.5544    2896.9853     469.5024    1032.1242     683.5398
      71    7086.1933     438.3269     306.0180     452.6359     477.2445     341.4477    2364.0270     586.9991    1227.7567     891.7375
      72    6023.5469     386.7464     340.3558     298.5932     287.7491     402.6769    2335.7660     402.8174     909.1422     659.6999
      73    6964.3640     652.9711     393.0364     302.9689     332.3826     294.5064    2177.2327     531.8623    1234.6083    1044.7952
      74    7789.4638     675.9465     588.5686     320.7432     306.6534     438.7627    3036.1226     528.1921    1403.5787     490.8959
      75    9463.5426     553.8431     436.8348     571.7213     821.2757     490.5083    3191.9639     655.8190    1714.2729    1027.3036
      76    7896.1961     899.7682     306.9586     248.3564     336.3074     506.4118    3192.6038     584.6404    1073.6601     747.4894
      77    7839.7907     566.2358     327.5298     258.9390     314.2397     353.5424    3183.9842     563.5758    1512.7230     759.0210
      78    8283.3788     457.0564     467.3632     449.3540     318.9246     347.0169    3218.3166     643.8807    1398.5902     982.8761
      79    7811.7162     577.5233     370.0006     301.8822     290.7369     275.1002    3428.5344     351.0061    1449.9274     767.0051
      80    9229.4896     802.0467     439.5143     302.2587     407.8304     425.2279    3842.3810     507.0842    1758.6146     744.5318
      81    7537.4213     389.4603     367.1542     408.2874     543.7422     485.5456    2672.6096     650.8223    1212.5056     807.2941
      82    8657.6808     359.7469     538.0928     536.0412     346.4790     443.9739    3514.6762     637.9095    1281.5968     999.1645
      83    9545.3545     562.1272     480.9467     414.9295     633.2885     455.2932    3531.4082     548.1799    1875.8225    1043.3588
      84    7062.4553     472.7111     482.7199     440.0330     351.7789     344.1430    2249.5663     542.5947    1124.4022    1054.5061
      85    7186.9871     446.6466     428.9872     461.7692     396.9013     425.0116    2356.4964     661.2725    1299.3713     710.5312
      86    6116.7545     439.3951     305.6936     271.2795     242.1456     259.5022    2647.0488     318.4495     929.5050     703.7352
      87    6996.6423     587.6270     441.8678     215.4204     223.4190     244.2481    2386.7453     393.9784    1695.4534     807.8830
      88    6228.4194     349.8003     315.1410     312.5786     286.8823     304.9422    2559.5582     366.6991    1234.3364     498.4814
      89    6796.2998     398.3173     258.6355     236.4809     246.6671     313.5287    2754.4572     519.5623    1330.2974     738.3533
      90    7146.0680     529.4908     369.0132     231.9837     235.4610     356.1623    2943.1270     482.0428    1189.9278     808.8595
      91    8465.5262     430.2804     389.3210     414.2421     376.5507     308.4619    3521.1507     724.3748    1609.0753     692.0694
      92    6569.6631     324.1410     219.6624     200.0503     321.1003     599.7645    2243.2018     537.0797    1275.4046     849.2585
      93    8863.6099     397.0228     496.0275     873.0710     740.4509     449.8180    2852.3820     553.0026    1768.6590     733.1761
      94    8251.3354     635.3105     464.3217     552.5095     793.6034     593.6101    2849.9267     455.2265    1254.0728     652.7543
      95    6104.8685     419.1129     381.4149     260.3571     278.7911     341.7696    2437.0731     432.7873     885.2663     668.2963
      96    8296.4401     512.1225     480.6147     360.3851     349.5652     438.9462    3402.0038     737.8044    1131.0283     883.9699
      97    7545.2486     654.9452     535.2435     433.1344     478.3614     384.0852    2330.8696     634.1029    1404.0077     690.4988
      98    7270.6256     332.0269     238.5794     238.3981     243.6117     275.8612    2658.7324     663.7664    1753.8164     865.8332
      99    7242.4131     334.5353     232.3081     234.0539     321.9968     590.7392    2866.4021     480.6858    1293.1699     888.5221
     100    6192.4276     830.2444     447.7721     303.9555     286.4819     309.0452    2009.3674     437.6689     886.3486     681.5435
     101    8800.6242     778.4249     595.8540     687.9021     343.3304     371.5322    3120.8233     642.9006    1596.2690     663.5877
     102    6951.1116     670.2037     397.6571     273.5620     284.1622     370.7982    2588.7160     535.5943    1139.1833     691.2348
     103    6543.2506     598.2755     375.0194     291.2027     245.6163     321.8724    2637.4057     460.9887     976.0288     636.8411
     104    6612.5797     403.4676     397.9604     327.7030     299.6859     290.0304    2645.9554     464.1018    1143.8491     639.8260
     105    6520.1521     377.6739     229.1296     249.2594     362.9611     436.2226    2631.7896     466.1818     977.4484     789.4857
     106    8176.6171     663.0314     384.7335     345.9326     430.6311     505.9175    3225.8557     448.3541    1230.4982     941.6629
     107    7970.2752     407.9137     314.0977     338.7706     489.1844     624.0712    2720.0577     657.6863    1469.7181     948.7754
     108    6347.5352     333.4848     325.7260     374.3353     445.7087     370.2918    2416.9180     375.5090    1102.9619     602.5996
     109    8318.3107     522.9993     405.9742     588.5928     401.0445     357.9953    3009.9024     533.6715    1772.8823     725.2485
     110    8676.9752     620.3384     557.7438     415.3431     409.0117     340.5199    3331.5452     719.9796    1705.3208     577.1728
     111    7368.4071     816.7599     497.3631     361.8783     338.1478     324.0854    2527.7523     602.0009    1140.4934     759.9260
     112    6930.9450     638.1674     381.9049     309.4333     425.3809     422.1328    2265.1386     452.0507    1414.5447     622.1917
     113    5784.8302     423.1403     320.6011     241.8838     216.3723     288.7061    2163.6921     399.8257    1158.2560     572.3530
     114    6991.0217     359.8272     391.9988     419.3581     368.1668     360.9501    2501.3450     472.8554    1241.1896     875.3307
     115    6245.9551     439.1851     262.7444     316.9863     307.2873     289.3006    2690.0519     414.8873    1006.3330     519.1793
     116    7615.5705     917.2711     576.8069     298.7015     258.2205     248.6325    2565.4011     559.2894    1455.9507     735.2968
     117    6238.8139     612.1389     300.1952     250.3082     235.3397     281.3206    2457.5972     476.9116    1027.4772     597.5251
     118    7836.1522     393.0936     444.8173     460.8166     457.7066     321.7514    3038.8312     460.2153    1413.7242     845.1961
     119    7823.1884     829.5305     519.1562     395.9304     350.3770     387.4413    2675.9243     568.3130    1150.3866     946.1290
     120    7414.3352     392.3706     342.5127     436.6777     467.2650     457.8340    2686.9533     504.8461    1358.9828     766.8930
     121    8069.0185     386.5168     330.9667     377.5756     382.6262     372.7881    3530.2617     612.5968    1231.1120     844.5747
     122    9821.7621     495.6910     544.2666     529.6591     293.4781     356.3360    3578.2939     876.0203    1920.9798    1227.0372
     123    8550.2391     596.9633     436.5706     330.0546     292.3556     349.0642    3164.2218     517.0410    2120.2669     743.7011
     124    7745.0154     627.3460     346.9465     379.1355     484.0570     719.4233    2514.9369     584.9079    1326.0672     762.1950
     125    8215.7448     557.4672     454.0712     290.7739     256.5171     355.2753    3128.3882     497.2444    2031.3573     644.6501
     126    7081.9193     321.4274     250.4732     392.3139     269.6123     290.7275    2582.0741     688.0230    1446.6936     840.5743
     127    7435.5299     392.4579     294.4818     383.4289     566.7210     593.4305    2753.8037     522.5190    1193.4116     735.2756
     128    8358.6158     610.9070     583.3388     573.1624     388.5759     378.8835    3662.8202     478.4645    1049.3777     633.0858
     129    6872.7079     857.1753     481.2365     317.5883     235.3759     249.0171    1974.9588     586.1239    1564.5307     606.7016
     130    9232.7557     467.3942     506.8206     378.5264     251.8315     271.9374    3931.0787     586.3947    1974.7772     863.9950
     131    6769.0186     830.8700     519.9910     317.8878     290.7277     286.3046    2297.9976     433.3340    1026.1125     765.7934
     132    8387.6890     899.9609     433.7720     314.7631     327.0209     407.1007    2566.8841     742.0962    1650.8174    1045.2738
     133    8776.0461     596.8157     864.9554     610.8726     370.1738     354.8722    2749.0602     635.4358    1572.4477    1021.4126
     134    7873.9475     521.0755     391.3794     311.8563     243.0058     247.5444    3092.2935     605.3071    1357.3546    1104.1310
     135    7574.1424     470.9069     261.3159     303.6274     366.2883     409.3996    3122.0521     599.4243    1161.9653     879.1628
     136    5611.4445     352.0068     243.0045     242.1467     288.0289     280.1889    2269.3744     386.4948     920.8606     629.3389
     137    6804.2066     539.6870     331.9735     232.3311     219.7880     258.6057    2370.9526     521.1355    1332.6856     997.0476
     138    8476.5627     958.9785     399.4223     230.3297     244.0964     319.7273    3523.2349     521.9024    1382.5924     896.2787
     139    7355.8469     818.0729     484.2537     322.6739     347.7719     328.6779    3146.2343     420.8326     969.1329     518.1968
     140    7003.5686     637.7787     265.4323     225.1315     249.2126     315.7483    2815.7093     520.1204    1239.2300     735.2056
     141    6418.5864     315.7171     271.7408     282.7309     403.7929     504.8108    2340.9321     381.2469    1370.4662     547.1486
     142    6305.6189     495.5459     455.1332     435.1559     332.2704     337.9930    2209.5254     459.0240    1092.0990     488.8722
     143    7033.7921     304.7999     224.3305     243.6249     286.1655     363.8598    2819.8087     530.7567    1652.3118     608.1343
     144    6830.6994     491.6241     436.2066     571.3716     352.0341     273.7050    2132.3577     597.3974    1201.8523     774.1507
     145    9146.9687     737.0164     911.5013     588.2900     419.5068     550.5508    2646.2691     625.4606    1690.8428     977.5309
     146    5359.6622     472.1612     230.0676     195.0659     212.7003     262.0660    1764.0191     324.4040    1266.6937     632.4844
     147    7836.9693     529.7799     534.5174     323.3119     271.6525     350.3409    3465.6074     405.3583    1071.3642     885.0368
     148    8487.5046     474.9354     435.5114     401.1782     510.8802     456.8627    2850.1769     518.3384    2095.1382     744.4831
     149    6379.9273     713.5111     464.3541     288.3775     289.2914     433.2916    1974.3958     354.1699    1145.9131     716.6227
     150    8236.3790     459.0104     322.0728     321.4165     399.3627     616.9292    3080.1611     700.2193    1435.7985     901.4085
     151    6428.7632     490.2866     291.4939     262.4023     284.2437     441.1535    2144.8795     468.6216    1346.3521     699.3300
     152    9080.3348     816.7414     416.3765     541.9242     478.2495     385.7294    3549.9003     375.5082    1481.9547    1033.9505
     153    7833.7471     846.0966     485.4926     436.5686     425.1452     675.1239    2360.1296     341.3635    1374.1600     889.6669
     154    7525.5253     958.6430     522.3601     408.4975     347.8091     346.7887    2471.7621     627.9991    1049.0264     792.6393
     155    7985.9900     438.9326     328.0318     549.1327     780.4729     592.3988    2538.0487     465.5124    1436.2101     857.2501
     156    6245.8320     412.0125     264.0607     229.6405     274.3810     254.3987    2641.8766     412.3698    1095.9739     661.1183
     157    7758.3781     800.7811     476.3890     420.2510     328.0273     278.6595    2846.0007     596.1159    1335.3430     676.8106
     158    7539.3268     625.7175     361.5898     317.3605     379.9407     570.8217    2339.3648     641.4866    1378.2213     924.8239
     159    9443.6207     468.5451     561.6650     338.3268     421.4314     425.9879    3866.0195     680.2231    1505.2038    1176.2183
     160    7479.8160     735.6542     479.2391     360.5442     343.0016     306.3247    2616.2135     532.6736    1272.9838     833.1812
     161    7359.0456     754.5502     405.5624     286.9221     245.1525     286.3840    3014.9582     484.0874    1036.5945     844.8343
     162    8864.0940     475.1720     431.4665     418.7087     783.2798     556.7035    3241.9176     565.6857    1581.2794     809.8807
     163    6684.9730     380.0014     375.7503     427.0978     343.7357     312.8237    2536.0434     449.9429    1361.4148     498.1630
     164    6579.6323     585.4860     425.5455     474.1278     364.0265     311.9591    2302.8728     307.4966    1142.2042     665.9138
     165    6593.9418     568.5537     345.5768     221.5693     272.2891     270.0885    2394.3944     489.5989    1352.8356     679.0354
     166    8575.3390     456.8284     454.6611     715.9520     512.8603     457.0609    3133.2182     375.5882    1693.7903     775.3796
     167    7419.3019     801.9130     475.8986     264.9699     323.4780     339.5103    2906.8736     439.5085    1076.5227     790.6273
     168    6807.2434     444.6074     302.4205     351.1347     367.0616     306.9323    2591.3449     431.6894    1275.6896     736.3630
     169    7432.4424     366.7464     266.9857     362.4263     276.6497     298.5136    3037.1390     566.5705    1320.7950     936.6162
     170    7024.5732     322.1557     288.9616     490.8197     398.0734     337.5891    2752.0170     474.6699    1356.9712     603.3156
     171    7916.0180     435.8972     484.9339     424.6077     343.3112     409.2151    2956.3242     396.2299    1452.0512    1013.4475
     172    7606.7906     708.3833     610.8445     426.8485     350.5725     384.6455    2774.6717     475.5434    1191.9104     683.3708
     173    8231.8734     492.8910     469.7189     328.5145     266.4437     266.0294    2975.6386     709.4364    2114.3698     608.8312
     174    7904.1312     593.5948     702.2477     356.9311     334.2689     575.6919    2441.4183     476.9577    1444.0954     978.9254
     175    7440.9933     543.2073     517.5500     494.7826     503.9148     313.8324    2403.1596     458.7924    1330.0605     875.6936
     176    6315.6098     356.2429     261.6041     343.3887     293.1234     390.6316    2351.1579     472.5537    1218.6506     628.2569
     177    6133.5962     486.1621     262.7306     223.5450     255.3724     295.8122    2382.8372     359.8273    1240.5917     626.7177
     178    6817.0779     694.6434     439.0508     339.1503     255.4297     299.3414    2455.6666     488.1672    1184.3853     661.2432
     179    7319.9133     532.0249     501.6542     639.8433     390.8698     360.9342    2403.4307     575.6012    1296.5326     619.0223
     180    7825.2098     399.9335     389.9508     516.9116     438.4616     486.8090    2929.1756     542.7807    1445.3918     675.7952
     181    8950.3913     538.0817     545.8221     513.5974     439.5169     352.3420    3751.9903     525.2783    1276.2365    1007.5260
     182    6760.3665     661.2791     368.4797     258.4419     334.1741     426.6302    2570.5499     394.1341    1186.2350     560.4425
     183    6307.1725     607.4182     372.9389     264.0071     240.6641     297.4190    2270.4502     470.3760    1175.7759     608.1230
     184    8022.7980     426.2065     440.4612     285.0356     423.6507     378.3164    2942.0901     676.4056    1525.8059     924.8262
     185    6949.6311     319.6698     207.0846     174.1481     279.4826     426.2516    2995.0110     572.4155    1163.6464     811.9216
     186    7425.5743     540.5086     300.2021     302.5814     322.6705     396.6963    2653.6394     498.7578    1848.3502     562.1681
     187    8571.1895     538.4830     322.0126     227.4332     358.6392     567.8095    3899.6375     530.9377    1285.9793     840.2573
     188    6257.9162     424.8171     312.0395     275.7295     296.8148     335.3944    2072.2089     465.4134    1446.4017     629.0969
     189    6225.6196     840.4309     336.0341     275.9340     256.4335     341.3581    2297.8074     413.3864     945.5430     518.6923
     190    6443.7275     456.4069     310.8618     277.0740     333.4886     289.5205    2558.7299     436.9942    1066.1506     714.5010
     191    7646.2523     757.4712     615.6351     490.0307     307.2465     312.8880    2589.1061     558.5815    1261.9501     753.3432
     192    8874.5018     488.0702     289.6623     311.6134     388.3396     413.0248    3949.1626     528.1615    1335.0040    1171.4632
     193    6593.0580     663.1429     300.5077     259.0545     269.7658     325.2129    2468.8758     448.7821    1268.0581     589.6583
     194    8282.4546     331.8988     326.2888     422.5038     304.8860     279.6735    3698.3046     625.1769    1454.6615     839.0606
     195    7388.6266     457.0199     248.5849     200.3192     273.7456     442.1115    3362.9997     547.5588    1061.2798     795.0072
     196    7773.0293     312.1700     214.8092     235.4324     284.0939     510.6203    3435.6524     558.5434    1316.1610     905.5467
     197    8275.7125     435.2413     346.4054     318.0530     387.0530     406.9323    3223.6032     575.6726    1574.6377    1008.1140
     198    8062.5307     401.8958     265.5185     245.9764     279.5940     428.6304    3479.0719     643.5340    1327.0418     991.2680
     199    7907.9742     570.1199     633.0209     409.1064     277.6541     434.2146    2688.7118     562.9734    1391.9107     940.2623
     200    9148.1739     595.5811     546.5874     489.5635     506.7991     396.2080    3642.3194     566.1955    1448.1983     956.7216
     201    6486.1943     287.6287     203.0894     199.9899     313.1065     552.4057    2275.1519     458.1982    1557.0252     639.5988
     202    7826.3210     420.4271     332.3957     419.5294     305.5824     297.0908    3170.6896     592.6528    1602.6539     685.2994
     203    8072.8681     624.1918     404.0526     220.6904     224.7434     347.4959    3306.1914     683.7602    1446.4339     815.3087
     204    8417.1607     418.3300     292.1391     252.2972     232.0804     393.5862    3989.3887     582.1615    1254.7583    1002.4192
     205    7617.5720     551.0126     373.0533     369.3144     262.8644     251.8267    3136.6930     673.8986    1099.3964     899.5125
     206    7322.3506     617.7430     402.9763     262.9610     252.2829     326.8000    2843.6165     486.9567    1212.8927     916.1215
     207    6544.1289     325.0475     215.9819     215.6615     243.5088     247.5855    2194.5851     625.6782    1574.6592     901.4214
     208    8483.5584     772.8466     824.4702     598.5232     374.4134     469.2012    2844.1278     449.1257    1372.4587     778.3917
     209    8775.0344     500.2334     382.1598     389.6180     492.6080     549.6084    3896.0917     595.3678    1155.5025     813.8449
     210    7264.0444     664.2328     405.1977     416.9618     353.0630     454.7906    2962.0298     346.7116    1154.1837     506.8733
     211    6517.1394     505.7772     280.4135     221.3575     218.1667     278.1545    2840.5375     507.6196    1018.5027     646.6101
     212    8251.5684     768.2781     608.9064     287.2463     281.1918     526.6819    2640.3877     626.7648    1465.8679    1046.2434
     213    8751.1237     635.1822     380.4554     347.6627     365.5641     486.4749    3742.1050     512.0493    1399.8103     881.8198
     214    8083.8555    1020.8869     570.3382     303.3181     227.1333     352.3894    2893.5046     646.4974    1308.3580     761.4297
     215    7577.7249     481.0284     353.2172     263.2003     295.6867     287.4721    3391.8652     446.1719    1040.2932    1018.7901
     216    8777.2797     374.9090     598.7345     719.3895     374.9300     335.4749    3640.1675     562.8704    1290.2224     880.5815
     217    7379.6932     396.4647     247.9238     233.0804     268.4797     295.1620    3141.1671     640.1156    1273.2173     884.0826
     218    8748.5713     493.6071     406.9657     311.3284     422.8467     454.6535    3810.0278     571.6052    1398.0663     879.4705
     219    7542.6940     437.8908     242.5194     301.8393     365.2923     485.4077    2604.5324     655.7019    1551.3246     898.1856
     220    7659.5310     566.4290     527.7574     465.7596     382.2417     310.0898    3125.1966     589.8410     977.5418     714.6740
     221    8030.6243     471.1826     379.6658     338.1633     267.1557     309.4405    3678.5392     527.2245    1271.7185     787.5342
     222    6488.6983     687.7644     332.5730     314.3209     348.4118     411.1782    2426.6852     376.0412     958.7258     632.9977
     223    8707.3626     549.1362     417.7891     345.7312     358.9904     340.7079    3830.9806     536.8826    1652.9526     674.1919
     224    8254.8460     411.3310     380.8034     300.6309     310.9909     460.5410    3216.2790     529.7564    1965.2904     679.2231
     225    9581.9003     673.2700     515.3856     837.7748     470.5830     371.3209    3363.5761     521.2719    1883.9747     944.7434
     226    7955.7815     618.6324     447.5861     332.8594     401.2317     381.0755    2818.2239     579.5101    1358.0714    1018.5911
     227    7637.8831    1092.9480     512.2368     446.8727     286.5007     329.0218    2673.1681     531.7173    1167.3774     598.0402
     228    8405.5355     545.7579     413.5560     256.4833     323.8870     408.3494    3914.2154     508.7083     963.7877    1070.7905
     229    6791.0897     309.2226     198.1819     183.9284     251.2120     401.5099    2996.4551     526.3832    1081.1260     843.0707
     230    6088.6383     508.3021     291.7831     236.5333     260.9255     290.1236    2404.3139     422.3703    1096.6059     577.6806
     231    7110.2937     545.9736     256.8165     223.6756     285.8355     289.5954    3063.8309     488.6562    1407.3885     548.5215
     232    8130.3359     614.6864     434.7626     318.2604     382.2193     458.3318    2725.7796     575.6118    1713.6365     907.0474
     233    7247.9325     666.4110     576.9967     476.1111     411.1208     355.3658    2721.3002     396.5914     976.5936     667.4418
     234    5903.7407     326.2325     203.3664     232.4616     247.1350     272.3013    2391.3256     417.2542    1219.8167     593.8475
     235    7886.6252     607.7219     392.2861     251.0028     299.8147     275.6942    2807.5990     526.5630    2055.9322     670.0112
     236    9041.0285     539.2270     489.9840     375.5927     316.0588     458.6982    3219.3647     507.6460    2006.4779    1127.9793
     237    9114.4567     976.5068     555.4608     528.5133     478.3610     496.1170    3154.7841     694.0912    1365.8162     864.8062
     238    8540.2832     765.5923     465.1974     465.9081     381.3151     325.9626    3336.9646     568.8291    1335.1668     895.3472
     239    7681.3436     525.1548     343.9553     343.4386     387.3568     379.4850    3316.1445     465.8106    1410.7935     509.2045
     240    7125.7410     349.4348     377.4053     314.0086     331.8612     513.1731    2463.0859     507.5040    1270.3718     998.8963
     241    7773.3005     869.4081     475.9643     429.0101     389.3918     390.7458    3308.4424     354.5352     914.0614     641.7415
     242    8264.3975     612.8478     548.6293     328.5364     392.5246     457.1752    2925.3501     559.3169    1364.2265    1075.7906
     243    8692.7027     777.8113     890.1519     479.7063     395.2618     428.1319    2987.9164     633.8610    1131.7131     968.1491
     244    8297.9109     360.2868     365.9950     407.7924     374.1970     452.7533    3651.8834     552.1999    1169.9975     962.8056
     245    7700.3612     404.1453     237.0888     240.3860     365.2169     411.9421    3364.9750     572.1518    1113.0703     991.3849
     246    6850.8964     979.2789     347.6370     225.1693     232.0052     306.7146    2505.6988     497.5681    1057.8263     698.9982
     247    9089.2151    1233.3069     766.9776     487.0887     280.1468     388.6697    3226.8621     612.1966    1375.0364     718.9302
     248    8404.7670     768.4338     434.6632     287.8068     336.9626     351.3887    3501.8889     568.3107    1341.7978     813.5145
     249    5904.1030     332.5817     234.9778     205.0318     212.2762     294.7965    2446.0585     440.1403    1021.7727     716.4675
     250    7428.5440     588.6332     525.6953     463.7497     410.1320     458.8791    2630.2702     454.2682    1406.7484     490.1678
     251    7760.1793     350.3744     283.6486     227.8461     324.6850     396.5360    3426.6701     475.9042    1233.7954    1040.7195
     252    8839.6578     895.1830     410.0961     360.9798     377.2023     308.8878    3898.4893     369.0628    1498.4088     721.3480
     253    6803.1232     357.5048     445.7213     326.9021     231.8337     283.7895    2680.2278     518.8961    1110.2848     847.9631
     254    7627.9040     841.8547     688.8355     392.7268     204.9726     250.7237    2828.0388     608.5396    1233.2367     578.9756
     255    8003.1033     736.2479     770.1915     556.2809     274.4709     305.4138    2904.8184     509.5694    1186.7011     759.4093
     256    6777.7711     586.4833     624.4940     371.9557     247.7073     269.9350    1994.2971     576.9715    1385.2247     720.7025
     257    7879.3958     577.9841     259.5407     228.0511     259.2257     457.0839    3271.6464     591.5624    1222.1442    1012.1573
     258    8532.0754     517.1473     358.8981     335.7013     418.3710     613.4532    3352.6664     565.3965    1364.2501    1006.1915
     259    9181.7380     677.9529     531.0933     298.1303     289.3701     399.4776    3682.1238     677.2178    1695.1568     931.2153
     260    7450.4118     841.8381     620.9523     349.0740     238.2593     337.2282    2297.7249     609.8623    1504.8123     650.6603
     261    7951.7359     580.1493     508.9787     373.9921     313.9150     335.5060    3246.6543     598.1925    1104.6586     889.6894
     262    6998.2643     415.8751     274.3279     220.0270     206.8324     269.8253    3128.9003     598.1550    1045.4316     838.8898
     263    8504.1474     387.4477     339.4404     381.7020     400.0996     569.8344    3463.4735     539.5429    1445.5572     977.0497
     264    7203.6219     440.9477     351.3302     407.8966     321.3303     279.5750    3004.7309     428.4110    1110.2223     859.1780
     265    8150.4726     637.7687     288.5904     329.4946     348.6008     498.6930    3325.4716     560.3610    1271.7342     889.7585
     266    6067.0444     359.7669     308.6551     297.6879     285.7435     293.1043    2077.8067     508.9097    1358.7873     576.5830
     267    6712.0640     311.6334     211.4105     229.2107     310.4623     349.2791    2773.5026     426.8409    1395.0356     704.6888
     268    7692.5127     357.0537     283.3057     308.8935     529.0316     512.6191    3001.4356     520.1573    1288.4724     891.5438
     269    5904.0575     587.3593     370.8059     306.2678     228.1161     287.9969    2249.2648     344.5819     984.5526     545.1122
     270    9518.3223     557.1773     487.5692     578.0592     463.2193     325.5450    3485.3375     780.4264    1898.7550     942.2333
     271    5592.6866     586.9818     338.1484     274.5602     207.5464     224.7875    1890.1228     394.4466    1118.6140     557.4789
     272    8810.6072     458.3799     466.3483     445.7785     464.4034     556.4187    3622.3198     540.9387    1198.4302    1057.5896
     273    8293.8806     410.6335     537.7836     427.0193     307.1564     358.8436    2964.8920     585.0931    1621.3620    1081.0972
     274    7726.4768     603.4155     471.6380     312.7753     447.8634     494.3306    2997.9613     642.2951     941.3817     814.8159
     275    7519.9795     341.5268     377.7396     357.7289     273.4701     387.4927    3024.8105     522.1680    1209.2494    1025.7935
     276    9274.8771     523.8882     284.1285     274.2345     365.2450     394.8097    3831.8192     697.2727    1714.6739    1188.8052
     277    8216.5039     407.1569     425.8388     281.7574     296.0395     478.5701    3493.6665     600.8043    1117.3552    1115.3152
     278    5751.0791     366.5643     298.8841     220.9206     204.8591     260.8073    2305.0864     449.6438    1051.5465     592.7670
     279    7007.3871     541.5268     341.7502     260.4274     246.3026     381.3337    2696.3427     449.8673    1076.1978    1013.6387
     280    8547.7787     537.9006     548.9049     344.0765     298.1785     370.2241    3569.6043     731.7406    1157.2792     989.8701
     281    8414.6198     694.3497     530.1293     378.5363     329.8298     524.3278    2800.3306     649.8290    1511.0326     996.2547
     282    7837.0414     517.6200     391.2572     318.8560     451.1517     534.6783    2542.6936     685.3741    1514.4933     880.9173
     283    8470.3385     480.8117     283.1664     291.7332     432.8045     508.2940    3289.5011     639.3731    1385.6939    1158.9606
     284    8245.4816     447.1039     278.7090     320.8939     402.8232     468.6869    3477.3282     624.9930    1350.6835     874.2601
     285    7919.6365     413.9725     390.0798     323.0901     328.6125     359.4532    3060.4071     673.0021    1463.3339     907.6854
     286    8978.8757     588.0153     450.3793     315.7190     308.5243     386.8908    3878.2912     444.3318    1776.3923     830.3317
     287    7676.4710     423.2335     295.2156     311.0155     504.8189     505.6636    3218.8100     512.8572    1040.4115     864.4452
     288   10072.4016     499.8439     411.4604     329.7294     361.6449     369.2235    4537.4271     555.9862    2136.3600     870.7263
     289    7995.7863     664.0234     355.5692     300.8176     274.6042     375.5021    3113.5549     524.9209    1230.4830    1156.3111
     290    8391.1441     560.3185     248.9600     193.7006     220.3177     404.0274    3883.3960     668.8153    1294.4823     917.1264
     291   10828.1162     535.7843     560.5948     515.3597     714.7209     715.2505    3957.6486     670.7032    1982.0809    1175.9732
     292    7162.5840     869.0892     516.9625     399.5233     322.7117     272.8604    2533.2132     490.0905    1161.7168     596.4163
     293    6943.4225     385.9101     359.8028     311.3771     276.4469     315.8162    2713.7568     552.1761    1074.3676     953.7690
     294    8237.0114     391.8321     488.2721     480.9906     407.3803     398.2690    2840.4876     532.6917    2063.9207     633.1674
     295    6520.4307     585.1082     543.4424     308.6571     250.4934     285.3575    2288.1856     431.1041    1030.9792     797.1032
     296    8097.9693     819.3001     417.8586     232.3187     207.7208     250.1436    3172.2562     731.6424    1388.5586     878.1703
     297    6737.5848     416.7600     343.3482     351.7564     321.9004     345.2133    2621.5312     390.3010    1343.4793     603.2950
     298    8421.9277     324.0750     227.9737     252.3677     374.2123     421.6954    3448.1456     731.5743    1615.9200    1025.9637
     299    7160.2213     362.4161     261.5019     266.0477     338.2436     287.2966    2697.3060     584.4806    1500.4571     862.4715
     300    6813.3490     502.2800     369.5049     334.2934     283.5828     305.8072    2568.8488     524.8062    1200.4628     723.7629
     301    6425.1148     329.9759     337.4791     347.3719     260.8383     331.6698    2968.9487     289.5230     863.1618     696.1463
     302    8165.4436     303.8685     202.2740     192.6733     276.1525     534.2488    3610.7125     603.4568    1532.0603     909.9969
     303    7689.5471     559.8408     321.5547     389.6825     482.1615     446.6342    2822.0307     511.8478    1187.2472     968.5476
     304    9569.1826     543.8460     536.4243     513.3770     421.5872     516.0906    3310.8911     678.9353    1904.0693    1143.9617
     305    5665.8070     342.3284     256.5321     246.0114     344.4712     435.2876    2139.4543     325.8797     971.7020     604.1403
     306    7677.8097     342.8113     325.5668     449.2167     337.9969     363.4897    3220.0814     525.6239    1134.6438     978.3792
     307    7333.7253     355.0765     236.2064     199.7718     208.4388     427.8439    3285.3221     620.6502    1130.4411     869.9745
     308    8279.8861     689.7732     551.8491     537.8607     504.9519     441.5219    3050.7077     570.1884    1120.9409     812.0925
     309    6758.0130     312.1951     198.8393     171.2967     163.3202     198.0160    3053.1022     466.6603    1364.1478     830.4353
     310    8402.1135     897.1500     622.0204     279.3508     243.9565     321.8220    3076.0059     737.7844    1278.5081     945.5154
     311    6687.8445     576.0391     400.4414     350.1349     267.4323     248.6386    2184.9856     541.8208    1401.7999     716.5520
     312    5321.5360     333.0938     234.9881     252.6976     318.4329     321.3347    1990.8953     353.3826     980.4398     536.2713
     313    8583.3639     383.4728     454.0089     297.9503     236.3912     283.9181    3938.7217     580.9772    1490.1063     917.8174
     314    7053.7039     451.6469     382.8491     464.5699     347.6511     368.1191    2265.8626     640.1196    1548.8276     584.0580
     315    6319.4392     749.4028     378.5022     242.2026     260.0850     406.7628    2444.9421     391.3641     861.8123     584.3652
     316    8350.4083     457.3654     513.9309     502.6976     526.0613     695.8325    2517.8001     550.4825    1263.7966    1322.4413
     317    6365.2593     533.7017     389.2333     328.2591     252.9279     398.5626    2360.8869     466.5125     983.1747     652.0007
     318    7308.9281     391.0352     328.3714     312.3465     275.8447     348.5690    2752.6131     530.2031    1430.0517     939.8934
     319    8187.6126     614.4225     334.8239     286.8705     221.5470     310.5927    2867.9105     677.6403    1656.5186    1217.2865
     320    6583.3232     323.0480     247.0093     247.2649     271.1740     256.0973    2758.4305     443.5132    1355.5816     681.2044
     321    7691.2975     535.1908     745.5315     663.7776     301.2313     247.7833    2539.5710     547.7900    1306.6609     803.7610
     322    5674.9781     651.0871     291.9405     254.4047     263.1579     355.2822    2028.9370     313.0611     965.9506     551.1569
     323    6053.3367     322.0125     214.7043     196.8064     231.6514     268.1581    2349.7796     331.0741    1412.4571     726.6932
     324    8279.7924     643.5101     436.9384     423.7637     334.3337     416.0287    3579.5301     544.6350    1004.4042     896.6488
     325    7788.6356     308.8469     214.7333     203.4192     231.7997     399.9610    3493.7311     630.2092    1376.3201     929.6152
     326    5805.5407     498.9696     260.3276     214.6224     222.4228     260.3972    2516.3523     341.5812     922.6454     568.2222
     327   10138.6593     467.8074     431.7709     543.1100     548.5520     575.7748    4167.0469     646.5232    1737.2456    1020.8286
     328    7800.2952     881.1121     597.8130     334.0665     249.1191     339.6127    3065.2983     480.8624    1233.5843     618.8269
     329    9753.8659     760.9383     448.1027     325.6894     409.7974     586.8261    3218.8207     685.6047    2147.0971    1170.9894
     330    7031.2985     691.1381     622.3133     374.1859     287.6179     323.9976    1872.3051     640.0430    1451.6150     768.0825
     331    6436.7889     387.8391     233.0148     203.4968     197.0485     298.0659    2690.8889     598.7632    1028.4089     799.2626
     332    8999.0281     467.3144     365.6112     415.1661     492.0067     471.4591    3708.3878     623.2773    1486.1897     969.6157
     333    7507.5619     384.2252     380.1263     343.7132     405.5957     486.9077    2633.4271     537.9174    1646.9256     688.7236
     334    7633.3748     458.2083     500.6328     617.2172     458.8169     489.4844    2591.1959     528.1994    1165.4291     824.1908
     335    7717.1496     395.6873     291.4939     253.4370     441.0249     419.1416    3052.8224     612.4803    1347.1399     903.9223
     336    7844.9425     525.4022     297.2937     390.9149     378.0499     337.5253    3153.4884     577.2472    1464.6632     720.3575
     337    7403.0749     856.2341     462.0405     291.4040     344.7682     302.7076    2820.6203     564.5895    1179.7397     580.9711
     338    7442.0031     355.5347     239.1774     266.5352     416.3829     461.1551    3148.2295     565.6293    1112.1352     877.2236
     339    6232.5289     424.5746     400.4223     247.2596     218.7153     250.7895    2513.2293     379.1731    1187.2291     611.1360
     340    5913.6739     583.2532     340.6061     288.6660     234.9877     263.1707    2114.5236     437.0969    1126.5474     524.8222
     341    8107.7955     499.2047     627.8759     555.5207     388.6323     357.7392    3128.4292     521.2212    1304.3779     724.7945
     342    7272.2354     401.3704     381.2854     353.2567     430.8638     339.7215    3136.8048     424.8202    1335.8734     468.2392
     343    9397.8506     479.3648     342.0410     374.8960     472.6049     673.4642    3814.1077     563.7516    1520.2059    1157.4144
     344    7541.6657     342.1515     234.4234     218.4005     218.6417     291.6030    3176.5451     679.2243    1471.7767     908.8994
     345    8272.8312     407.0632     293.7734     269.9139     306.0202     391.5037    3440.8819     630.9906    1603.7365     928.9479
     346    6877.1014     396.3594     419.1173     581.4165     379.2510     278.1181    2608.0031     409.5129    1161.3026     644.0206
     347    9468.3531     730.1078     487.2254     381.9554     379.9855     433.8776    3188.3898     644.4432    1739.6070    1482.7614
     348    7900.0051     331.1183     304.3651     284.1297     337.9442     338.7047    3476.7346     656.8153    1185.9413     984.2518
     349   10136.6124     401.8793     407.9625     442.1760     361.3514     418.3085    4596.5435     652.0544    1919.5949     936.7420
     350    9169.6259     568.6488     461.3426     784.4098     529.4159     429.2728    3184.7870     818.5147    1445.3260     947.9083
     351    9057.7639     969.9293     740.2934     372.5578     343.0920     326.7141    3669.2941     486.5402    1343.6169     805.7262
     352    7731.9708     861.6914     586.6105     446.0254     311.2594     393.0755    2818.4407     447.3772    1077.1598     790.3310
     353    7464.2972     743.8556     539.5046     296.0596     283.0108     358.6041    2333.9612     652.6739    1540.3473     716.2800
     354    5643.7374     318.7053     256.0912     239.8889     220.7211     254.6935    2057.4520     468.2646    1201.5880     626.3328
     355    8668.9189     355.0891     421.4276     549.2882     379.6128     395.0585    3747.5353     544.2521    1397.7048     878.9506
     356    7627.6460     571.8596     369.3477     254.8675     227.4393     312.9294    2839.7227     562.8476    1502.9569     985.6752
     357    6882.7470     742.4841     338.5356     267.1544     364.7723     424.7582    2744.1242     484.9859    1020.1491     495.7830
     358    6104.2838     415.7554     249.8107     221.7221     293.6409     326.5400    2373.9780     529.0701    1037.8092     655.9574
     359    6445.3185     760.2203     478.4658     260.7533     244.6141     311.8404    2002.0829     497.5682    1360.8919     528.8815
     360    9617.0268     602.0914     645.3965     932.5160     739.1979     457.1456    3273.4166     433.5822    1730.3291     803.3515
     361    8421.2806     741.2650     495.9855     394.6493     292.9283     280.5229    3441.3525     544.3833    1515.1279     715.0658
     362    6412.0482     310.5624     212.9384     216.6291     266.6147     462.1212    2660.8343     501.6346    1010.8736     769.8398
     363    6860.8301     439.3926     305.4278     200.0083     193.4301     218.1140    3065.3678     493.3940    1175.6045     770.0911
     364    6401.4371     456.0290     501.4720     432.6949     365.6069     405.5429    2113.6905     428.4331    1000.0751     697.8926
     365    7124.2543     391.7340     293.2466     306.2218     376.9307     583.3139    2193.9644     498.4636    1772.0187     708.3606
     366    7122.1255     309.0876     218.8196     199.9565     352.6564     438.0270    3101.1823     456.6315    1197.3867     848.3780
     367    7914.3926     439.7330     321.6289     387.7074     566.6018     642.6214    2425.0067     485.5070    1778.2826     867.3037
     368    6291.3534     440.3787     280.5685     217.9285     241.1775     333.5905    2527.5217     522.9114     965.5299     761.7467
     369    9834.8190     487.4920     466.7342     366.0404     460.9792     598.1777    4321.6895     544.5267    1689.2013     899.9779
     370    5295.1226     330.0763     208.7002     181.8832     190.7512     222.4871    2080.8200     410.9409     961.7344     707.7294
     371    5935.2869     396.5858     254.7335     195.6955     208.2939     318.5745    2313.5120     466.6088    1067.0927     714.1903
     372    9043.0196    1048.1858     765.4145     406.1312     303.9342     366.6331    3416.9100     497.7481    1360.8234     877.2393
     373    9281.8149     633.1935     472.5268     357.2153     390.5713     499.9383    4064.6324     660.7449    1302.3841     900.6083
     374    7699.2405     401.0661     374.2897     316.9381     376.2650     545.7504    3089.5752     430.8061    1165.1315     999.4184
     375    9283.2532    1351.1766     708.6122     385.3787     421.8422     511.5073    3173.2027     590.7343    1404.4517     736.3476
     376    7289.3920     331.8018     389.0973     381.2677     268.6472     279.6762    3149.4720     481.8479    1463.5505     544.0315
     377    8341.0445     763.7885     775.7817     469.1362     342.1670     357.2086    2832.1399     567.0209    1539.5913     694.2103
     378    9721.8487     578.6988     327.3346     266.5440     343.8244     503.5684    3674.6640     625.7400    2073.2296    1328.2449
     379    7689.6197     745.0396     569.1278     350.9993     379.8226     320.8796    2634.7413     464.3277    1334.8325     889.8494
     380    9212.9424     642.1638     474.8900     463.3684     333.4368     290.1076    3221.2830     620.3140    1961.3100    1206.0689
     381    7282.8150     620.8497     399.0903     351.1109     546.1759     430.2127    2972.5452     352.2533    1099.4741     511.1028
     382    6573.4635     441.7941     310.6774     303.7497     251.8243     251.8030    2849.7634     457.2764    1044.8022     661.7729
     383    7979.0842     550.8515     570.1876     550.0151     459.0489     690.5623    2293.0311     498.2850    1510.0781     857.0246
     384    9868.9772     468.6652     379.0055     337.0638     396.5124     311.0429    4560.7675     628.5462    1907.2154     880.1583
     385    7709.9355     596.6844     378.2739     332.8787     415.3883     346.3415    2902.6616     515.6693    1133.8375    1088.2005
     386    8498.9473    1018.3136     742.9292     538.2569     380.1136     378.3560    3100.9337     561.1583     946.1138     832.7723
     387    8526.5949     394.5512     408.4317     321.0497     342.0542     396.0534    3782.1136     518.0356    1445.2923     919.0132
     388    7623.9480     667.2767     275.3051     253.6896     278.0659     339.6449    2819.2961     591.1462    1305.4666    1094.0569
     389    6338.8230     535.7076     409.0148     348.6708     333.1863     374.1137    2046.0689     506.5499    1264.6132     520.8977
     390    8921.7861     777.1599     789.4454     308.3402     235.9923     307.0507    3346.1596     699.6002    1675.6084     782.4293
     391    7421.5748     487.6145     391.1281     247.4750     256.0938     405.5602    3112.6565     421.3988    1168.8972     930.7506
     392    6325.6365     317.4737     228.6163     322.0322     423.4098     344.7164    2218.9560     523.5237    1151.9221     794.9863
     393    7802.8496     421.5232     242.6545     247.0608     316.3451     368.6013    3256.5459     576.4271    1503.2818     870.4099
     394    6510.5726     442.0296     364.5906     394.1337     332.9356     361.4642    2409.1894     437.4106    1186.7902     582.0285
     395    8228.8144     716.6333     313.7594     231.6039     248.4932     340.8844    3714.1960     574.0967    1199.1522     889.9954
     396    9513.7023     567.8186     512.0379     312.4942     301.8828     361.0952    3983.4961     707.4442    1827.0650     940.3682
     397    7713.0882     560.5654     457.8514     432.9755     453.9321     513.4172    2465.1048     451.8972    1360.5057    1016.8389
     398    6233.0505     494.7391     341.5313     341.2101     290.1460     287.5481    2497.9338     410.5921    1043.2935     526.0564
     399    5853.4455     305.6364     232.4874     340.7909     372.1135     298.3144    1972.3597     468.3692    1121.0730     742.3009
     400    7090.1555     304.2180     202.4363     181.6390     194.0046     306.1611    3169.4277     583.2712    1184.5368     964.4609
     401    9695.2471     842.6181     654.5717     407.3530     368.3451     446.4632    4350.6503     569.0216    1183.9076     872.3165
     402    7585.6067     472.1354     396.0127     324.7210     243.8555     339.3986    2976.6034     568.7182    1758.4896     505.6723
     403    8549.1754     801.8526     432.6008     343.1402     401.1299     351.8770    2965.5403     478.5165    1777.1275     997.3905
     404    9577.3854     463.9951     703.8313     423.4284     437.1459     347.1267    3649.9404     722.1556    1753.6217    1076.1402
     405    6748.4961     317.5080     288.0437     275.9577     333.3509     460.6957    2247.5479     511.0087    1462.5166     851.8669
     406    7824.6257     377.7516     290.6004     222.2704     240.5965     280.0373    3367.5997     592.5131    1319.1063    1134.1504
     407    6373.2702     323.7273     231.7079     318.4532     265.7629     251.0129    2593.4330     459.8083    1223.2826     706.0821
     408    6899.0039     510.7584     450.1100     413.2361     355.7279     439.2326    2558.2370     424.1913    1219.6562     527.8545
     409    8158.3481     396.8914     316.8693     254.5897     319.9165     338.5501    3326.6934     425.5842    2016.3986     762.8550
     410    8058.3215     501.0577     351.0224     274.1246     307.5665     381.4274    3678.4965     558.6284    1134.6514     871.3464
     411    8891.2711     410.5045     299.6056     365.1860     450.0434     503.8469    3701.3651     656.5259    1502.9104    1001.2834
     412    9661.4090     562.5547     741.7876     615.0035     367.9713     365.2061    3724.9565     650.7632    1957.7858     675.3803
     413    9122.0484     807.6880     591.9647     398.3023     303.7751     294.3880    3736.2455     483.0319    1594.3568     912.2961
     414    7590.4951     501.0056     372.4489     451.4117     482.3578     482.2493    2669.5517     466.3571    1321.6156     843.4974
     415    8526.6136     473.6597     308.5149     311.3742     600.9455     807.2558    3445.1916     524.6963    1056.3710     998.6047
     416    8396.2052     576.7546     730.2964     461.6923     379.9703     360.5756    3320.1987     534.4734    1289.0536     743.1902
     417    8375.9051     660.2857     402.9993     278.4679     294.5203     393.1323    3304.8939     689.0445    1443.6683     908.8930
     418    6456.9320     508.7135     443.9777     354.5120     374.4696     375.2511    2531.0669     362.1155     950.7301     556.0958
     419    7220.8688     380.8605     371.6294     278.9935     235.1994     279.5645    2955.3015     581.3895    1435.2272     702.7035
     420    5246.1302     345.1804     220.8016     180.9080     173.9440     218.1150    2042.5797     402.1111    1142.4373     520.0531
     421    7330.1311     399.3256     312.5584     382.5885     530.6935     433.5813    2703.9803     474.3555    1318.0049     775.0431
     422    7679.1912     411.4969     335.1711     314.9068     622.3870     737.6722    2502.0621     546.0343    1250.1380     959.3227
     423    8652.7252     800.3969     639.0920     438.6383     363.2409     382.0653    3284.1743     711.9256    1363.2537     669.9382
     424    7424.7478     833.0209     600.8469     526.0910     397.2721     332.3117    2092.3731     603.6913    1416.0744     623.0664
     425    7214.3286     414.9198     329.4211     485.5859     302.7371     333.0335    2495.2062     659.6247    1500.9344     692.8660
     426    6237.8501     487.8136     229.8868     200.2809     215.3016     253.5428    2542.2008     425.0326    1157.9464     725.8446
     427    8560.1617     577.4086     424.2732     345.6970     272.5329     332.4662    3778.9878     617.7095    1439.6544     771.4322
     428    7447.3505     463.9171     437.7182     419.1721     259.5314     325.0631    2731.9228     630.1665    1363.8315     816.0278
     429    6634.4308     559.9760     389.0532     296.0742     321.5145     302.6821    2212.1832     460.6436    1172.6035     919.7006
     430    6313.8753     467.1092     276.7229     210.8143     235.6680     276.5188    2319.1372     507.1524    1290.7533     729.9992
     431    7940.2695     592.7050     382.5770     357.6321     566.2696     358.2682    3092.7001     330.4207    1270.8500     988.8469
     432    6580.1034     338.7707     243.3214     254.0528     365.9627     361.1763    2804.6924     405.1883    1087.2063     719.7324
     433    7421.0689     392.2689     429.2615     551.5025     427.0662     475.6557    2335.5450     597.9930    1347.8872     863.8889
     434    5652.5443     633.0992     343.7163     235.5031     234.3690     302.1463    2083.1686     364.3055     981.1665     475.0697
     435    6811.7803     307.6310     200.6362     166.2660     196.2414     320.6807    2976.7742     603.0086    1205.9593     834.5828
     436    7570.9715     799.8790     468.8830     264.6092     267.6687     248.3853    2977.7875     421.7155    1498.3223     623.7210
     437    9086.0838     415.1385     446.8737     389.9783     301.5217     379.6558    3694.8533     755.5667    1615.9108    1086.5850
     438    8912.9044     542.2736     369.2179     256.6713     394.8980     490.0773    3560.9543     676.7767    1567.2004    1054.8348
     439    7330.3370     317.9900     201.5471     210.1129     331.7192     440.5808    3222.6866     607.3990    1264.5388     733.7626
     440    7840.3650     380.3352     447.2667     453.6100     328.0423     314.9877    3487.0545     565.4563    1117.3999     746.2126
     441    8152.2670     868.4722     555.9275     300.8345     259.1573     358.7046    3120.1853     560.5864    1490.4214     637.9778
     442    7088.8941     314.1630     207.0160     239.7669     298.3263     392.2241    2973.9930     529.0973    1185.6981     948.6094
     443    7641.9737     456.9850     365.9767     270.8236     258.8882     337.4351    3072.0544     632.4841    1287.3393     959.9873
     444    7457.6459     615.0516     387.5952     336.4245     326.4249     475.5142    2736.1022     519.3714    1325.1935     735.9685
     445    9197.5956     456.6715     452.1311     401.3067     381.7310     433.0042    3946.1681     703.7636    1493.1070     929.7125
     446    7137.6681     335.6157     233.1072     216.5434     268.1453     289.0040    3015.9197     624.7448    1370.4112     784.1769
     447    7573.7753     623.2379     295.9143     277.3434     297.2354     441.6845    2866.5232     393.5700    1433.7174     944.5492
     448    6881.3105     502.8715     497.8970     376.0429     340.4443     520.1663    2573.1954     362.8760    1174.3975     533.4196
     449    7190.3369     368.6076     327.5505     297.6512     257.7545     255.0497    2982.8542     555.1136    1355.4634     790.2922
     450    7366.0816     524.4116     521.4225     454.7379     333.4386     347.8437    3281.9250     378.5704    1029.0359     494.6960
     451    8403.3238     489.1491     435.8060     369.9574     431.4316     485.2449    3280.3529     528.8855    1372.6107    1009.8856
     452    9535.6639     907.4238     918.7439     451.4027     440.6220     630.3173    3395.9177     603.8229    1142.7161    1044.6974
     453    7966.4557    1015.6992     330.7837     253.2537     319.1535     421.1747    2723.2572     608.3519    1438.7929     855.9889
     454    8187.6843     434.3840     261.4271     369.5589     454.7200     419.2337    3471.6472     518.7992    1397.7332     860.1810
     455    6671.6051     476.5965     414.2302     427.1208     331.5101     376.6497    2475.6674     452.0549    1094.1548     623.6205
     456    6370.8211     322.8416     277.4662     318.7529     320.6191     344.9816    2723.2988     410.6514    1148.5348     503.6746
     457    6102.3561     310.3182     204.3254     221.2423     250.8590     309.3367    2835.0477     397.9116     894.1281     679.1871
     458    7267.9523     312.0886     199.6486     176.2077     229.4999     394.3040    3061.7247     656.2287    1245.4796     992.7706
     459    7139.6671     314.9771     215.4343     236.8753     387.9412     451.8610    2948.7024     579.0372    1145.4023     859.4362
     460    7282.1923     846.3883     418.1203     289.2753     245.9870     258.0491    2994.6382     517.7311     920.4607     791.5424
     461    6197.7067     397.8865     328.5988     293.5615     340.1459     400.3489    2054.5637     414.6719    1232.2258     735.7036
     462    5901.6424     320.2715     204.2405     183.0790     256.3334     367.3054    2253.5401     518.2365     975.8971     822.7390
     463   10075.1219     698.3358     539.4512     402.9599     460.0679     389.7944    3925.3575     762.4041    1565.1692    1331.5819
     464    6497.4376     438.2144     367.8097     306.0380     319.6362     401.1714    2084.4337     396.5956    1530.3534     653.1851
     465    6377.2830     404.8798     223.1983     191.9979     253.5354     317.4538    2488.1822     539.2291    1163.1710     795.6354
     466    6561.5349     420.0960     510.0635     439.3060     326.1487     303.8707    1956.7926     387.4598    1518.5752     699.2225
     467    9437.4457     457.4061     321.7035     368.4303     341.6183     417.9332    4035.6806     713.3077    1982.2632     799.1027
     468    5575.1604     336.2952     229.0414     194.3301     183.1472     227.4675    2106.5403     478.5046    1033.5881     786.2461
     469    7863.0603     536.2934     476.5628     488.8922     636.8015     538.4473    2548.3293     589.2901    1533.9742     514.4696
     470    6726.7830     425.0915     350.0275     391.4577     494.1040     347.3343    2377.2804     433.6761    1374.5164     533.2951
     471    9501.3550     671.8906     519.4994     431.6475     461.9564     409.2482    3356.3368     535.5118    2008.1468    1107.1173
     472    6851.2278     386.8199     246.6866     256.7048     284.8738     391.1686    3014.5524     402.5079    1090.8678     777.0459
     473    8587.5073     607.6375     425.7921     418.1794     414.4819     387.0736    3268.0709     601.1365    1658.7102     806.4253
     474    7496.9554     467.1711     312.9510     298.2164     284.7280     314.0118    2739.5990     761.9833    1512.1703     806.1245
     475    9402.4048     454.6924     349.2394     391.5900     419.1325     342.7619    4045.4224     697.1511    1685.5798    1016.8352
     476    6076.5258     395.1094     368.0352     313.3671     234.5633     251.1681    1880.7109     523.1538    1343.7595     766.6585
     477    8570.7507     472.1793     274.1891     295.4048     275.6169     389.8384    3514.6647     668.1612    1866.8751     813.8211
     478    7729.3048     795.5384     513.0163     333.0557     261.0743     279.2533    3032.1775     630.2460    1153.8143     731.1288
     479    6287.3342     349.1887     393.2183     442.2524     346.7202     319.3710    2125.6423     417.7073    1277.6247     615.6094
     480    6466.2626     475.2315     286.5334     289.1967     348.4176     411.0428    2569.4315     432.6256     995.4773     658.3062
     481    7016.2316     361.4314     344.9055     296.7958     245.4859     382.2687    2905.3873     512.1864    1208.2772     759.4933
     482    8189.1376     509.0591     376.0605     338.5105     225.2724     264.2290    3838.4804     572.2638    1242.0693     823.1927
     483    6305.5131     339.3318     230.6857     204.4635     236.8476     281.2084    2862.6154     386.2223     954.1536     809.9847
     484    6300.5981     321.2144     205.0702     218.1743     226.9928     290.8562    2561.6084     570.0269    1244.6986     661.9562
     485    7094.6582     446.6392     237.7857     230.3226     221.5029     243.7517    2736.8225     684.5806    1512.5773     780.6756
     486    7431.9753     509.0796     377.2728     276.9645     266.1983     314.7005    3037.9019     557.7973    1508.2321     583.8283
     487    7419.8981     361.8439     252.1970     289.5272     405.7218     665.0568    2506.6120     627.0652    1326.7851     985.0893
     488    6594.1533     658.7009     375.3808     308.4507     406.9088     348.8120    2462.3422     364.0714    1003.2003     666.2863
     489    8087.0152     368.1959     315.8186     331.0379     321.3150     324.2685    3273.1978     664.2073    1718.0294     770.9447
     490    7418.2659     688.3754     411.4345     361.8921     460.5290     438.1099    2452.8343     622.0086    1265.3410     717.7412
     491    7797.1456     545.4730     383.6133     485.6305     426.1596     340.2394    2762.8327     471.0184    1656.1548     726.0238
     492    8342.1473     846.9957     618.0166     355.9703     410.6592     421.0479    2818.8716     660.9017    1343.1429     866.5415
     493    8414.4924     462.6400     388.0963     524.6016     418.8419     375.2002    3193.1984     706.6805    1548.7113     796.5222
     494    7510.1683     741.0224     436.8836     393.7267     457.7528     380.8863    2740.5632     410.4808    1112.2717     836.5808
     495    7110.8237     513.0534     531.0676     422.4029     296.6169     360.9136    2614.6514     592.0384    1016.7090     763.3705
     496    7561.0204     625.4939     446.1869     386.5416     379.8215     331.8055    2599.0205     532.3151    1458.0817     801.7536
     497    6947.3457     371.8835     272.2899     398.5539     586.9073     437.9831    2661.0325     499.9639    1127.5834     591.1482
     498    6017.3229     327.1359     208.3364     211.9660     306.2415     339.4787    2301.6327     466.9624    1054.4449     801.1243
     499    7336.4760     597.3063     594.6259     477.5088     293.6452     316.5135    2235.8611     671.8885    1332.3041     816.8226
     500    7044.1119     536.0388     394.2491     314.6515     279.3296     341.9053    2411.7481     527.3687    1557.5442     681.2765
