#Frame         global     SA_00002     SA_00003     SA_00004     SA_00005     SA_00006     SA_00007     SA_00008
       1    5863.1701     512.6853     261.8251     289.7884    2438.0702     470.7713    1137.6162     752.4137
       2    7248.4098     402.4206     431.2058     433.2860    3033.1514     483.3616    1672.1528     792.8316
       3    5700.0650     336.6384     361.1184     345.7044    2293.6623     459.9722    1302.5687     600.4006
       4    6041.2495     323.5269     284.6984     299.9110    2561.2695     454.7334    1455.1502     661.9600
       5    5774.5442     345.6306     301.3234     286.2581    2724.4260     400.7364     995.9503     720.2194
       6    6921.5382     517.4072     432.5365     677.7414    2838.3650     442.6305     997.3477    1015.5098
       7    7388.2484     481.4465     434.5831     391.2307    2901.9522     786.0491    1566.5353     826.4516
       8    6608.1268     370.2820     295.4011     359.0658    2747.6441     592.4178    1455.8712     787.4449
       9    6184.1932     413.7048     322.0025     330.0263    2864.8428     548.1155    1190.3734     515.1278
      10    5598.3949     386.3199     467.8146     506.2964    2150.8372     434.9810     902.8294     749.3165
      11    7559.3355     510.4656     481.1922     370.9765    3653.5937     526.4796    1317.0338     699.5941
      12    5215.5048     308.5164     200.2357     229.1361    2348.5154     450.7063    1020.8818     657.5131
      13    5661.9003     533.1076     305.1453     308.5262    2212.1231     498.8226     995.7109     808.4645
      14    7144.3766     500.5106     357.9292     362.8024    3181.7001     409.5733    1632.2818     699.5792
      15    4923.7849     319.4394     209.6358     233.8539    2161.8521     324.3117    1057.1114     617.5806
      16    5992.0212     570.2780     600.7371     374.9022    2391.4869     373.8267     995.3573     685.4330
      17    7355.6379     604.8144     453.1628     443.4512    3481.1676     501.0462    1051.7390     820.2568
      18    6288.8648     389.7241     329.2552     358.7121    2871.5204     471.0356    1020.9555     847.6618
      19    5846.8955     472.6273     336.0918     323.1304    2610.7982     457.4051     893.1267     753.7161
      20    7309.6033     750.0825     601.3854     551.8028    2675.9153     454.6914    1445.3445     830.3814
      21    6241.8173     620.3849     308.2250     292.1255    2897.8620     444.2004     972.2400     706.7794
      22    7086.9307     752.4653     663.3509     562.0110    2677.4702     569.8504    1370.5996     491.1833
      23    6609.4058     503.0144     330.4510     320.3413    2924.6909     556.0600    1401.4671     573.3811
      24    7523.4852     501.4306     386.5792     329.6237    3286.5003     628.1103    1578.3659     812.8753
      25    7404.3322     457.9276     386.3463     339.3918    3398.3895     597.5698    1437.3915     787.3158
      26    6424.4014     378.1919     318.9251     340.4772    2686.3425     517.5374    1378.8183     804.1090
      27    6348.5669     663.6149     323.5753     298.8164    2114.7807     586.6772    1463.8359     897.2666
      28    6100.6225     362.2269     400.2843     526.8225    2666.9121     385.9719     935.4702     822.9346
      29    5881.8589     371.1717     356.3794     354.1979    2362.8138     399.9168    1471.3917     565.9875
      30    6394.8544     323.3391     351.0715     516.4653    2459.0700     516.1688    1417.1119     811.6277
      31    7610.5550     793.5888     395.5894     349.0511    3307.9273     560.5496    1510.4827     693.3661
      32    4756.1672     320.8774     221.2067     270.3442    1842.0425     343.2029    1149.1658     609.3277
      33    7048.3654     938.1770     631.9228     422.5062    2614.9869     481.4524    1168.3636     790.9565
      34    6208.2360     681.3581     438.7175     433.8491    1939.6111     440.3379    1462.1575     812.2048
      35    7965.7436     585.0726     359.9098     363.2178    3255.2458     745.3594    1619.0613    1037.8770
      36    4974.8456     315.3151     218.2818     285.7365    2163.0839     427.0779     938.3038     627.0465
      37    6479.5137     427.2148     445.5207     544.7763    2706.7761     446.8207    1080.6338     827.7711
      38    7664.1605     500.1494     495.6617     496.9218    3399.5729     563.2860    1266.7432     941.8255
      39    4800.2006     330.1574     241.9233     235.2522    2054.5156     358.4342    1059.8315     520.0864
      40    5522.3185     398.2036     279.2972     389.5935    2223.3766     515.6524     968.6505     747.5447
      41    4804.5452     389.4842     271.8762     294.7365    1970.9339     363.3660     948.4770     565.6713
      42    6371.3883     520.7497     381.0502     406.4120    2639.5421     525.6041    1128.7179     769.3123
      43    8526.2143     671.0766     561.9680     401.4315    3667.8541     782.5952    1582.8663     858.4224
      44    6922.1032     373.0511     402.5904     556.9835    2884.0921     459.0913    1231.5782    1014.7166
      45    6823.6232     513.2477     392.1063     406.7042    3072.3065     527.7653    1245.3245     666.1686
      46    6589.6048     394.5202     400.0144     623.6899    2731.4361     450.1180    1029.4742     960.3521
      47    8106.2537     590.3220     484.6371     388.0992    3737.2072     549.9851    1358.9823     997.0208
      48    6229.2037     450.4116     353.5439     439.9933    2421.7486     497.6950    1203.5623     862.2491
      49    7268.5154     560.6674     382.7424     391.6781    3384.9020     618.0561    1065.0172     865.4521
      50    6112.4104     331.2373     342.7736     427.8707    2032.5878     606.9950    1612.4016     758.5445
      51    6316.2175     651.1169     454.8153     399.3327    2335.4741     522.7924    1110.2598     842.4263
      52    7278.8269     503.7570     398.4157     499.3026    3119.4437     564.3953    1414.9722     778.5403
      53    6765.7920     344.8723     324.8855     290.5321    3215.8090     547.6031    1286.6846     755.4055
      54    6324.8426     309.1162     205.2426     273.2409    2779.5880     551.1610    1327.0355     879.4584
      55    5797.0476     386.0608     378.2613     308.8079    2507.6717     453.6654    1233.0542     529.5264
      56    7133.0654     882.1212     491.5446     535.3315    2974.4233     466.1745    1030.2663     753.2040
      57    5266.4561     299.7057     235.4047     315.5972    2082.5818     382.7108    1280.6382     669.8177
      58    6860.5672     361.2720     339.6182     361.0636    3122.2762     538.3680    1313.7774     824.1919
      59    6106.4186     452.0364     316.6077     348.9837    2651.5423     405.7356    1087.1087     844.4042
      60    7665.5293     607.5689     452.6410     510.7929    2676.0127     727.7278    1783.5337     907.2524
      61    8555.8761     489.3640     493.3376     498.9863    3671.2349     699.5700    1583.2183    1120.1650
      62    6062.6385     428.4294     286.2474     286.8652    2669.3275     554.3006     976.2622     861.2061
      63    8159.9423     684.3538     829.3508     557.0300    3295.7282     713.8079    1240.8338     838.8378
      64    6606.9397     334.2456     269.2113     321.3086    3249.0203     533.2032    1109.5451     790.4056
      65    7590.2413     562.8342     475.6204     479.7054    3671.6065     538.5288     966.2795     895.6664
      66    6067.6302     769.3311     602.6920     434.5819    1893.5792     524.8274    1073.1553     769.4633
      67    7817.0918     704.2697     409.7382     288.6091    3353.9442     482.0162    1660.6358     917.8785
      68    7145.9411     773.4643     552.9016     535.2388    2681.0447     467.8124    1238.8644     896.6149
      69    5336.6394     335.7876     354.4224     338.5051    2372.3434     461.1079     920.4417     554.0312
      70    7836.5826     637.7531     517.8308     441.0351    3520.6607     509.6158    1142.8506    1066.8366
      71    7170.6881     574.3318     467.7940     512.6404    2640.4594     509.9177    1410.1203    1055.4246
      72    7375.1515     489.9108     340.4996     336.1918    3764.2957     416.1542    1222.2160     805.8835
      73    8204.8409     646.3831     729.3877     464.0251    3440.0551     674.1076    1646.9157     603.9667
      74    7367.3608     754.2292     496.6564     447.9477    2727.1408     634.5191    1394.3910     912.4766
      75    7014.4196     576.3698     347.2051     353.0460    3254.3401     517.7541    1186.7795     778.9249
      76    5565.4803     321.9384     276.7543     355.2387    2440.9818     476.6523     943.0895     750.8253
      77    7458.9694     652.5979     566.9496     423.4447    3486.5449     547.1520    1163.0356     619.2448
      78    6637.2975     650.6824     531.6243     434.9885    2589.4853     574.8575    1279.5762     576.0833
      79    6404.0371     905.4184     371.8236     266.7458    2772.8370     339.4913    1054.7516     692.9694
      80    5008.3327     332.5050     248.5049     249.6128    2225.8342     377.3910     958.9356     615.5493
      81    5284.6171     563.9160     316.3829     263.1053    2040.6524     382.6435    1124.6069     593.3101
      82    6911.9817     445.1843     421.5415     597.3611    3037.9214     462.1716    1063.8650     883.9368
      83    5119.1864     368.4557     256.1826     265.3663    2251.5444     427.1289     912.4204     638.0881
      84    6593.5126     334.1252     273.7060     307.2779    2931.6426     511.4806    1489.3750     745.9054
      85    5959.8266     405.7438     413.9040     379.2928    2400.0515     554.4638    1193.2732     613.0975
      86    7771.6334     562.7649     428.5766     406.2093    3658.3703     666.1850    1259.4541     790.0732
      87    7031.0117     547.1361     399.7192     446.1867    3089.4423     491.9340    1173.8638     882.7297
      88    5462.9702     313.0099     254.6058     300.9839    2683.2492     446.2602     916.9665     547.8947
      89    5373.9175     495.4643     333.0534     324.3015    2243.6435     409.2536     950.8690     617.3322
      90    6342.6226     734.9853     543.1225     493.9607    2119.1227     333.8788    1301.6869     815.8658
      91    7620.9630     653.8434     358.6969     419.6399    3456.0872     595.7168    1247.6097     889.3690
      92    6727.8846     460.1505     402.9013     443.8967    2531.4591     649.7677    1334.4368     905.2726
      93    6575.5802     425.2154     338.3527     281.8036    3089.3463     479.4006    1183.9371     777.5244
      94    7258.1378     624.5949     721.1603     473.8798    2968.3063     510.7886    1050.9141     908.4936
      95    7178.2038     580.9931     641.8859     535.3005    2591.7098     450.1386    1654.9041     723.2719
      96    6113.7993     308.0402     224.1875     268.8194    2971.8285     451.0728    1207.8777     681.9731
      97    6558.8148     311.5999     217.4998     248.1749    2999.2364     442.8118    1542.1375     797.3544
      98    7499.3844     617.1611     533.7359     396.5361    2851.2567     703.8992    1351.0697    1045.7257
      99    6077.7370     359.4840     455.6271     437.9184    2656.3297     536.5047    1092.1093     539.7638
     100    5322.2684     514.5906     355.8759     378.9606    2011.1743     375.4681     961.9051     724.2938
     101    7517.2273     567.2755     468.1273     543.9623    3087.2117     553.5283    1243.7101    1053.4122
     102    6709.0836     477.5655     313.5285     409.7683    2620.9099     616.7847    1371.0787     899.4479
     103    4494.5017     323.2571     225.1667     229.8179    1869.1455     344.2814    1009.9463     492.8867
     104    7657.0422     803.6558     436.6445     433.1748    3238.1904     625.1062    1506.1054     614.1650
     105    7829.5144     462.7026     448.0994     343.8335    3781.2890     638.9990    1210.1691     944.4218
     106    4665.0377     345.7967     242.8309     263.6214    1868.9653     318.8567    1039.5723     585.3945
     107    7164.8850     589.5660     392.3315     366.5752    2919.8024     560.6138    1389.9347     946.0614
     108    7054.6968     452.9623     526.7076     504.1952    2840.5044     506.4160    1434.2461     789.6652
     109    6213.5658     541.5454     444.8017     357.6565    2946.5364     476.6848     854.3623     591.9787
     110    6004.5323     442.9164     440.0655     459.8588    2294.2209     524.6805    1010.8816     831.9086
     111    7215.0141     684.7969     429.8894     389.6867    3382.3748     468.9391    1026.9275     832.3996
     112    6695.2958     654.2321     493.3156     446.6242    2950.8265     608.4542    1040.5529     501.2902
     113    6086.4567     308.1684     218.2513     260.3199    2514.5392     586.7530    1573.6954     624.7294
     114    5272.5991     344.3007     329.7546     339.5989    2356.1366     363.1770    1071.7126     467.9189
     115    7100.1053     760.1552     595.0932     390.2489    2864.1104     567.8787    1219.2575     703.3614
     116    6223.6573     401.6673     403.2394     410.7310    2831.7535     426.0458    1111.7304     638.4899
     117    7316.1368     486.9453     446.3325     429.9891    3309.2607     623.9065    1172.5463     847.1565
     118    7889.9870     441.3192     416.9336     720.6990    3252.4422     492.3172    1576.4479     989.8280
     119    6951.3606     681.7699     471.7351     425.2323    3309.2223     474.6364     884.2413     704.5233
     120    6415.3170     504.3573     360.3327     371.8927    2217.5706     551.9592    1546.5332     862.6713
     121    5289.3221     400.1927     348.5969     355.6136    1946.3266     515.3535    1117.9342     605.3047
     122    5901.6948     472.2172     278.4311     271.1728    2445.5486     567.3580    1234.9194     632.0477
     123    7180.5146     420.1939     345.3747     348.3922    3621.8425     538.9976    1099.2636     806.4500
     124    7092.5422     492.2725     446.2851     492.2028    3091.3107     489.1267    1453.7159     627.6285
     125    6030.0264     340.5822     278.8938     290.3766    2901.6284     449.4727    1182.8105     586.2622
     126    7102.4237     399.9646     344.2098     349.8646    3264.3632     489.1565    1426.2488     828.6161
     127    8101.0058     725.3456     494.8252     500.3301    3044.8029     515.2216    2035.9565     784.5238
     128    7127.8574     311.8993     259.3111     287.9504    3565.2263     525.5277    1280.9620     896.9806
     129    6415.1213     320.9197     253.2381     370.1935    2560.4378     631.8649    1398.2567     880.2106
     130    4913.5296     366.6290     384.7015     426.1968    1752.0294     328.3191    1050.6265     605.0274
     131    7349.0328     631.1811     523.8503     483.0796    2915.6652     430.7383    1532.2760     832.2422
     132    9492.8353     829.2572     648.4829     422.3892    4419.4641     641.0011    1450.4623    1081.7784
     133    4887.1239     481.6774     308.7036     243.1532    1759.5702     303.1744    1134.6610     656.1841
     134    5633.9853     426.8510     466.8907     389.3882    1898.4587     501.5461    1349.4308     601.4199
     135    6208.2343     494.6929     540.6829     454.5658    2383.2077     496.0778    1008.1006     830.9066
     136    7005.1255     508.5133     462.2986     374.6773    3060.0154     597.3408    1343.1070     659.1731
     137    7376.9345     484.5897     439.4048     363.6049    2807.2846     599.9043    1628.5768    1053.5694
     138    6862.7693     523.9066     517.2540     451.2492    2702.1682     622.2060    1343.6790     702.3062
     139    6660.5542     450.0127     500.8138     514.7592    2704.8330     626.3301    1209.3246     654.4808
     140    6140.4386     604.8854     488.4072     541.0337    2106.9980     342.6514    1341.3029     715.1600
     141    8113.3445     574.6553     522.4489     582.1761    3264.2899     497.2311    1522.9362    1149.6071
     142    5266.1771     344.9210     273.2324     331.0450    2252.4570     397.1482     993.4235     673.9499
     143    6082.4729     446.4482     467.7281     433.9070    2535.2357     395.1686    1087.4388     716.5465
     144    5294.6676     459.1858     306.5599     281.0376    2405.1372     312.8439    1007.8318     522.0714
     145    7108.0799     614.3227     378.8687     352.3340    3184.0903     408.5845    1532.6719     637.2078
     146    4934.0384     335.1286     330.1781     304.5771    2214.9467     320.6333     954.6012     473.9734
     147    7031.8387    1221.8382     448.5735     345.0665    2484.4211     548.2186    1324.6400     659.0808
     148    6884.9395     573.8225     560.4019     403.4692    2659.9501     403.1692    1573.4641     710.6624
     149    6358.0775     350.0333     291.4814     370.6344    2930.1690     479.8278    1023.1639     912.7678
     150    7760.3511     780.6725     489.9923     436.4537    3619.0880     465.2543    1077.8947     890.9955
     151    7309.7388     548.1016     425.6939     428.8905    3275.1459     510.0894    1153.3716     968.4460
     152    6250.8762     507.7915     267.7736     251.7450    2886.1736     341.5045    1072.5902     923.2978
     153    7199.0447     456.0486     255.3070     265.9771    2966.1815     570.8986    1806.2055     878.4263
     154    6850.0733     763.3869     500.2203     336.2538    2523.2200     596.0840    1234.8723     896.0359
     155    6476.0719     469.6254     511.0303     398.4489    2744.1412     506.5281    1158.8762     687.4217
     156    5521.9475     456.1732     363.6552     404.5708    2384.6949     368.4146    1071.1167     473.3220
     157    5675.9064     384.8550     259.8465     281.2770    2428.7390     480.4079    1135.9444     704.8366
     158    6125.6669     709.5444     466.8163     375.3438    2463.8869     401.3364    1183.1954     525.5438
     159    6814.7038     452.7744     530.7394     443.5025    2641.1481     613.7024    1343.0150     789.8219
     160    6302.7252     439.3586     372.8865     612.3244    2501.1830     432.2801    1061.7347     882.9579
     161    7288.3582     407.4263     432.2399     353.1177    3417.8422     481.8829    1340.8185     855.0308
     162    5740.5913     365.6399     377.5379     352.0298    2709.8911     347.1599    1024.3147     564.0181
     163    6999.7535     348.4029     335.1939     416.8003    3367.6341     523.6416    1350.2352     657.8454
     164    4961.2749     452.4509     272.2288     294.2097    2079.4766     400.1479     989.6982     473.0628
     165    5624.6621     419.7072     355.7896     394.7445    2010.1210     441.1497    1204.2656     798.8846
     166    6739.2816     598.6673     441.3579     372.2769    2885.2782     440.4261    1294.7190     706.5563
     167    7143.0170     555.9621     456.3677     410.8145    3353.0275     476.4638    1070.0903     820.2910
     168    7744.2433     480.9214     543.0457     332.2501    3441.6472     554.5969    1543.7279     848.0541
     169    5151.1936     408.1918     323.3023     432.0010    2032.2555     381.2604     869.6278     704.5549
     170    7990.8791     430.8971     394.7230     376.4322    3598.3490     585.9572    1597.4878    1007.0328
     171    6139.5952     417.1192     273.1267     302.9566    2857.8419     524.0115    1050.9824     713.5569
     172    7525.7004     662.1002     425.4824     406.8360    3517.8944     447.4716    1294.0138     771.9020
     173    5825.2145     367.8406     436.4278     375.3789    1908.3426     464.0469    1652.1893     620.9885
     174    7067.5092     654.4980     525.5420     477.8871    2630.7204     662.2087    1368.5048     748.1482
     175    7600.2206     762.3222     478.9553     437.5897    3166.2634     550.7692    1603.1507     601.1701
     176    5509.2621     613.5940     395.5479     330.7214    2517.2656     283.5739     866.8710     501.6882
     177    5874.2443     462.8554     308.3038     387.2484    2143.6956     440.3153    1277.3859     854.4398
     178    7286.9007     717.7624     492.3168     514.8883    3093.2993     513.3166    1067.0374     888.2799
     179    7900.6733     913.8403     536.9644     540.6856    3108.1985     545.5853    1511.2221     744.1771
     180    7866.2520     793.4846     506.8456     363.1788    3439.0123     380.9628    1487.6092     895.1588
     181    6539.8146     404.7160     290.0808     297.5851    2837.6746     558.3013    1296.6535     854.8034
     182    5969.4759     516.9880     377.4533     323.8229    2797.8092     401.3538     921.3928     630.6558
     183    7709.6971     976.8230     477.3471     386.9759    2917.1180     675.0296    1451.5955     824.8080
     184    9350.4406     571.1317     481.1471     566.0248    4593.5203     553.8054    1694.5484     890.2627
     185    5381.6719     393.2055     289.2007     382.7832    2213.6975     388.3583     959.4437     754.9831
     186    6206.1949     422.0896     311.9594     325.3168    2411.8885     508.1841    1541.7970     684.9594
     187    6711.6403     610.3808     260.6590     317.5827    3187.6243     476.6203    1114.2373     744.5360
     188    7194.4103     694.0814     394.1719     390.4811    2753.1336     451.9512    1609.7978     900.7934
     189    6775.6441     628.3364     513.4023     423.4860    2353.0746     630.2399    1297.7301     929.3747
     190    8352.7469     626.9877     672.9857     434.4428    3632.3001     505.6967    1816.2976     664.0363
     191    7573.6587     840.7440     464.9573     471.4041    2875.4381     663.6387    1430.2771     827.1994
     192    7626.2505     649.1536     398.9404     281.9032    3035.8125     528.8359    1818.5700     913.0350
     193    6139.2236     632.3450     416.3551     344.6274    2217.3665     469.7422    1094.3570     964.4304
     194    6392.1414     709.5436     533.6730     439.5424    2167.1501     372.7451    1480.4193     689.0679
     195    6997.7598     379.6288     448.2508     323.9551    3234.2208     444.7542    1347.2455     819.7047
     196    7171.0203     884.8145     550.8399     441.3795    2791.3701     562.0869    1204.4613     736.0681
     197    7348.1785     680.8669     667.1960     388.4383    3108.1523     425.5629    1275.0288     802.9333
     198    8034.4194     692.1514     711.1282     759.2227    3003.1314     701.8063    1407.8357     759.1437
     199    8736.0885    1226.4228     740.4287     486.8089    3354.9767     715.6970    1388.3086     823.4458
     200    7436.4307     513.8007     706.3320     522.9846    3074.3213     532.0049    1169.0954     917.8918
     201    7613.7576     656.6461     472.9853     422.6228    3424.7930     559.5881    1400.5024     676.6199
     202    6118.8040     335.2575     244.1899     427.2495    2212.6090     558.4564    1425.4736     915.5680
     203    7728.9047     510.2382     748.6783     601.5446    3033.3097     530.7865    1395.0290     909.3185
     204    6526.6503     679.5953     543.6844     450.6674    2444.7197     555.3621    1002.3368     850.2846
     205    6499.8403     415.1648     329.7417     305.4195    3101.6676     426.0659    1074.3151     847.4656
     206    6276.7063     466.0972     365.6432     338.0177    2099.7289     652.0641    1608.0860     747.0692
     207    7015.1638     331.6870     325.9145     399.4143    3250.9426     428.6542    1458.5622     819.9890
     208    7613.1699     537.1488     326.3848     344.2693    3394.2779     652.7882    1391.0047     967.2963
     209    5853.3266     403.8330     427.3589     355.0111    2694.3316     462.2461     896.6926     613.8533
     210    4303.3901     351.1496     237.6932     255.9584    1740.8588     335.0338     894.6007     488.0956
     211    7504.3021     703.6513     565.8606     571.4647    2921.9537     547.4670    1346.1760     847.7289
     212    6191.9474     402.1352     256.9967     253.3872    2855.6735     513.9894    1337.7501     572.0153
     213    6919.6781     926.8513     358.2585     324.3564    2761.8706     465.3957    1421.2856     661.6601
     214    5838.0921     411.7533     326.0864     379.8458    2635.9250     506.3725    1007.7960     570.3130
     215    7262.8692     527.5030     380.3335     323.2844    3324.8662     615.5384    1258.8110     832.5327
     216    7653.7576     618.5878     669.9074     392.0914    3675.4862     387.0847    1005.7625     904.8376
     217    5965.3995     649.3324     352.1926     393.8672    2064.6846     475.1895    1287.3979     742.7353
     218    7628.8767     954.4621     667.5623     417.0799    2875.3801     694.6323    1250.3309     769.4289
     219    8435.7439     430.7681     423.0730     415.7157    3538.4856     656.1307    1923.8166    1047.7541
     220    9885.1180     886.8926     934.8634     603.7864    4184.1592     718.5336    1578.2984     978.5844
     221    6902.3759     575.0092     321.7226     350.0807    2560.8922     609.2851    1565.0121     920.3740
     222    6893.0397     505.0564     456.5336     352.5554    3071.8785     603.0711    1321.8146     582.1300
     223    8067.4663     663.6085     514.0488     392.0693    3783.2845     478.6501    1274.9867     960.8184
     224    5748.1821     730.1560     363.8715     323.0110    2404.1925     396.6341     895.4253     634.8917
     225    6416.2402     395.5684     403.5170     327.0238    3099.3690     448.5358     926.3631     815.8631
     226    6866.5406     555.1317     379.0580     337.9612    3193.2743     474.6904    1010.9069     915.5182
     227    7657.2338     474.8785     589.7174     399.5793    3229.6117     492.5941    1632.6449     838.2079
     228    6499.1697     365.3798     333.5369     354.8811    2935.5419     552.1830    1246.4884     711.1586
     229    8159.5767     520.9089     587.8164     536.8874    3522.1888     625.3765    1377.9074     988.4913
     230    6746.2508     320.4107     224.5955     295.5446    3035.9616     610.2858    1349.5264     909.9263
     231    4884.9629     300.5166     219.6675     243.8046    2069.0107     452.9182     959.5825     639.4628
     232    5696.7310     577.7633     476.1382     384.5585    1960.6458     423.2722    1029.4110     844.9421
     233    5306.2682     331.1018     272.1891     309.9803    2366.0906     330.7222    1105.9464     590.2378
     234    6858.1710     388.9217     408.9490     426.9727    3365.7750     509.9531    1285.4575     472.1420
     235    5864.1833     644.1001     376.2459     358.2848    2336.3733     379.1001    1230.7647     539.3144
     236    7453.2287     659.3828     602.0247     440.7754    3022.3442     614.9729    1430.3476     683.3810
     237    8060.0855     671.0167     428.9889     402.9048    3899.8907     581.0796    1144.9971     931.2077
     238    6988.0107     572.9400     402.2585     439.4605    3040.6999     436.9156    1225.2781     870.4580
     239    5468.2760     516.5864     358.6851     371.1849    2398.4584     407.1949     887.3034     528.8629
     240    5714.5696     509.0822     269.1303     291.6690    2273.1339     519.7911    1097.3266     754.4365
     241    7960.4744     690.5673     507.7880     463.4574    3456.8738     515.5804    1575.8166     750.3908
     242    5064.4153     388.1164     326.7451     424.9655    2054.2233     339.8756     948.4111     582.0783
     243    7233.4806     614.5766     364.5038     376.4921    3119.3860     584.8753    1235.4945     938.1524
     244    7078.5608     608.5800     449.0942     385.9171    3184.9422     535.8694    1159.2377     754.9202
     245    7879.3964     506.8155     615.3215     469.7823    3320.3472     409.5254    1730.4898     827.1146
     246    6733.5677     480.0870     391.6405     433.7406    2755.5001     542.8235    1406.5258     723.2500
     247    7335.9245     568.8064     412.5862     370.0597    3349.9727     551.6961    1208.7471     874.0563
     248    6082.1069     898.1291     378.3570     317.5178    2233.1364     442.6175    1053.0359     759.3132
     249    6217.8734     650.5011     431.3447     414.4645    2437.9552     523.6052     982.1003     777.9024
     250    6623.9660     401.2439     435.1274     351.4275    2527.4753     711.6380    1348.4430     848.6109
     251    6449.8836     396.2619     343.8477     286.9457    2697.4350     642.4529    1263.1769     819.7635
     252    6594.4814     510.3584     382.1872     394.7388    3069.8384     464.1563     958.6435     814.5589
     253    6505.0496     685.0064     426.2212     534.9671    2459.5406     419.1694    1258.8698     721.2750
     254    8346.1301     427.0504     423.4370     411.2231    3762.0613     564.7122    1880.6215     877.0247
     255    6911.9877     475.9931     413.9564     370.9085    2839.6500     533.9281    1672.2243     605.3274
     256    6720.0353     466.2114     425.5041     418.2251    2797.7681     546.8327    1297.1907     768.3032
     257    5150.6175     321.6456     223.8530     224.7274    2028.7080     317.2893    1334.6251     699.7691
     258    6572.1575     864.7912     470.0272     362.3027    2384.2225     607.4682    1139.4556     743.8901
     259    7723.3259     955.4098     437.1679     376.3291    3414.0691     588.2578    1198.5877     753.5043
     260    6926.6144     525.6163     375.1261     324.9943    3089.0096     524.3028    1315.0974     772.4678
     261    7493.6115     433.2353     495.0400     802.1260    2583.3077     522.2151    1784.4463     873.2411
     262    4498.7970     319.7897     204.3986     232.8565    1814.4444     345.6859    1100.7440     480.8780
     263    7556.0111     481.4462     465.5556     590.7019    3031.2730     614.0876    1794.1367     578.8102
     264    8065.5283     736.7138     553.8156     443.6816    3788.2033     555.9865    1191.4902     795.6372
     265    5570.4043     423.7373     392.7046     434.6089    2455.4851     300.8234    1021.1507     541.8943
     266    7048.0750     828.9345     474.6184     418.9900    3006.6638     505.2059    1107.7389     705.9236
     267    7423.7288    1216.7842     527.2499     380.8839    2629.8810     591.0028    1326.2562     751.6709
     268    7280.5690     450.5294     349.1579     357.4136    3593.6161     493.7763    1204.5820     831.4936
     269    5537.5166     368.3547     401.5502     387.9196    1961.0924     423.0612    1495.0762     500.4623
     270    6627.1529     813.4964     482.7096     421.4387    2295.1090     515.8176    1285.6076     812.9740
     271    6996.5479     587.2486     416.8280     390.3301    3180.0858     624.9942    1027.4616     769.5996
     272    5391.5403     407.0167     234.8243     240.7466    2470.4100     317.8075    1217.9930     502.7422
     273    6615.3578     343.6983     298.4514     313.6848    3014.8786     622.3453    1157.3533     864.9460
     274    8254.9886     749.7387     452.1452     462.6543    3665.2846     625.9129    1200.8451    1098.4078
     275    8650.7191     688.0943     439.9740     569.4506    3631.4788     579.1421    1657.3815    1085.1979
     276    7909.0437     508.3167     424.6527     425.0100    3806.3230     523.0876    1251.5635     970.0903
     277    7505.2033     856.3312     516.1256     393.7774    3019.4264     563.2581    1294.5504     861.7342
     278    5270.7166     316.5927     215.0732     231.2839    1871.0949     483.7048    1444.6697     708.2973
     279    6044.8016     557.4542     361.5188     323.8364    2755.2931     369.6463    1179.9787     497.0741
     280    7780.7741     715.3857     423.3220     324.6244    3264.9945     723.0675    1391.3409     938.0390
     281    5725.1460     564.3714     423.1931     368.2544    2594.4678     364.0383     902.9519     507.8690
     282    6123.5315     569.9436     411.2251     382.8396    2461.2125     557.1764    1001.2981     739.8361
     283    6119.0539     665.6430     373.0081     358.4317    2600.2248     396.3588     995.1990     730.1886
     284    5051.4863     339.1714     311.5743     296.2521    1964.9088     319.7177    1198.2723     621.5896
     285    5698.0733     331.1440     331.9239     398.6011    2379.2412     473.5131     988.8514     794.7984
     286    7616.4396     448.5898     303.0952     335.3778    3556.1082     479.6124    1670.0547     823.6016
     287    5729.2535     486.1741     299.4120     299.6165    2389.0437     485.1225     967.5925     802.2922
     288    6915.5147     518.8545     470.7617     489.9476    2864.9133     526.8146    1210.5161     833.7069
     289    8581.6861     867.6354     720.9499     404.4689    3458.0653     522.8461    1769.6054     838.1150
     290    6001.6652     590.0500     393.3543     384.7149    2535.3228     385.0669    1200.1333     513.0231
     291    7992.3210     390.4160     490.1659     390.4983    3490.5882     688.6625    1747.2274     794.7628
     292    5167.0782     345.5216     271.8576     312.1128    2127.5470     417.2524    1047.0560     645.7307
     293    5649.7925     340.6185     323.0762     391.5122    2319.1646     471.8545     963.0312     840.5353
     294    6292.3282     494.1245     389.4794     426.7088    2613.3273     356.8287    1293.5394     718.3200
     295    5683.0337     478.3455     287.7237     289.6266    2350.0596     505.2414    1086.0271     686.0098
     296    5066.4829     397.0017     323.9711     316.7825    2218.0985     346.3846     967.1607     497.0838
     297    8064.7918     538.8729     660.7116     599.3129    3540.5175     496.4028    1119.3466    1109.6275
     298    8614.8686     677.9537     565.0373     540.4354    3701.8919     662.2801    1463.0836    1004.1866
     299    5974.5332     327.5392     270.9997     343.3659    2737.3894     481.4358    1045.6944     768.1087
     300    6057.0267     513.9146     445.4406     376.3284    2792.2388     425.9920     927.5555     575.5568
     301    6240.1001     335.2500     377.5604     474.9457    2547.6086     445.7012    1140.6833     918.3510
     302    6953.9652     523.7713     413.0454     317.8678    3151.5130     425.1241    1223.9980     898.6457
     303    7037.3158     720.9819     300.7483     279.6616    2822.3422     422.1202    1796.4701     694.9914
     304    5824.7912     508.0875     350.2371     453.6829    2111.4079     511.2436    1187.6312     702.5011
     305    8038.9193     557.8156     532.5708     425.0953    3292.0318     659.5285    1723.8870     847.9901
     306    6892.6357     627.2231     395.4371     359.0154    3213.6011     455.6164    1087.6862     754.0564
     307    5401.5786     417.6598     304.3661     295.1708    2274.3838     459.7841     973.6299     676.5842
     308    5339.5528     533.8552     453.9533     393.6988    2026.9815     349.2802    1008.3780     573.4058
     309    5831.7220     423.7296     459.1573     508.9048    2142.3083     428.0073    1135.5435     734.0711
     310    5234.2607     326.8986     230.6302     231.9865    2199.1883     490.9643    1251.7494     502.8434
     311    8366.4947     443.6183     401.8248     427.9503    3537.4954     571.8495    1985.3644     998.3920
     312    6251.9843     344.5089     299.7337     333.8413    2374.3312     590.0047    1418.0580     891.5065
     313    6608.6771     694.1823     451.8945     402.7089    2995.6409     433.2992     986.2623     644.6889
     314    7386.1223     595.6609     386.9974     379.9124    3149.9500     581.0006    1643.0565     649.5446
     315    6413.6228     342.2536     453.9710     635.6223    2266.5027     529.0266    1348.6482     837.5984
     316    6916.4909     682.4603     463.0052     432.7084    3023.7165     352.2555    1385.0528     577.2921
     317    7679.4803     469.9353     443.3768     394.8863    3157.5896     679.4033    1610.4911     923.7980
     318    7943.7769     602.0787     613.7697     445.0653    3375.6756     510.6598    1578.7254     817.8023
     319    6353.6405     311.6996     220.7787     272.2579    3096.0827     520.7255    1103.5269     828.5692
     320    6641.1703     966.8480     323.2468     309.9862    2453.5262     484.4985    1445.4509     657.6137
     321    7420.5840     511.7365     393.1500     490.1568    3541.0093     556.1734    1182.3988     745.9592
     322    5688.5436     459.3407     317.5682     372.9738    2219.5254     447.7771    1290.9495     580.4088
     323    5313.4824     313.0461     214.7798     247.3017    2434.9612     513.5861    1058.8207     530.9868
     324    6388.1787     439.5826     513.4272     574.6558    2593.7062     469.9956    1046.4447     750.3666
     325    5248.9501     328.4418     266.0210     315.7268    2357.4301     407.8841     846.0338     727.4124
     326    6621.1054     587.6378     387.4363     380.2340    2829.1293     438.9670    1458.3867     539.3143
     327    6923.2865     687.4124     547.5010     361.7033    3092.3640     428.9435     923.5542     881.8082
     328    7179.7472     468.8992     375.7525     365.7298    3451.0360     479.7735    1163.1016     875.4545
     329    5397.4002     591.2797     319.2911     419.4906    2170.1458     350.0211    1007.4458     539.7260
     330    5998.3377     546.0093     497.7529     469.5350    2534.8199     462.9268    1011.8804     475.4133
     331    7061.6640     582.9046     367.3755     367.2294    3100.4180     658.7409    1098.5603     886.4353
     332    6676.3077     444.4534     387.1843     396.6018    2965.7835     499.2964    1172.1709     810.8174
     333    5673.5037     416.3623     394.3724     439.7290    2277.7700     472.2627     917.8424     755.1650
     334    7487.8958     462.5359     709.3804     834.1795    2361.0553     638.5536    1625.0517     857.1393
     335    7306.1119     807.7871     441.6913     431.3024    3044.7396     549.2041    1171.2783     860.1090
     336    7385.8308     429.8343     356.3347     375.0011    3091.9614     666.4261    1548.7978     917.4755
     337    5711.1664     544.9651     350.3417     346.9889    2605.0702     341.9868    1058.5670     463.2467
     338    6291.1094     393.8869     289.1091     312.4208    2758.7154     419.5447    1287.1341     830.2984
     339    7410.8187     411.6123     294.7206     247.1288    3307.9588     450.5402    1877.5996     821.2584
     340    7544.3570     440.9796     514.0207     469.7112    3327.4337     520.8385    1502.7455     768.6278
     341    4938.5301     312.3395     279.3548     330.2777    1889.0757     350.0146    1249.5170     527.9509
     342    7818.6945     884.4178     817.3876     683.9991    2875.1114     539.2338    1146.8560     871.6887
     343    5091.1869     626.9070     318.5822     327.9322    1914.7476     390.6017    1030.1429     482.2734
     344    6580.0145     795.4741     450.3703     442.3289    2823.6963     414.3991    1051.3032     602.4426
     345    5823.1175     662.2360     468.5669     424.8989    2061.0974     400.6668    1051.3601     754.2913
     346    5546.1678     427.2975     440.2443     373.5349    2043.8911     486.5148    1000.1178     774.5675
     347    5642.0853     368.4824     415.5977     451.5692    2414.5428     426.3522    1033.1050     532.4359
     348    7500.8042     422.9764     370.3407     356.2329    3279.4072     657.5810    1454.0311     960.2348
     349    9030.3368     621.1519     610.2593     494.4728    3914.8865     556.9336    1774.2969    1058.3357
     350    7566.1785     391.4774     385.2564     529.3374    3468.7052     618.4896    1283.6020     889.3107
     351    7294.1395     604.4142     503.5568     395.4342    3165.3032     562.8470    1143.7362     918.8480
     352    4729.1792     408.3411     273.0029     260.0980    1990.8011     357.6962     936.6008     502.6390
     353    6897.5175     346.3983     354.0284     410.8105    3058.0773     627.8386    1199.5551     900.8092
     354    7589.9465     502.9851     520.1360     637.5212    3149.2754     568.4831    1400.9892     810.5566
     355    6093.1877     622.8141     421.3956     404.3206    2477.4711     476.1825     971.2621     719.7417
     356    6032.7637     341.4133     231.9738     283.0514    2643.7213     465.9184    1391.0385     675.6471
     357    8054.3445     687.2335     606.2782     540.1778    3076.1060     617.8392    1781.5188     745.1910
     358    6919.7146     537.4299     572.4178     360.1648    3108.9821     487.7791    1075.8794     777.0615
     359    6888.9825     465.4189     604.7681     399.7312    2454.8611     557.7944    1682.3304     724.0785
     360    6882.3368     555.3562     344.6403     403.4495    2873.3366     503.9177    1262.1040     939.5326
     361    6999.0346     494.7990     281.5111     282.9312    3325.9356     538.6199    1139.4561     935.7817
     362    8754.9314     913.7687     833.7388     518.9624    3642.6053     626.6713    1339.5639     879.6210
     363    5958.9491     481.6200     309.1365     327.0790    2311.5376     517.9310    1287.4699     724.1751
     364    6520.1257     304.2966     256.0180     329.0062    2984.4801     515.1794    1157.3719     973.7736
     365    6449.3835     843.7121     474.5473     371.5620    2694.6148     505.5407    1029.4828     529.9238
     366    6482.0275     471.5969     511.6825     459.3033    2422.6947     561.4535    1240.9686     814.3280
     367    6473.0100     324.7216     212.3995     231.9772    2857.3888     575.4533    1441.2551     829.8145
     368    7499.2234     445.2709     400.0406     305.8356    3718.9257     547.0035    1230.2266     851.9204
     369    5509.5801     518.1684     333.0055     396.5142    2279.2201     396.0401    1083.5961     503.0355
     370    6742.0671     310.3169     208.8180     304.1831    3035.8727     456.3385    1803.2852     623.2528
     371    6856.9827     394.4417     353.9621     337.8630    2977.4568     613.9656    1312.3304     866.9630
     372    5566.6522     317.0673     203.5242     212.4835    2247.3288     503.9258    1346.9419     735.3807
     373    5065.4277     382.7078     307.8036     370.3608    1832.2060     393.2657    1217.1545     561.9293
     374    7655.5670     570.9740     405.9448     306.2985    3408.4955     671.5879    1458.1071     834.1591
     375    5870.7214     433.6823     525.0798     418.3657    2413.0062     442.7657     936.4988     701.3229
     376    7248.7051     381.7291     285.2934     305.1313    3104.5603     606.0015    1644.6900     921.2995
     377    4928.6058     335.2132     250.9255     276.9304    1985.8235     392.1778    1084.2491     603.2862
     378    7358.9544     686.2503     542.9101     665.1594    2917.5002     526.5355    1341.6352     678.9637
     379    7975.9731     782.5953     372.4031     375.9969    3545.7828     541.0105    1475.5655     882.6189
     380    7823.5085     727.6839     424.7496     368.2040    3170.3484     583.3943    1623.7505     925.3778
     381    4819.1277     344.6376     235.0862     249.6173    1929.5688     383.5700    1171.3847     505.2630
     382    7597.1566     480.8263     734.4523     636.3267    3174.2793     615.7588    1117.6039     837.9093
     383    6667.3564     694.2325     581.4034     514.5692    2038.4473     642.9665    1529.6371     666.1005
     384    7474.0309     428.0327     440.1092     442.8480    3199.6446     601.0691    1364.4490     997.8784
     385    6377.7761     418.7918     354.4584     299.7427    2336.5964     580.2522    1552.1016     835.8330
     386    7049.6506     557.8317     341.2738     327.5307    3109.4648     635.0139    1361.1513     717.3843
     387    7486.6191     862.2341     669.5447     525.6937    2709.0500     616.0053    1341.6729     762.4183
     388    5497.6514     487.0232     395.3107     368.8535    2446.7943     355.8180     879.0965     564.7551
     389    6730.9552     375.2492     329.3604     339.3625    3055.1697     641.4094    1193.1354     797.2686
     390    6254.3238     356.0172     369.7991     575.1389    2562.0456     370.7492    1112.8529     907.7208
     391    5452.8421     310.7426     197.8391     200.3350    2359.8467     483.2098    1206.3994     694.4695
     392    7889.0683     992.5544     724.8421     623.1986    2666.7012     591.1047    1356.5018     934.1655
     393    7380.4890     401.5668     425.2694     445.7154    3283.6790     384.2252    1524.9466     915.0867
     394    7143.9423     730.5996     401.9701     360.0457    3225.3981     540.0446    1016.6619     869.2223
     395    6192.2975     361.9863     351.7962     332.5819    2850.7501     402.1008    1339.4653     553.6169
     396    7423.0282     800.0174     504.0760     442.3675    3380.9564     515.4131    1187.5261     592.6716
     397    5624.2065     315.1299     252.1860     317.4023    2669.6958     393.0936    1052.6239     624.0750
     398    6924.0637     662.8789     472.2435     371.6602    2631.4010     503.7247    1230.2651    1051.8902
     399    6693.0058     368.4637     328.4783     408.9493    2899.6924     511.9238    1252.7846     922.7136
     400    8738.3817     683.9772     619.7499     583.8226    3230.4206     483.5854    1965.5089    1171.3170
     401    6547.2336     431.0967     325.7022     385.5552    2818.6602     430.3459    1386.9756     768.8979
     402    6271.6297     584.9554     426.6275     388.4672    2783.9410     402.2504    1024.3586     661.0296
     403    6292.2071     641.1448     384.8722     334.7559    2835.5351     413.4289    1135.9485     546.5216
     404    7679.6420     733.2719     488.3653     420.4541    3332.5403     673.3100    1238.3221     793.3783
     405    6718.5736     571.2433     390.1634     373.1598    3022.8065     428.6619    1403.5884     528.9504
     406    5278.3949     333.8688     259.8710     265.8154    2440.3536     311.1494    1134.9101     532.4264
     407    6988.3651     422.2383     359.9246     402.3987    3240.6432     460.9868    1155.2743     946.8992
     408    5773.6244     509.1830     456.4639     283.5959    2105.0804     417.5509    1314.1364     687.6139
     409    5715.1911     338.0982     258.9040     436.1609    2338.7493     416.6282    1143.7912     782.8594
     410    6673.8876     646.3832     607.3365     531.1968    2001.7140     496.6886    1472.6216     917.9469
     411    7591.9770     715.5717     665.5951     646.0902    3060.9440     639.6409    1161.7686     702.3665
     412    7818.1973     694.7606     529.8787     543.1621    2975.2953     585.1563    1491.3675     998.5769
     413    7047.3308     729.6934     552.9119     538.7750    2532.8563     667.9884    1386.3764     638.7294
     414    7269.1200     789.5943     353.2601     294.7615    3474.6814     478.3414    1083.1373     795.3440
     415    7955.8083     593.1787     339.1685     337.9274    3142.6305     736.0531    1864.9232     941.9269
     416    8061.6616     712.5479     419.7649     361.2846    3633.5176     621.5703    1289.0353    1023.9411
     417    6878.5860     852.8476     570.6997     446.3509    2784.3181     486.9877     967.0187     770.3633
     418    6483.4371     815.8990     558.4834     473.0307    2662.8387     357.4127     940.4019     675.3707
     419    7023.8442     597.4887     537.5585     350.3842    2985.8633     504.1985    1304.6089     743.7421
     420    6082.4923     532.0170     391.8728     401.8763    2303.0181     458.8273    1258.3234     736.5574
     421    6244.1797     566.9788     440.9829     359.8355    2356.3774     525.7388    1240.5936     753.6727
     422    5275.5631     545.6589     299.1801     284.7023    2166.0340     374.8501    1014.9687     590.1690
     423    6102.0062     586.4335     436.7440     325.7697    2676.4946     391.0142     982.7658     702.7843
     424    4876.7376     321.0014     262.6660     312.7471    2111.6801     289.6030    1028.1404     550.8995
     425    6107.7205     442.7639     322.8472     316.9805    2831.7435     397.8328    1195.8164     599.7361
     426    5242.0695     539.3610     355.8419     339.4649    2131.2235     334.1345    1008.9942     533.0496
     427    7767.4979     915.7339     493.3228     395.3364    3134.6295     472.6471    1545.4848     810.3434
     428    7282.5453     572.2664     506.2955     474.8604    2856.2732     462.0843    1354.2056    1056.5599
     429    6977.3271     464.9502     372.4278     546.5910    2861.7134     536.8623    1279.7660     915.0165
     430    7504.9268     636.9616     663.9407     637.0958    2576.6144     511.8034    1825.2020     653.3090
     431    4859.0648     308.4177     199.6490     213.3961    2007.0809     398.3703    1195.7617     536.3890
     432    6455.5576     386.7986     451.0647     422.6186    2737.1359     461.4939    1314.9627     681.4831
     433    6850.5423     596.5273     538.6483     331.2140    2458.5649     474.1340    1730.6509     720.8029
     434    5421.7996     334.4604     282.4021     397.1100    2038.1965     318.2465    1403.0662     648.3179
     435    6846.6782     370.4610     323.5861     382.4577    2764.0697     570.6296    1694.2771     741.1971
     436    4535.8287     352.6103     282.4654     258.4735    1880.2826     313.1391     948.3147     500.5431
     437    5957.4399     522.7439     273.2981     274.3358    2693.1304     508.8850     966.5067     718.5400
     438    7003.0211     816.4603     493.9217     480.3095    2871.8217     391.7469    1359.5022     589.2587
     439    8608.8271     526.5210     499.6358     540.1185    3543.2954     644.6452    1672.7180    1181.8931
     440    6617.0994     309.1671     211.6803     234.3585    2920.8209     617.4655    1427.1558     896.4513
     441    5275.8866     379.9317     349.3559     398.8604    2105.3864     413.4863    1083.4188     545.4470
     442    6189.5831     396.8796     526.0678     373.7928    2722.6502     429.1233    1250.2339     490.8354
     443    7161.9780     366.8829     324.4878     325.0131    3478.5034     588.3729    1180.6350     898.0829
     444    5814.0420     636.8408     516.0293     458.7377    1806.1102     472.3264    1396.0776     527.9200
     445    6573.7845     527.1362     360.7275     411.9137    2829.3498     431.7936    1225.6857     787.1780
     446    7523.0976     570.3074     456.8772     408.4753    3180.3872     554.5494    1827.4080     525.0932
     447    8074.7895     525.1305     516.7354     544.0676    3136.4809     744.5833    1538.9496    1068.8422
     448    8753.5047     765.7924     634.7734     512.3730    4072.8718     748.8575    1105.8460     912.9907
     449    5959.5175     762.8348     351.8236     395.4367    2609.9909     417.5884     948.3072     473.5360
     450    6718.9617     446.0448     480.7937     379.5879    3029.9321     568.9209     971.6167     842.0656
     451    5277.7007     420.5795     324.3923     348.6524    2212.2614     402.0781     957.8881     611.8488
     452    6054.5258     496.6764     432.3817     374.6134    2676.1559     451.6670     957.9871     665.0441
     453    6090.1219     759.9816     369.7666     302.5391    2617.9994     441.7761    1092.9921     505.0670
     454    7723.2458     858.0089     778.9262     595.7786    2986.6053     580.7202    1285.9264     637.2801
     455    7625.0298     632.5735     281.6155     284.1252    3449.4330     565.9968    1345.1070    1066.1788
     456    5808.8042     476.2094     365.4550     360.6638    2200.1120     405.2548    1325.1934     675.9159
     457    6474.6449     682.3368     683.6321     462.3073    2417.0368     425.6358    1112.9961     690.7000
     458    7341.6080     585.6080     323.9637     337.7737    3253.5244     593.8219    1419.9199     826.9965
     459    6874.3446     644.9226     336.0996     329.0156    2922.7365     484.9987    1310.8774     845.6942
     460    6630.2891     398.0556     590.0125     398.8502    2759.8453     644.1302    1016.7190     822.6762
     461    5505.9980     328.3204     291.9686     307.4581    2570.4559     442.0035    1002.7520     563.0396
     462    6324.8777     422.7788     503.9210     513.9209    2541.2367     443.7549    1060.3402     838.9252
     463    5924.6147     402.8910     332.7194     330.1789    2438.1087     336.3766    1425.3283     659.0118
     464    6261.1961     523.9711     426.3291     412.7115    2679.4578     342.1712    1346.6863     529.8690
     465    5260.0524     304.1065     205.3008     236.1098    2432.7214     431.6724     905.6622     744.4793
     466    5906.4148     360.5859     380.9282     492.5062    2029.0234     564.0370    1380.5640     698.7700
     467    7202.4562     728.1833     537.7353     524.8926    3014.6843     460.6274    1292.9466     643.3867
     468    6321.6573     402.8926     276.8527     414.6897    2448.1381     507.2026    1493.5145     778.3671
     469    7832.1808     575.6087     375.2960     319.2267    3577.3229     601.3137    1399.4440     983.9687
     470    6943.7810     409.1553     340.4739     342.9985    2898.2215     582.3279    1426.6581     943.9459
     471    6089.3103     644.5953     473.3918     383.7293    2471.4550     463.7599    1065.5475     586.8314
     472    8857.9418     843.0046     621.8771     746.1618    3726.0862     662.0432    1206.0563    1052.7126
     473    6114.7361     317.5435     280.4525     417.0187    2369.1775     419.4011    1347.3936     963.7492
     474    7381.4824     499.8887     533.8699     437.0308    3550.3988     566.9878     977.8118     815.4947
     475    6625.5477     513.3256     469.0093     442.0793    2914.3630     427.1621    1101.3312     758.2772
     476    6435.0954     523.6374     368.7167     359.1167    2712.5018     572.5022    1084.7756     813.8450
     477    7072.5180     872.1365     467.4159     380.2240    2751.1112     653.6838    1083.7398     864.2069
     478    6108.9394     741.1610     449.0159     390.3689    2590.7025     466.5230     945.9741     525.1940
     479    7095.3159     328.9040     316.0796     429.5834    3070.9621     561.2600    1850.2582     538.2686
     480    8329.3616     671.2106     456.8181     365.6180    3747.6757     494.5739    1539.1839    1054.2815
     481    6888.0888     552.4405     463.7575     389.8156    2625.7601     510.4900    1649.5494     696.2757
     482    5823.7526     366.2379     311.1801     343.3151    2471.0592     485.2291    1078.4990     768.2322
     483    6946.6999     401.0006     480.8598     406.3464    3096.5166     502.5739    1319.2476     740.1550
     484    8506.8478     746.4403     523.3672     411.0922    4105.1284     539.2470    1342.8586     838.7141
     485    8379.7604     902.3162     836.0446     631.5124    3112.9795     675.0412    1296.9755     924.8909
     486    6181.7920     447.2351     446.2787     345.6310    2183.6213     647.8979    1500.0143     611.1138
     487    6713.1737     497.8934     372.6219     335.2550    2756.2451     507.7045    1433.3816     810.0722
     488    7861.6572     523.9389     417.5723     455.5192    3236.0498     596.5162    1818.7943     813.2666
     489    7060.4692     596.0008     384.6544     367.7358    3067.6611     601.0076    1187.9291     855.4805
     490    6701.4309     329.0310     366.9402     465.5443    2277.7877     649.6609    1643.4860     968.9809
     491    6237.4676     308.4638     206.5436     277.2774    2886.4211     556.6261    1069.1513     932.9842
     492    6128.0358     467.9673     459.1750     472.2277    2754.9512     397.1358     930.1039     646.4749
     493    6588.4226     317.0720     240.2192     316.6245    3012.2684     650.2066    1156.3885     895.6434
     494    7693.8668     821.4941     601.7226     581.2973    3094.5677     509.3464    1212.6641     872.7745
     495    6620.2080     588.4605     482.9757     417.6572    2753.6138     626.9504     965.7967     784.7536
     496    5488.2345     651.0015     320.2294     314.6546    2167.8765     432.1863    1097.3333     504.9529
     497    6715.8586     444.7459     366.5695     433.5135    2725.4081     517.6955    1438.8944     789.0317
     498    6850.9502     432.2147     391.6186     346.9764    3384.9541     440.1930    1374.2309     480.7626
     499    6137.7821     361.5745     287.3083     339.2660    2554.1596     534.7096    1158.1297     902.6344
     500    6546.7947     452.4815     321.8037     371.8554    2867.0462     565.0016    1229.5917     739.0145
