#Frame        RoG_TIP RoG_TIP[Max]
       1       6.3450       7.6687
       2       7.5057      10.4178
       3       6.6781       8.5030
       4       6.4727       6.0880
       5       6.6308       7.4870
       6       6.1984       6.5139
       7       5.7128       6.2701
       8       7.1463      12.6428
       9       6.4135       6.6849
      10       5.8410       5.8271
      11       5.7373       6.1019
      12       6.3355       8.1484
      13       6.0518       6.8520
      14       6.3124       8.2971
      15       5.7803       7.0868
      16       6.0226       6.6772
      17       6.8747       8.9459
      18       6.0964       7.4679
      19       6.6715       7.3336
      20       6.7063       9.2574
      21       7.0219       6.9166
      22       5.9378       5.4942
      23       5.7452       5.1242
      24       6.2253       6.3156
      25       6.3451       6.9510
      26       6.4428       8.3399
      27       6.0962       6.7349
      28       6.2515       8.4321
      29       6.0774       6.8027
      30       6.0619      10.3928
      31       7.5952       9.4538
      32       6.0038       8.1679
      33       5.4336       5.9607
      34       6.4969       8.6727
      35       5.6851       5.4249
      36       6.0124       5.0605
      37       6.2358       7.1469
      38       6.2317       6.4577
      39       5.9393       6.6671
      40       6.7478       8.4117
      41       6.4770       8.3333
      42       6.9641       9.3316
      43       6.0029       5.0210
      44       6.6606       8.2380
      45       6.5708       5.1357
      46       5.9778       7.1163
      47       6.0842       5.0612
      48       5.6668       6.5517
      49       6.4154       8.8740
      50       6.1367       6.5606
      51       5.9443       7.1793
      52       6.5179       8.6174
      53       6.5307       6.6908
      54       6.8187       7.4179
      55       6.2269       8.2830
      56       6.6294       9.2721
      57       6.1527       7.3786
      58       5.9705       4.7434
      59       6.1900       4.1024
      60       6.8989       7.8577
      61       6.5894       5.1493
      62       6.7310       6.0668
      63       5.8844       6.1975
      64       6.0157       6.5540
      65       6.2773       7.6730
      66       6.0579       7.4669
      67       6.0811       6.9566
      68       6.1572       5.4132
      69       7.5502      10.6476
      70       5.9735       7.9836
      71       6.2368       5.9192
      72       6.5497       8.9251
      73       6.5483       6.8297
      74       6.9388       6.1329
      75       6.8392       7.6533
      76       6.0881       7.1320
      77       7.4970       5.8979
      78       6.7355       4.4761
      79       6.4016       7.7732
      80       6.2039       7.7949
      81       6.3654       5.9534
      82       6.0848       7.3426
      83       7.1559      10.0669
      84       6.1894       8.6969
      85       5.9993       7.5398
      86       6.4233       8.2786
      87       7.0428       9.9786
      88       6.0297       7.3216
      89       6.7315       8.6462
      90       6.3885       8.6381
      91       6.3112       7.2805
      92       6.3085       7.5183
      93       6.7976       7.9333
      94       6.8250       6.8287
      95       6.5374       8.4028
      96       6.1552       6.1261
      97       6.2617       6.0117
      98       6.3213       6.9082
      99       6.8601       6.9894
     100       5.9949       5.9575
     101       5.6393       5.1451
     102       9.4260      10.0037
     103       6.2347       6.5443
     104       6.5154       8.3282
     105       6.0765       6.3794
     106       6.3622       7.0724
     107       8.3835      10.1801
     108       6.4914       6.5266
     109       6.4233       5.2160
     110       6.8098       8.6841
     111       6.0790       5.5542
     112       6.2209       7.0934
     113       6.7409       7.6430
     114       6.3553       8.1479
     115       7.6007       8.9008
     116       6.0221       6.4750
     117       6.3722       7.9085
     118       6.1431       6.2611
     119       5.7370       5.6820
     120       5.9860       6.6676
     121       6.3517       7.9163
     122       7.6643       7.6099
     123       7.4058       8.7057
     124       6.3953       8.3033
     125       5.7174       6.0596
     126       6.3837       8.1871
     127       6.8978       8.9225
     128       6.0134       6.5088
     129       5.7190       5.0809
     130       6.0758       7.5630
     131       7.7032       7.8508
     132       6.3271       5.2959
     133       6.6362       6.8835
     134       6.4881       8.4426
     135       6.3082       7.2371
     136       6.4873       9.0182
     137       6.3537       7.6945
     138       6.1728       4.6230
     139       6.1601       6.5544
     140       6.8732       8.3871
     141       6.5418       4.5613
     142       5.9857       4.9207
     143       6.3076       5.4347
     144       6.5358       5.5196
     145       6.3787       7.5118
     146       5.9708       4.8351
     147       6.3573       6.3644
     148       6.0469       6.0250
     149       6.5195       7.4467
     150       6.8648       7.6878
     151       6.9827       7.1692
     152       6.8272       8.3344
     153       5.7163       5.3313
     154       6.1752       8.0434
     155       6.5631       6.8253
     156       6.9406       5.3887
     157       6.7992       9.2163
     158       6.7065       6.6714
     159       5.5280       5.8909
     160       5.8134       6.2476
     161       6.2852       6.7328
     162       6.1168       5.7685
     163       6.1218       6.5003
     164       6.0078       6.9294
     165       6.0783       4.9219
     166       6.3802       7.6620
     167       5.9750       7.6181
     168       6.2911       4.8945
     169       6.5226       7.0547
     170       6.3196       6.1398
     171       5.8173       5.4828
     172       6.6199       6.9801
     173       8.1423      11.5605
     174       6.1088       7.6556
     175       6.2407       8.7239
     176       6.5062       4.4112
     177       8.3659       9.3006
     178       6.2016       7.3046
     179       5.8793       6.4273
     180       6.1452       6.9207
     181       5.9753       3.6837
     182       6.5728       7.9455
     183       6.1536       6.3632
     184       6.8111       6.2512
     185       6.1445       4.2342
     186       6.9705       8.3600
     187       6.2441       6.5506
     188       5.6620       5.8355
     189       6.2419       9.7638
     190       6.8875       8.7839
     191       5.8226       4.3197
     192       6.0231       5.9460
     193       6.0675       6.0498
     194       6.1764       6.1509
     195       6.7841       8.3635
     196       6.9453       8.6972
     197       6.8567       9.0361
     198       5.9678       7.6509
     199       6.5310       5.0042
     200       5.8901       5.9817
     201       7.0244       6.7996
     202       6.5876       9.0815
     203       6.1331       8.1915
     204       6.5722       6.5414
     205       5.9757       5.8660
     206       6.4791       7.7759
     207       5.9892       6.9093
     208       6.6671       5.5262
     209       6.3751       7.1457
     210       6.4014       7.4502
     211       6.5848       6.2904
     212       6.4960       8.8942
     213       5.9255       7.4418
     214       6.1085       6.1728
     215       7.5739       8.1999
     216       5.7353       5.9880
     217       7.9483       9.7996
     218       6.5520       9.3131
     219       6.2977       7.7393
     220       5.9077       5.2949
     221       5.7353       6.1246
     222       6.1725       4.8008
     223       6.1836       5.3407
     224       6.8383       6.4023
     225       6.3696       5.5285
     226       5.9310       6.4855
     227       5.9277       7.6613
     228       6.3902       6.9786
     229       6.8458       7.2539
     230       6.6160       7.1587
     231       8.0407      10.8507
     232       6.0115       4.6792
     233       6.1081       5.1088
     234       7.0367       8.3546
     235       5.7718       5.7731
     236       6.4993       9.3674
     237       6.3919       8.1747
     238       6.3181       6.0758
     239       5.7959       3.9969
     240       5.9879       6.5957
     241       6.1337       5.2137
     242       6.3494       7.3559
     243       5.9842       5.5185
     244       6.1488       7.7508
     245       6.7283       6.2622
     246       5.8915       3.7941
     247       5.7418       5.3794
     248       5.9475       7.2581
     249       6.6155       8.5456
     250       6.4419       5.7386
     251       6.2905       6.9406
     252       5.9303       6.3080
     253       6.1951       6.2596
     254       6.3833       4.4190
     255       6.9480       8.2652
     256       5.7635       6.3593
     257       6.2836       7.4858
     258       5.8512       7.7067
     259       6.1491       4.6057
     260       6.3050      13.0595
     261       6.1368       5.5143
     262       6.2480       7.3197
     263       6.1260       7.4260
     264       6.0397       3.8985
     265       5.7185       5.1450
     266       6.2005       6.8028
     267       7.3209      14.4193
     268       6.3978       8.5817
     269       6.3283       7.9481
     270       6.8816       8.2230
     271       9.0492      12.5607
     272       5.7237       6.4022
     273       6.1434       6.0921
     274       6.7097       6.9653
     275       6.5510       7.9642
     276       6.8700       5.1819
     277       5.9094       7.3166
     278       6.2160       6.5217
     279       5.6462       4.7577
     280       6.1068      10.4155
     281       6.3312       7.7057
     282       6.6490       6.5949
     283       6.3530       6.0858
     284       5.8985       5.6732
     285       5.6288       5.4497
     286       6.1007       5.9285
     287       6.8264      11.5682
     288       6.6824       5.7487
     289       5.9267       5.8460
     290       6.9162       7.4327
     291       5.9833       7.1690
     292       6.2629       8.6365
     293       5.7673       6.5128
     294       5.9317       4.5837
     295       8.1707      10.5748
     296       6.0731       7.5656
     297       5.5792       5.2361
     298       5.8416       5.3702
     299       6.8143       9.7280
     300       6.6893       8.6553
     301       7.1557       7.8586
     302       6.4274       6.5573
     303       8.1812       7.4059
     304       6.2127       5.9198
     305       8.0191      10.4767
     306       6.7229       7.9521
     307       6.4324       4.7481
     308       5.9023       6.8267
     309       6.1676       7.1017
     310       6.7641       7.3782
     311       6.1121       6.4342
     312       5.9943       6.8973
     313       7.1508       9.8216
     314       6.2714       8.0914
     315       6.1048       9.6041
     316       6.0837       6.0985
     317       6.2083       7.1006
     318       8.8201      11.6643
     319       5.6471       4.0814
     320       6.6226       7.2932
     321       6.5740       7.7209
     322       7.0621       8.6524
     323       7.1405       8.8209
     324       7.0939       8.9504
     325       6.8237       6.4454
     326       7.1257       8.2949
     327       6.8244       7.5398
     328       7.1175       8.6593
     329       6.8322       8.5635
     330       5.8822       5.9047
     331       7.9097       5.6027
     332       6.4287       5.5283
     333       6.7622       4.2761
     334       5.8646       4.8570
     335       5.7444       4.7944
     336       5.9605       7.2911
     337       8.3022      12.5007
     338       6.4812       8.8038
     339       6.1303       6.8453
     340       6.4327       8.0064
     341       6.1494       7.3571
     342       6.0856       5.6493
     343       6.5387       7.8892
     344       7.3546       9.3103
     345       6.4964       6.4618
     346       8.6562       9.3159
     347       6.4150       6.7924
     348       6.7716       5.7365
     349       5.8772       6.2153
     350       5.9470       6.6907
     351       7.5887       6.5580
     352       7.0979       7.9351
     353       6.2224       7.2090
     354       6.2909       4.4961
     355       7.1273       7.8876
     356       6.7992       8.0991
     357       5.3860       5.2004
     358       6.3854       8.8445
     359       7.1134       7.8583
     360       5.8622       7.1702
     361       6.2535       6.8492
     362       6.6033       7.0393
     363       6.0968       7.9032
     364       6.2608       6.9957
     365       5.8229       9.6384
     366       7.5149       8.0009
     367       6.8862       6.6760
     368       6.9564       8.3130
     369       6.2441       5.9417
     370       5.7328       5.8690
     371       6.1384       7.4838
     372       6.6105       7.2375
     373       6.3163       8.0863
     374       6.0823       8.2686
     375       6.7254       9.2759
     376       5.8616       5.8632
     377       6.5494       8.2686
     378       6.5540       8.0518
     379       6.2719       6.7978
     380       5.8928       4.7006
     381       6.7450       8.1714
     382       5.6674       6.8034
     383       6.4439       7.2213
     384       6.3351       6.7223
     385       5.8409       4.6679
     386       6.8706       8.2135
     387       6.1213       6.6736
     388       7.6132      10.6221
     389       5.6580       5.6933
     390       7.6840       9.2760
     391       6.2352       8.3657
     392       6.5854       8.2904
     393       6.1930       4.8706
     394       6.6842       6.9363
     395       6.6448       5.2282
     396       6.3882       8.1221
     397       6.5726       7.5791
     398       5.2808       4.6861
     399       6.7902       8.0754
     400       5.2800       5.1377
     401       6.0337       5.7962
     402       6.3920       8.2824
     403       5.9982       5.7353
     404       6.3163       6.9008
     405       5.7159       5.1738
     406       6.3585       6.2216
     407       5.5765       4.5675
     408       6.0145       7.5419
     409       7.2276      10.4547
     410       7.2374       7.9500
     411       7.7059      10.0359
     412       6.1360       7.1922
     413       6.0091       7.3558
     414       6.0551       5.5721
     415       6.5179       7.2344
     416       6.8703       9.0403
     417       5.9259       6.0882
     418       5.9888       4.6328
     419       5.5677       4.2279
     420       6.2620       8.0148
     421       7.8983       5.3552
     422       6.3848       6.5762
     423       5.8431       5.5507
     424       6.7959       4.6877
     425       6.5101       6.9575
     426       5.8714       4.9495
     427       6.1867       4.2607
     428       6.3263       6.2644
     429       5.3640       4.5708
     430       6.0838       6.1647
     431       6.0776       8.4775
     432       7.3479       7.7857
     433       6.5040       5.4532
     434       6.3792       7.8075
     435       5.8947       6.6337
     436       6.0914       6.4967
     437       6.2660       5.8816
     438       6.7373       7.4050
     439       6.0154       5.9169
     440       5.5900       3.9941
     441       5.7679       5.8280
     442       6.4523       8.4170
     443       6.5288       8.4536
     444       5.9437       7.0135
     445       5.9859       5.8031
     446       6.7241       8.9510
     447       5.9454       7.5742
     448       6.1320       7.3579
     449       6.3377       9.5360
     450       6.1972       5.9792
     451       5.9751       5.6977
     452       7.3980      10.2185
     453       6.7957       8.9857
     454       6.4473       8.9345
     455       7.0437       9.2581
     456       6.7665       6.6545
     457       6.4844       7.1207
     458       5.9942       4.8581
     459       5.9439       5.2763
     460       6.5927       8.4673
     461       6.9476       5.0746
     462       6.4811       4.4985
     463       6.2797       6.9701
     464       7.1167       5.2225
     465       7.3019       8.4478
     466       6.5385       7.3009
     467       6.8459       6.4110
     468       6.3439       7.0283
     469       6.2972       7.0743
     470       6.5410       7.7187
     471       5.6499       6.1595
     472       6.8351       7.6299
     473       5.8486       6.2917
     474       7.6201       8.4962
     475       6.1702       5.7905
     476       5.6377       4.8101
     477       5.8813       6.3657
     478       5.9190       8.0797
     479       6.6457       7.2426
     480       6.7516       9.5487
     481       6.6381       7.2504
     482       6.2529       6.0177
     483       6.0066       5.2829
     484       5.9313       7.4717
     485       6.6955       8.3443
     486       6.8481      12.2733
     487       6.0416       7.1646
     488       6.6719       8.6368
     489       5.9618       6.5809
     490       6.5656       5.9678
     491       6.2976       8.2113
     492       6.1286       6.8755
     493       5.9098       6.5916
     494       5.6682       5.7153
     495       6.0657       7.7939
     496       5.6922       7.0968
     497       6.3823      12.8869
     498       6.1773       7.8747
     499       5.7180       6.2023
     500       5.7632       4.8054
