#Frame   RMSD_TIP_noH
       1       0.0000
       2      14.1596
       3      15.9890
       4      17.5055
       5      14.9289
       6      11.9176
       7      15.9187
       8      18.5679
       9      12.5649
      10      18.1323
      11      13.5903
      12      25.5721
      13      13.2012
      14      15.5024
      15      14.7314
      16      11.3121
      17      20.2057
      18      10.9958
      19      17.7615
      20      15.3188
      21      23.5223
      22      20.3043
      23      24.1921
      24      14.5959
      25      14.2664
      26      19.5875
      27      11.4437
      28      18.1744
      29      13.3748
      30      11.3781
      31      13.8964
      32      17.0203
      33      17.4884
      34      17.3875
      35      20.4665
      36      11.1821
      37      23.3584
      38      13.4900
      39      13.0194
      40      15.8881
      41      18.8909
      42      23.9445
      43      15.4827
      44      13.2000
      45      19.2919
      46      13.1904
      47      14.8326
      48      17.7475
      49      11.5839
      50      17.2920
      51      18.8825
      52      14.4738
      53      19.0354
      54      10.5552
      55      10.5768
      56      18.1138
      57      18.7941
      58      12.1687
      59       9.5038
      60      18.8068
      61      19.4788
      62      11.4060
      63      18.2317
      64      20.0782
      65      15.7338
      66      16.2702
      67      21.2951
      68      18.6917
      69      21.5642
      70      11.7869
      71      15.8084
      72      15.0274
      73      13.3618
      74      13.2176
      75      12.3999
      76      18.6440
      77      13.2765
      78      18.9440
      79      21.4728
      80      16.3917
      81      16.7756
      82      16.5253
      83      19.1995
      84      12.4229
      85      15.3141
      86      12.7633
      87      20.9165
      88      17.6171
      89      17.6971
      90      13.2253
      91      14.4796
      92      17.7547
      93      12.3081
      94      16.5853
      95      12.0985
      96       9.0496
      97      15.8037
      98      15.0419
      99      16.5416
     100      12.1651
     101      12.5843
     102      15.9956
     103      17.1121
     104      16.5345
     105       9.7710
     106      14.3819
     107      17.5570
     108      19.5364
     109      21.0807
     110      14.5806
     111      16.1169
     112      17.9970
     113      13.3259
     114      18.3266
     115      14.4974
     116      16.2627
     117      11.7615
     118      20.5528
     119      16.8383
     120      18.2125
     121      14.3213
     122      19.3525
     123      13.8063
     124      17.0756
     125      18.4589
     126      15.3988
     127      13.9165
     128      12.9067
     129      16.6735
     130      21.8314
     131      19.1757
     132      14.6768
     133      13.1449
     134      18.7025
     135      10.4829
     136      15.6334
     137      12.1208
     138       9.7143
     139      19.1828
     140      11.2720
     141      17.5635
     142      11.8664
     143      10.2245
     144      17.5705
     145      11.2907
     146      16.6667
     147      17.0839
     148      17.8837
     149      14.1585
     150      16.2948
     151      23.2640
     152      12.9354
     153      19.0322
     154      19.6198
     155      11.6829
     156      15.0162
     157      12.5453
     158      17.5648
     159      10.7697
     160      17.9226
     161      13.9171
     162      11.1960
     163      21.9612
     164      17.6722
     165      10.7089
     166      20.1431
     167      18.0247
     168      13.0744
     169      16.8318
     170      19.0892
     171      23.6299
     172      14.4117
     173      16.5923
     174      20.6460
     175      16.5137
     176      22.3451
     177      19.7291
     178      13.9325
     179      15.5993
     180      24.0622
     181      21.5121
     182      18.2851
     183      18.5956
     184      17.1349
     185      32.1319
     186      15.1052
     187      10.1335
     188      14.5210
     189      12.7775
     190      16.6809
     191      14.3073
     192      14.0488
     193      13.2858
     194      20.9928
     195      21.3084
     196      16.8790
     197      10.8935
     198      14.5838
     199      17.3022
     200      18.8825
     201      18.5918
     202      14.4924
     203      16.3339
     204      19.6610
     205      19.1059
     206      14.6920
     207      21.0604
     208      19.5206
     209      13.9063
     210      13.5775
     211      15.5224
     212       9.2725
     213      19.5670
     214      12.5176
     215      13.9696
     216      13.9119
     217      20.6094
     218      21.5180
     219      15.5846
     220      12.8677
     221      12.2992
     222      14.8444
     223      16.0950
     224      12.1523
     225      15.0516
     226      18.0603
     227      21.0282
     228      16.6467
     229      13.3463
     230      13.4334
     231      14.8831
     232      21.7780
     233      15.8143
     234      12.5789
     235      12.5224
     236      18.1815
     237      20.8389
     238      22.0670
     239      20.3549
     240      20.1122
     241      14.8735
     242      14.5183
     243      16.5037
     244      14.6530
     245      11.6367
     246      16.4459
     247      11.7686
     248      10.3682
     249      14.9259
     250      17.4254
     251      15.7112
     252      16.1401
     253      20.6266
     254      22.0582
     255      17.7703
     256      14.1689
     257      13.0932
     258      18.6363
     259      11.6093
     260      11.6795
     261      18.1033
     262      12.9810
     263      19.0924
     264      16.5908
     265      12.1400
     266      16.8883
     267      26.1311
     268      15.2854
     269      23.8878
     270      10.2382
     271      18.9878
     272      14.6674
     273      20.7974
     274      22.1566
     275      19.2007
     276      12.7153
     277      12.1328
     278      19.8905
     279      12.6051
     280      10.8475
     281      19.4410
     282      17.0421
     283      13.4099
     284      15.8271
     285      21.2565
     286      12.5850
     287      19.5317
     288      21.4833
     289       9.9968
     290      13.2786
     291      12.1071
     292      17.3616
     293       9.9956
     294      12.0793
     295      19.2427
     296       9.0962
     297      19.0298
     298      16.1411
     299      19.7777
     300      11.8954
     301      18.2875
     302      15.9655
     303      20.8296
     304      10.5654
     305      19.6458
     306      17.7863
     307      15.9815
     308      15.4185
     309      11.1035
     310      19.0651
     311       9.3648
     312      17.4212
     313      20.0883
     314      14.1583
     315      20.8160
     316      12.3571
     317      18.5815
     318      14.8544
     319      14.6708
     320      16.9511
     321      14.3897
     322      14.9860
     323      16.6801
     324      15.7051
     325      14.6578
     326      14.1129
     327      11.8176
     328      20.9630
     329      17.3454
     330      14.2614
     331      10.2652
     332      16.3243
     333      17.8543
     334      17.9710
     335      14.2976
     336      16.0764
     337      13.3417
     338      14.1394
     339      15.0868
     340      13.2188
     341      14.2045
     342      18.3307
     343      17.9999
     344      15.3759
     345      22.9745
     346      12.9265
     347      11.3294
     348      16.7198
     349      13.4421
     350      20.2082
     351      16.5553
     352      11.3286
     353      14.3546
     354      15.6536
     355      19.6034
     356      19.9465
     357      19.3712
     358      10.0699
     359      13.6085
     360      15.7194
     361      14.6756
     362      12.5835
     363      17.0252
     364      16.6457
     365      16.1187
     366      12.7701
     367      21.0041
     368      18.6102
     369      13.0383
     370      21.2500
     371      13.0744
     372      11.0333
     373      14.7237
     374      19.9248
     375      15.9603
     376      14.7132
     377      19.2462
     378      15.6864
     379      19.9198
     380      19.6736
     381      16.2567
     382       8.5752
     383      12.2808
     384      12.3642
     385      20.7976
     386      16.8676
     387      18.9895
     388      15.2769
     389      19.0905
     390      17.2219
     391      12.9069
     392      19.7145
     393      15.8131
     394      13.8117
     395      10.9511
     396      18.5227
     397      20.3026
     398       8.7949
     399      18.1141
     400      17.0362
     401      13.7309
     402      15.2382
     403      16.8556
     404      12.8886
     405      21.6797
     406      10.2797
     407      20.3203
     408      16.1307
     409      12.5652
     410      15.0134
     411      16.5611
     412      19.1742
     413      11.8354
     414      20.1264
     415      11.4711
     416      19.7264
     417      14.0351
     418      17.9598
     419      13.0020
     420      10.8949
     421      22.3695
     422      11.4127
     423      20.5428
     424      17.4527
     425      20.3712
     426      13.1045
     427      14.5329
     428      15.4187
     429      16.0117
     430      12.4369
     431      13.7784
     432      11.9316
     433      16.1339
     434      11.8334
     435      21.0513
     436      17.3826
     437      14.4410
     438       9.2626
     439      12.5506
     440      12.2726
     441      11.4202
     442      11.1463
     443      21.6398
     444      15.1869
     445      13.2636
     446      12.3069
     447      22.1203
     448      12.5023
     449      19.6150
     450      15.1367
     451      18.2082
     452      18.3454
     453      16.6249
     454      22.0834
     455      15.2794
     456      16.7709
     457      15.7699
     458      19.6484
     459      13.6971
     460      12.5600
     461      16.3979
     462      18.8064
     463      19.7312
     464      18.2075
     465      13.7078
     466      14.4711
     467      13.1046
     468      17.4942
     469      12.8782
     470      18.1370
     471      19.0854
     472      14.6139
     473      21.8118
     474      22.9670
     475      12.6401
     476      18.5287
     477      12.3073
     478      12.3584
     479      13.5268
     480       9.5986
     481      15.2769
     482      17.8371
     483      11.5738
     484      16.5211
     485      15.1842
     486      17.3973
     487      17.2872
     488      17.7829
     489      11.6049
     490      18.9967
     491      11.7729
     492      19.1407
     493      16.6517
     494      20.8517
     495      13.9850
     496      17.1136
     497      11.7790
     498      18.3159
     499      15.1843
     500      16.4934
