#Res        AtomicFlx
   1.000      10.1577
   2.000       9.3702
   3.000       9.5625
   4.000       9.7317
   5.000       9.8691
   6.000       9.9388
   7.000       9.9774
   8.000       9.8636
   9.000       9.7310
  10.000       9.5866
  11.000       9.1922
  12.000       8.4362
  13.000       7.1774
  14.000       5.8726
  15.000       3.7924
  16.000       5.6280
  17.000       7.1728
  18.000       8.2682
  19.000       8.8699
  20.000       9.2848
  21.000       9.5715
  22.000       9.6722
  23.000       9.5085
  24.000       8.9567
  25.000       8.0961
  26.000       6.9777
  27.000       5.4645
  28.000       3.4263
  29.000       2.6945
