#Frame       dist_I_P
       1      10.1764
       2       6.6688
       3      10.0608
       4      11.3690
       5       9.8964
       6       8.5907
       7       9.8187
       8       8.9309
       9      10.8415
      10      11.0401
      11      11.1455
      12       6.4494
      13       8.9709
      14       6.3991
      15      11.7563
      16      12.2537
      17       7.3879
      18      13.2177
      19       6.9126
      20       7.3599
      21      12.7116
      22      13.3916
      23       5.9120
      24      10.9150
      25      12.4854
      26       9.3650
      27      13.2697
      28      12.1661
      29      10.9640
      30      11.2870
      31       7.3851
      32       9.6846
      33       7.1156
      34      13.7427
      35      10.5007
      36      14.2167
      37      10.4731
      38      11.7461
      39       5.4609
      40       5.1964
      41       9.4843
      42       8.0199
      43      12.8614
      44      11.2747
      45       9.7055
      46       9.5301
      47       9.4509
      48      13.3541
      49      13.4358
      50      12.4356
      51      12.4762
      52      11.7401
      53       6.5016
      54      12.2985
      55       4.9311
      56       6.7781
      57       9.4791
      58       7.6396
      59      11.4058
      60      12.0292
      61      10.5500
      62       7.3028
      63      14.4153
      64      10.8926
      65      10.7235
      66      11.6851
      67       8.0623
      68      11.5481
      69      13.2522
      70       7.4562
      71       7.4955
      72       4.6214
      73       7.7577
      74       6.0417
      75      11.6724
      76      11.1389
      77       9.0844
      78      12.3883
      79      11.1897
      80      12.6151
      81      10.7782
      82      10.7488
      83      11.4974
      84      12.6695
      85       4.6513
      86      10.0638
      87       3.6927
      88      14.3753
      89      10.5776
      90       6.0489
      91      13.4546
      92       6.1453
      93      12.1468
      94       8.8725
      95      11.8970
      96      10.9928
      97      10.8088
      98      10.4186
      99      10.4636
     100       5.1113
     101       4.8065
     102       6.7068
     103       7.3170
     104       6.7764
     105      11.0953
     106      11.2718
     107      12.0716
     108      12.0581
     109      10.4593
     110      12.8211
     111       9.0065
     112      10.3071
     113       8.5551
     114      11.9983
     115       9.4817
     116      11.5852
     117      11.3420
     118       4.2888
     119      11.5406
     120      12.0908
     121      12.6661
     122       6.8060
     123      11.1456
     124       9.4737
     125       7.1485
     126       8.8562
     127       8.3604
     128       9.7646
     129      13.4906
     130      12.3506
     131       5.8290
     132       7.3991
     133       8.3674
     134      14.0197
     135      13.4806
     136      12.4918
     137       9.0932
     138      11.7476
     139      12.3892
     140       3.8759
     141      14.2177
     142      12.7510
     143      11.0135
     144       7.7971
     145      12.7020
     146      12.5369
     147      10.5043
     148       8.7996
     149       8.5006
     150      12.4702
     151       9.5728
     152      11.4497
     153      13.4789
     154      13.6138
     155      12.8773
     156       8.5873
     157      10.7282
     158      10.9310
     159      10.9070
     160      11.7237
     161       9.6867
     162      10.6868
     163      10.8262
     164      13.7165
     165       5.5128
     166      11.0264
     167      12.8260
     168       7.5843
     169       6.2659
     170      10.2013
     171      12.7062
     172       7.1244
     173      13.4967
     174      10.9656
     175      10.5890
     176       7.4762
     177       7.4787
     178      11.2865
     179      13.1282
     180       5.9240
     181      11.8466
     182      11.8351
     183       7.5572
     184      12.9492
     185      12.5273
     186       5.9817
     187      12.2056
     188      12.3143
     189      10.0501
     190       9.3927
     191       9.6097
     192       3.7811
     193       9.4935
     194      10.0770
     195      10.5675
     196       5.9329
     197      13.8984
     198      10.7246
     199       7.6897
     200       7.7771
     201      13.1866
     202      12.1008
     203       6.5919
     204       9.5371
     205      12.8359
     206       8.9304
     207      11.4936
     208       7.0629
     209      12.7198
     210       4.5889
     211      10.6885
     212       8.8656
     213      11.0310
     214      10.8174
     215      14.3863
     216      11.1339
     217      11.1891
     218      11.6835
     219       6.0311
     220      11.6872
     221       8.2085
     222       8.5369
     223      10.4217
     224      13.4639
     225      12.2704
     226      12.3827
     227      11.2973
     228      12.3066
     229      12.0800
     230      11.0702
     231      12.7728
     232      12.8523
     233      11.6961
     234       9.2223
     235      12.1090
     236       6.9746
     237      12.3449
     238      12.3522
     239      10.2831
     240      11.1750
     241       6.7936
     242      11.0205
     243       7.0746
     244      10.1097
     245      13.9384
     246      11.3323
     247      11.8666
     248       9.9656
     249      12.8380
     250       8.1082
     251       6.7033
     252       9.7407
     253      12.1387
     254       9.7987
     255      12.3537
     256       9.2982
     257      10.8498
     258       8.3730
     259       5.4955
     260      14.0400
     261       6.4371
     262      12.7133
     263       6.6346
     264       8.9317
     265      12.7247
     266      12.0007
     267      11.7261
     268       9.4907
     269      11.3422
     270      12.8242
     271      10.9536
     272      10.6995
     273       8.0728
     274       7.0144
     275       6.3388
     276      12.1101
     277      10.9892
     278      11.2416
     279      11.1267
     280       8.3790
     281       6.8782
     282       5.7038
     283      10.5072
     284      13.3103
     285      11.6611
     286       8.5035
     287       7.4546
     288       8.9551
     289      10.4064
     290       6.3514
     291      10.2942
     292      11.3824
     293       9.3923
     294      12.2988
     295       9.6683
     296      12.3221
     297      10.2953
     298       8.3519
     299       6.1355
     300      11.8370
     301       7.8081
     302       6.5223
     303       6.7344
     304      12.5200
     305      10.7326
     306       7.3904
     307      11.5220
     308       6.5076
     309       4.0409
     310      10.6362
     311      10.9165
     312      13.2663
     313       6.5207
     314       9.8386
     315      12.7536
     316      12.0568
     317      12.1936
     318       7.7416
     319       9.2335
     320       4.3432
     321      12.1757
     322       9.9287
     323      11.9266
     324      11.3182
     325      10.7492
     326      11.2948
     327       5.6471
     328       5.7155
     329       7.7538
     330      12.2235
     331      12.5667
     332      11.9673
     333       9.4845
     334      11.9136
     335       6.9908
     336      12.4715
     337      11.7330
     338       9.6991
     339      12.0873
     340       5.4413
     341      12.8866
     342      14.0540
     343       8.4899
     344       5.4825
     345       7.9505
     346       8.5647
     347      11.9112
     348       7.5475
     349      10.6564
     350       8.2923
     351      11.2787
     352      11.6552
     353       9.2771
     354      12.3551
     355      11.6283
     356      12.0999
     357      12.1299
     358      12.8732
     359      12.6342
     360      12.0474
     361       6.1167
     362       8.6287
     363       9.9480
     364       8.9328
     365      12.0597
     366      13.8241
     367      13.0125
     368      11.6438
     369      10.0636
     370      11.8559
     371       8.5565
     372      10.9417
     373       8.4173
     374      11.8097
     375      13.0949
     376      10.8300
     377      13.2238
     378      12.7897
     379       5.7592
     380       7.4596
     381      12.4257
     382      11.7819
     383       8.0554
     384      11.6485
     385      12.2762
     386       9.6090
     387      12.6983
     388       7.4087
     389      11.0285
     390       8.6905
     391       6.5451
     392      10.2074
     393      11.1195
     394       9.4975
     395      11.4083
     396       7.9739
     397      11.3387
     398      14.5239
     399       7.9110
     400       7.6810
     401       9.3528
     402      11.2152
     403       7.4482
     404       8.8574
     405      11.3022
     406      10.9894
     407       9.6803
     408      12.3403
     409       7.1941
     410      11.3126
     411      12.5344
     412       9.7720
     413      14.1774
     414      11.2139
     415      12.2115
     416      13.6989
     417      14.4668
     418      11.9753
     419      13.5572
     420       5.2527
     421       9.9957
     422      12.7284
     423      12.5527
     424       8.8653
     425      11.3806
     426       8.1303
     427      12.5460
     428      12.0487
     429      11.6004
     430      11.4345
     431       8.9404
     432      12.6539
     433       7.7124
     434      10.4493
     435       5.3196
     436       7.8360
     437       5.9075
     438       3.4386
     439      14.0710
     440      13.7559
     441      12.9751
     442      10.7010
     443      10.8739
     444      14.2953
     445       8.2824
     446       9.4918
     447      11.2177
     448       9.3296
     449      12.9101
     450       6.9862
     451       9.9802
     452       9.7847
     453      10.6695
     454       9.8309
     455      10.5632
     456      11.7236
     457      12.3890
     458      12.6784
     459      12.2311
     460       9.5527
     461       9.6922
     462       8.4590
     463      12.7155
     464      13.4166
     465      11.9475
     466      12.9465
     467      13.4862
     468      11.9261
     469      10.1790
     470       8.4406
     471      13.4605
     472       8.7310
     473       7.2847
     474      12.8898
     475      13.0931
     476       9.8060
     477       9.7449
     478      11.3451
     479      13.2559
     480      12.7164
     481       8.3904
     482      11.4328
     483      13.9198
     484       9.5689
     485       9.4238
     486      11.9726
     487      13.3990
     488       7.3992
     489      11.8489
     490       8.0017
     491       7.6525
     492       7.4657
     493       9.0780
     494       9.9299
     495       7.2049
     496      11.3811
     497       9.5301
     498      11.6163
     499      10.4510
     500      11.9228
