#Frame       dist_T_I
       1      12.7693
       2      17.7565
       3      12.9187
       4      12.3357
       5       6.0103
       6       6.6584
       7      10.0089
       8      11.6881
       9       7.6145
      10      17.3974
      11      16.0220
      12      11.4017
      13      16.5626
      14      11.9023
      15      14.8457
      16      14.8013
      17       9.9293
      18      15.4091
      19      14.9739
      20      14.7454
      21       6.2334
      22      13.5628
      23      14.9767
      24       3.6427
      25       7.1015
      26      18.3703
      27       8.8710
      28       7.0325
      29       9.8226
      30      20.3661
      31      13.6181
      32      18.1873
      33      14.1497
      34      12.0449
      35      12.6154
      36      13.7154
      37      10.0113
      38      16.2924
      39       3.7045
      40      11.1335
      41      13.1129
      42      14.0846
      43      15.3549
      44       4.5160
      45      15.1137
      46       4.6732
      47      18.1822
      48      18.6337
      49      10.4046
      50      18.1391
      51       5.0303
      52       7.7824
      53       7.7126
      54      13.8866
      55      16.9952
      56      10.6349
      57       9.1977
      58      13.3607
      59      14.5379
      60      11.8406
      61      25.3040
      62      15.3712
      63      18.8002
      64      15.5127
      65      12.7950
      66       7.0880
      67      14.8275
      68      15.3958
      69      15.2325
      70      10.7545
      71      14.3581
      72      10.5159
      73       6.3860
      74       7.1055
      75       9.9911
      76      12.4890
      77      11.1942
      78      13.2500
      79       6.5443
      80      13.3078
      81      14.1962
      82       6.0657
      83      13.4208
      84      13.2394
      85      16.8873
      86      23.8022
      87      15.5396
      88      17.9472
      89      18.6532
      90      16.5677
      91      15.4121
      92      15.4402
      93      13.9175
      94      17.8273
      95      16.8661
      96      12.9664
      97      14.9954
      98      17.0695
      99       4.9483
     100      14.9205
     101      13.9759
     102      11.4323
     103      11.6094
     104      14.6615
     105      10.6546
     106      13.7625
     107       9.6003
     108      22.8324
     109       6.8568
     110      13.1304
     111      16.2399
     112      20.0488
     113      11.5041
     114      13.1628
     115      12.8189
     116       4.4206
     117      11.6511
     118      12.6204
     119      16.9778
     120      13.9985
     121      13.1514
     122       9.8563
     123      17.4107
     124      11.4381
     125       7.8868
     126       6.3318
     127      11.1784
     128      16.5461
     129       4.7984
     130       7.0017
     131      14.0503
     132      10.9868
     133      16.3207
     134      16.4620
     135      23.2795
     136       7.7354
     137      13.4799
     138      12.6217
     139      14.6319
     140      16.2105
     141      10.2330
     142      13.7798
     143       8.2319
     144       9.0811
     145      13.4123
     146      10.7781
     147      19.0926
     148       6.2249
     149      15.1147
     150      13.1038
     151      14.7018
     152       7.9145
     153      11.8649
     154       8.9089
     155      10.7644
     156       7.0365
     157       7.1396
     158      10.7504
     159      13.1941
     160      15.4288
     161       5.8248
     162       6.6361
     163      12.1918
     164      15.2929
     165      18.2787
     166      11.7476
     167      11.4731
     168      17.7615
     169       5.4872
     170      17.8872
     171      13.5172
     172       5.8953
     173      16.9852
     174      15.4545
     175       8.4708
     176      12.4427
     177      12.6096
     178      14.2154
     179      13.4047
     180       6.6346
     181       6.6175
     182      13.6842
     183       7.2036
     184      11.6811
     185      15.2438
     186      12.8905
     187      11.8084
     188      11.4188
     189       5.0245
     190      12.7891
     191       6.2741
     192      13.3208
     193      20.2667
     194       7.7796
     195       7.8525
     196       8.9905
     197      14.8979
     198      18.2186
     199      19.4224
     200       9.9030
     201      15.5795
     202       6.9146
     203      12.9446
     204      14.5007
     205       7.8582
     206      18.1733
     207      14.2311
     208      15.0225
     209      10.9130
     210      20.6291
     211      18.3249
     212      14.6994
     213      14.0387
     214      15.1331
     215       7.6384
     216      21.8907
     217      15.2597
     218       9.1908
     219       8.0966
     220      11.5763
     221      13.8185
     222      15.9646
     223      13.1334
     224      15.8903
     225      11.4222
     226      12.7922
     227      13.0748
     228       9.8026
     229      16.5947
     230       7.7502
     231      16.4345
     232       8.9052
     233       8.2584
     234      10.2431
     235      22.6036
     236      15.9298
     237      14.6561
     238      16.2499
     239      12.3312
     240      12.5243
     241      11.1534
     242       8.4845
     243      15.1957
     244      17.9652
     245      17.2011
     246      15.6760
     247      15.6304
     248      10.7546
     249      10.5809
     250      13.1267
     251      14.4683
     252      17.3837
     253      10.5256
     254      17.1118
     255       8.4989
     256      15.3400
     257      15.3587
     258      10.2904
     259       9.5426
     260      15.4146
     261      10.5565
     262       8.0235
     263       5.1366
     264       9.8211
     265      14.9150
     266      17.0174
     267      17.5958
     268      13.7781
     269       9.2965
     270      15.9637
     271      11.4923
     272      14.3728
     273      14.8452
     274      14.1397
     275      10.5215
     276      15.3388
     277       6.1550
     278       8.9255
     279       9.9844
     280      14.9161
     281       4.1906
     282      16.8805
     283       6.0609
     284      11.9516
     285      12.3270
     286      10.0507
     287       9.5134
     288      15.4978
     289      14.5893
     290       9.3048
     291      12.7833
     292       7.5155
     293      27.9690
     294      20.1933
     295      19.1186
     296       7.1226
     297       6.1811
     298      11.8459
     299      14.3498
     300       9.5702
     301      19.5260
     302      12.8649
     303      12.1396
     304      17.3507
     305      10.9892
     306      15.0182
     307       8.3393
     308      16.3271
     309      11.0620
     310      12.5299
     311       9.3479
     312      12.8872
     313      17.1304
     314      10.8992
     315      17.4000
     316      11.9680
     317       7.2809
     318      14.1139
     319      11.6423
     320      12.1960
     321      13.4544
     322      14.8817
     323      12.3738
     324       7.4450
     325      10.0102
     326      15.3092
     327      10.8514
     328      10.5556
     329      15.5579
     330       8.4424
     331      13.7924
     332      10.4601
     333      10.6620
     334      15.2673
     335      12.5470
     336      12.6316
     337      10.9751
     338      12.7047
     339       7.0716
     340      12.5703
     341       8.9789
     342       7.2444
     343       9.8324
     344      17.5368
     345      12.6504
     346      15.4441
     347      10.2510
     348      13.9866
     349      11.7749
     350      10.2283
     351      14.5660
     352       5.8179
     353       7.1469
     354      12.9695
     355      10.6435
     356      18.1443
     357      17.6607
     358       5.0973
     359      15.8866
     360      12.1018
     361      17.9069
     362      10.3263
     363       3.9323
     364       7.9672
     365      11.2440
     366      12.2194
     367      15.7917
     368       6.1349
     369      14.1821
     370      12.2199
     371      11.2976
     372       6.3690
     373      14.9607
     374      15.3599
     375      14.7780
     376      16.2733
     377      12.7458
     378      11.8889
     379       8.9908
     380      17.0642
     381      10.0161
     382      15.5552
     383       7.2474
     384      10.8910
     385      12.2905
     386       6.9456
     387      17.9341
     388      20.2643
     389      18.2213
     390      10.5112
     391      14.8348
     392      12.3268
     393      12.5579
     394      15.6740
     395      16.4508
     396       8.1687
     397      13.3193
     398      11.9197
     399      15.0870
     400      20.5692
     401      16.7913
     402      10.4295
     403      12.9026
     404      13.5226
     405      17.5735
     406      15.8767
     407      19.4658
     408       9.9815
     409       2.9350
     410       5.9369
     411      14.3430
     412       5.7900
     413       7.4301
     414      14.4357
     415       7.7355
     416      14.2391
     417      10.0912
     418       6.8818
     419      13.9596
     420      17.4754
     421      12.7619
     422      19.4686
     423      13.5404
     424      10.2431
     425      14.1721
     426       9.1218
     427       5.6104
     428      11.3020
     429      16.5821
     430      15.1214
     431       9.3780
     432      11.2194
     433       6.6512
     434      11.6140
     435      15.1207
     436      17.9651
     437      13.4231
     438      11.5234
     439      15.2865
     440      13.6465
     441      15.3241
     442      11.4657
     443       8.5424
     444       8.5322
     445      15.0994
     446      17.7289
     447      15.3182
     448       5.8109
     449      14.2036
     450       3.4910
     451       9.9099
     452      17.3860
     453      17.0509
     454      10.9658
     455      14.0441
     456      14.0275
     457      19.0068
     458      15.0682
     459      12.0318
     460      13.8883
     461       9.7049
     462      13.3221
     463      15.0580
     464      11.7861
     465      16.6992
     466      13.4799
     467      10.5233
     468      10.3493
     469      14.8565
     470      12.2042
     471      19.6662
     472      10.3066
     473       5.9454
     474      13.2139
     475       7.4505
     476      16.9207
     477       6.6110
     478      16.1937
     479      17.2349
     480      15.2827
     481      13.9326
     482       3.9891
     483      17.6050
     484       6.5131
     485      18.0615
     486       7.3652
     487      20.7397
     488      27.5152
     489      13.6087
     490      11.9156
     491      11.8569
     492      14.8542
     493       7.5869
     494       7.0423
     495      12.0192
     496      12.9946
     497       4.8299
     498      17.5604
     499      15.8311
     500      12.6199
