#Frame   RMSD_TIP_noH
       1       0.0000
       2       4.5130
       3       5.1775
       4       4.0037
       5       4.2187
       6       4.1063
       7       4.7032
       8       4.1577
       9       3.8295
      10       4.6700
      11       4.0990
      12       4.0975
      13       4.5510
      14       4.5861
      15       4.8626
      16       4.8168
      17       4.7241
      18       4.9285
      19       3.5925
      20       4.0571
      21       4.4328
      22       3.5370
      23       4.0495
      24       3.8874
      25       5.8637
      26       4.1103
      27       6.0477
      28       5.4110
      29       4.7027
      30       3.7965
      31       4.7427
      32       3.5553
      33       4.6836
      34       3.0096
      35       3.7864
      36       4.1453
      37       4.4576
      38       4.2977
      39       4.3246
      40       6.9113
      41       3.2176
      42       3.7465
      43       4.0134
      44       3.8597
      45       5.0800
      46       5.3530
      47       4.3961
      48       4.8806
      49       4.0807
      50       4.3042
      51       3.8985
      52       4.9304
      53       4.7701
      54       4.2397
      55       4.5114
      56       4.1955
      57       3.6840
      58       3.2695
      59       3.5942
      60       5.1022
      61       3.8770
      62       5.5647
      63       3.9101
      64       3.7178
      65       5.3922
      66       4.3057
      67       4.7260
      68       4.2763
      69       4.1432
      70       4.7647
      71       4.2062
      72       4.7098
      73       2.8834
      74       5.6459
      75       4.6556
      76       5.3768
      77       4.1826
      78       3.9143
      79       4.1714
      80       5.2498
      81       3.8707
      82       4.0244
      83       5.2106
      84       4.5398
      85       5.1198
      86       5.0569
      87       4.9407
      88       4.3873
      89       4.3040
      90       3.4254
      91       5.3281
      92       3.7051
      93       4.2817
      94       4.5609
      95       4.8495
      96       5.0174
      97       4.2067
      98       4.1409
      99       5.9257
     100       4.3572
     101       5.0162
     102       4.8086
     103       4.8473
     104       4.4217
     105       4.8711
     106       3.4883
     107       5.2601
     108       3.2514
     109       3.8059
     110       4.9925
     111       3.5970
     112       3.6620
     113       3.9796
     114       4.3098
     115       4.1178
     116       4.6641
     117       4.6413
     118       5.2908
     119       6.1705
     120       5.3222
     121       4.2961
     122       5.0143
     123       5.4566
     124       4.4055
     125       4.9165
     126       4.5037
     127       5.4737
     128       5.4454
     129       3.6694
     130       5.6569
     131       4.1131
     132       5.0944
     133       4.8774
     134       4.2636
     135       3.7983
     136       4.2072
     137       4.1116
     138       3.7204
     139       4.7020
     140       3.6729
     141       5.0069
     142       3.8101
     143       4.2108
     144       3.1382
     145       3.3274
     146       4.6774
     147       4.8629
     148       4.3233
     149       5.5337
     150       4.6359
     151       5.7226
     152       4.1801
     153       5.2006
     154       5.1153
     155       4.3136
     156       3.6439
     157       4.5983
     158       5.4367
     159       4.8134
     160       5.0508
     161       4.0956
     162       5.7755
     163       3.7227
     164       4.2546
     165       5.3308
     166       4.2198
     167       4.3435
     168       4.9379
     169       4.9883
     170       3.9666
     171       4.2439
     172       4.2763
     173       3.7498
     174       4.5044
     175       4.7204
     176       5.4978
     177       4.4870
     178       4.0537
     179       4.0636
     180       3.4812
     181       3.9777
     182       3.7365
     183       4.7258
     184       4.7899
     185       4.0532
     186       4.4728
     187       5.2853
     188       4.6206
     189       4.7562
     190       4.5749
     191       4.4533
     192       4.1982
     193       4.0979
     194       4.6633
     195       5.8836
     196       4.5389
     197       5.2159
     198       4.8116
     199       5.1035
     200       3.4556
     201       4.0225
     202       4.2589
     203       4.8618
     204       5.0325
     205       4.9133
     206       4.8298
     207       3.8774
     208       2.6110
     209       5.6052
     210       4.9090
     211       4.7370
     212       4.6142
     213       5.8014
     214       4.1332
     215       4.5364
     216       4.7240
     217       4.5628
     218       5.5684
     219       4.3433
     220       5.1616
     221       5.9894
     222       4.0334
     223       4.8031
     224       4.1468
     225       5.1553
     226       4.1771
     227       3.9591
     228       4.5629
     229       5.1598
     230       5.2049
     231       3.9446
     232       4.4149
     233       3.9165
     234       5.5379
     235       4.4632
     236       5.1945
     237       4.1237
     238       4.2679
     239       4.1703
     240       5.3409
     241       5.0456
     242       4.3109
     243       3.1394
     244       4.7933
     245       4.9922
     246       4.6113
     247       4.4140
     248       4.4619
     249       5.5351
     250       4.5484
     251       4.0421
     252       4.1063
     253       5.4310
     254       5.2177
     255       4.2843
     256       4.6077
     257       3.7971
     258       4.9076
     259       4.4001
     260       2.8744
     261       4.8732
     262       3.6851
     263       5.3732
     264       5.1037
     265       5.2843
     266       4.4815
     267       4.9825
     268       4.9838
     269       4.5368
     270       5.0593
     271       5.4358
     272       5.2483
     273       4.4278
     274       3.7741
     275       3.5104
     276       4.7344
     277       4.2599
     278       4.7745
     279       5.5040
     280       4.9877
     281       3.8788
     282       4.7221
     283       4.5004
     284       4.6194
     285       5.4514
     286       3.9050
     287       4.3273
     288       4.9935
     289       3.5143
     290       3.2736
     291       3.4064
     292       5.3428
     293       4.9658
     294       5.1427
     295       4.0923
     296       4.5801
     297       5.2664
     298       4.3156
     299       3.4527
     300       4.2443
     301       4.7173
     302       5.1677
     303       4.5292
     304       3.2701
     305       3.7362
     306       4.0704
     307       4.4449
     308       4.8534
     309       4.3679
     310       3.6584
     311       4.4222
     312       4.9826
     313       5.6243
     314       3.4043
     315       5.3038
     316       4.9897
     317       4.9833
     318       4.3052
     319       5.0041
     320       4.0894
     321       3.9252
     322       4.9827
     323       5.3478
     324       4.3914
     325       5.1180
     326       5.5649
     327       3.6294
     328       5.2590
     329       4.8888
     330       2.9706
     331       4.8411
     332       4.7557
     333       4.3487
     334       4.8900
     335       4.2070
     336       5.0246
     337       4.7162
     338       5.0027
     339       5.1628
     340       2.8673
     341       5.1067
     342       5.1795
     343       4.7054
     344       4.0535
     345       4.8757
     346       5.6801
     347       3.9584
     348       4.7250
     349       5.3251
     350       5.0574
     351       4.5870
     352       4.9726
     353       4.4788
     354       4.3878
     355       4.7881
     356       3.7525
     357       3.7128
     358       4.5951
     359       4.2018
     360       5.1414
     361       4.5907
     362       3.9289
     363       3.5493
     364       4.8394
     365       4.3319
     366       4.5031
     367       3.7061
     368       4.0707
     369       4.6545
     370       4.4163
     371       4.4644
     372       4.0146
     373       3.5659
     374       4.1536
     375       4.1974
     376       3.8335
     377       4.3838
     378       4.9224
     379       4.7076
     380       5.6242
     381       3.2756
     382       4.2956
     383       3.2844
     384       3.5760
     385       4.0259
     386       5.9212
     387       4.5280
     388       3.6128
     389       5.0703
     390       4.0822
     391       5.6847
     392       5.0711
     393       5.2983
     394       4.5109
     395       4.2640
     396       5.1173
     397       4.0944
     398       5.5651
     399       4.4703
     400       3.7784
     401       3.2939
     402       4.1827
     403       3.1102
     404       5.1071
     405       5.2308
     406       4.2952
     407       2.0249
     408       3.3752
     409       4.9530
     410       5.1276
     411       3.7708
     412       4.1562
     413       5.2099
     414       4.4210
     415       4.1601
     416       4.3270
     417       5.0464
     418       3.9316
     419       3.8929
     420       3.8838
     421       4.7816
     422       3.8934
     423       4.5889
     424       3.6998
     425       4.0491
     426       4.2576
     427       5.6295
     428       3.8557
     429       4.7499
     430       3.5895
     431       5.7140
     432       4.2598
     433       4.1424
     434       3.1387
     435       3.9249
     436       4.6613
     437       4.1851
     438       4.6211
     439       5.0409
     440       4.8000
     441       5.3192
     442       4.4659
     443       4.5886
     444       4.9907
     445       3.5969
     446       4.0904
     447       4.0302
     448       5.2900
     449       4.8697
     450       3.7450
     451       3.9653
     452       4.2758
     453       5.1008
     454       4.3872
     455       5.7904
     456       4.3503
     457       4.5819
     458       4.1487
     459       4.0028
     460       3.4169
     461       4.8787
     462       4.5102
     463       5.1673
     464       4.4876
     465       5.2434
     466       5.1052
     467       3.8167
     468       4.9819
     469       4.5540
     470       4.2240
     471       5.0748
     472       4.8721
     473       4.0275
     474       4.5867
     475       4.9035
     476       5.3310
     477       3.6381
     478       4.2740
     479       4.8841
     480       5.0220
     481       3.8323
     482       5.0338
     483       5.2864
     484       5.1802
     485       3.7948
     486       5.4722
     487       4.7683
     488       3.8662
     489       4.1460
     490       4.7578
     491       5.7595
     492       4.4335
     493       4.2534
     494       5.1337
     495       4.3434
     496       5.0340
     497       5.1526
     498       5.0811
     499       3.1594
     500       4.8590
