#Frame       dist_T_I
       1      10.0849
       2      18.8974
       3      12.0657
       4      11.2935
       5       7.8601
       6      13.5621
       7      13.7260
       8      16.9012
       9      14.1471
      10       8.8658
      11      14.5478
      12      20.1081
      13      13.9060
      14       6.0518
      15      14.1694
      16      13.1339
      17       6.1976
      18      20.1528
      19      11.6750
      20      12.8844
      21      15.7318
      22      14.9317
      23      17.6838
      24      10.5296
      25      13.5195
      26      11.4891
      27      13.3247
      28      21.1242
      29       8.1213
      30       7.2420
      31      16.7523
      32      13.9486
      33      18.9951
      34      12.7545
      35      10.1269
      36      13.6259
      37      17.0759
      38      13.7667
      39      16.3052
      40      12.4017
      41       6.6330
      42      13.8087
      43       6.0146
      44       6.7667
      45       8.5287
      46      13.3981
      47      14.0896
      48      12.0845
      49       8.0200
      50       6.8162
      51       9.7576
      52      16.0383
      53      16.1427
      54       9.2614
      55      18.6254
      56      16.2350
      57      11.0182
      58      16.5592
      59      19.6856
      60      10.9120
      61      16.4048
      62      19.5670
      63      19.7416
      64      10.4839
      65      11.7321
      66       7.2222
      67       4.9266
      68       7.9938
      69      11.1212
      70      17.4058
      71      10.0118
      72      18.0405
      73      12.1311
      74      11.4597
      75       9.3371
      76      11.5720
      77      14.2111
      78      15.7747
      79      14.1402
      80      10.9304
      81      13.8545
      82      17.7646
      83       4.4585
      84      12.6793
      85      13.2391
      86      10.3892
      87       5.8774
      88      18.6380
      89      12.6627
      90      14.7102
      91      10.9845
      92      11.9080
      93       6.1439
      94      22.6856
      95      14.8298
      96       7.1277
      97      10.9640
      98       4.7765
      99      15.6536
     100      15.6371
     101      15.1147
     102      12.4352
     103      13.3197
     104      11.3926
     105      14.1319
     106       8.7254
     107      13.1100
     108      12.7749
     109       9.2229
     110      15.0572
     111       7.2013
     112       9.8156
     113      11.1043
     114      13.9875
     115      14.8587
     116      14.3730
     117       6.5064
     118      14.9453
     119      12.1118
     120      13.7028
     121      15.6417
     122      16.4080
     123      15.6059
     124      15.4840
     125      19.3349
     126      13.0828
     127      16.3687
     128      13.9897
     129      10.3956
     130      13.0090
     131      13.3237
     132      15.7584
     133      11.1125
     134      12.0051
     135      22.3375
     136      13.2172
     137      16.8400
     138      15.7748
     139       7.7705
     140      16.9230
     141      22.1814
     142      10.4287
     143       5.7898
     144      14.9756
     145       6.5998
     146      13.4237
     147      16.5774
     148      11.2650
     149      14.4207
     150      18.1122
     151      18.4847
     152       9.5246
     153      16.1490
     154       9.5469
     155      11.7271
     156      15.8596
     157       9.7200
     158      18.5307
     159      14.0730
     160      18.4872
     161      13.5439
     162      13.3539
     163      19.3800
     164       8.1927
     165       7.8229
     166      16.4206
     167      12.2935
     168      15.4272
     169       8.5264
     170      12.7837
     171      11.6273
     172      11.1734
     173      16.3820
     174       8.9037
     175      11.6691
     176      15.6830
     177       9.4776
     178      12.2059
     179       5.4652
     180       7.1784
     181      14.5048
     182      16.1838
     183      16.2803
     184      11.4612
     185      14.8748
     186      19.0611
     187       5.6771
     188      10.6763
     189      19.9316
     190      17.3111
     191      18.0643
     192      17.4676
     193       7.4100
     194      13.5205
     195      15.5304
     196      12.9313
     197       9.1965
     198       9.4969
     199      15.9939
     200      15.2735
     201       7.3522
     202       9.0315
     203       6.8294
     204      11.3016
     205       9.0540
     206       7.8055
     207      17.2045
     208      16.2284
     209      20.0456
     210       6.3131
     211       8.9722
     212      24.3067
     213       8.0846
     214      10.2119
     215       3.6703
     216      15.4977
     217       4.7624
     218      10.6854
     219       6.1361
     220       6.5277
     221       7.8806
     222      13.9967
     223       8.1707
     224       6.5795
     225      13.0362
     226      10.8275
     227      11.6039
     228       9.5485
     229      17.3237
     230      18.9920
     231      12.3120
     232       8.9795
     233      10.7396
     234      14.8439
     235      16.7073
     236      18.0300
     237      11.0119
     238      14.2712
     239      13.5481
     240       7.2359
     241      14.2362
     242      15.2303
     243      15.0382
     244      11.7128
     245      15.6820
     246      19.5948
     247       6.3074
     248       7.9561
     249       8.5714
     250      18.5795
     251      11.0753
     252      13.1358
     253      11.3437
     254      13.0127
     255      12.7325
     256      13.0958
     257      17.2425
     258       7.4082
     259      11.4099
     260      18.9859
     261       6.1083
     262      18.4792
     263      16.1908
     264      12.0169
     265      13.8547
     266      17.9010
     267      11.8825
     268      11.6789
     269      16.3578
     270      20.0796
     271       6.6165
     272       8.9916
     273      11.8383
     274      14.7219
     275      12.7935
     276      12.5630
     277      16.7732
     278      13.4182
     279      17.2607
     280      12.0675
     281       5.8725
     282      14.8478
     283      11.7151
     284       5.8229
     285      10.1861
     286      13.3530
     287       8.3740
     288      13.3481
     289       6.6024
     290       5.5498
     291      18.3478
     292      15.1630
     293       7.6659
     294      15.6210
     295      11.6691
     296      14.0545
     297      15.9080
     298      12.4829
     299      13.6637
     300      15.4370
     301      15.0392
     302      14.4700
     303      15.7451
     304      12.1081
     305      16.2734
     306      10.8295
     307      15.0271
     308      12.1091
     309      13.9009
     310      10.5444
     311      13.4191
     312      13.0341
     313      12.2604
     314      10.3982
     315       8.6629
     316      12.9774
     317      16.1062
     318      18.7492
     319      13.9089
     320      12.9216
     321      13.7140
     322       5.9043
     323      14.4195
     324      15.9912
     325      16.8544
     326       9.5351
     327      16.1765
     328      12.6333
     329       9.9461
     330      17.5619
     331       6.6598
     332      14.2561
     333      18.7061
     334      16.7929
     335      15.0549
     336      15.7134
     337      10.4385
     338       5.8631
     339      19.6809
     340      11.5200
     341      14.6808
     342      14.6492
     343       7.0407
     344      15.5134
     345       7.2485
     346      17.7249
     347       7.8871
     348      16.9409
     349       6.9359
     350      14.0183
     351       5.5538
     352      18.6320
     353      11.0829
     354      12.2680
     355      10.2356
     356      18.0515
     357      15.7581
     358      12.8452
     359      11.9313
     360      12.1769
     361      12.6192
     362      13.5885
     363      11.4083
     364       9.5066
     365       6.9462
     366      10.8058
     367      15.9793
     368      13.0959
     369       5.8571
     370      19.0161
     371       8.2054
     372      12.8021
     373      13.7194
     374       8.3243
     375      12.4438
     376      11.9964
     377      17.9439
     378      13.2302
     379      11.4924
     380      17.0269
     381      16.3735
     382       6.9793
     383       5.7976
     384      13.9334
     385       8.9003
     386      10.8155
     387      10.0041
     388       6.9939
     389      15.7170
     390      12.2487
     391       6.7489
     392       6.8453
     393      18.9924
     394      12.7906
     395      16.0140
     396      20.0946
     397       7.5893
     398       5.3438
     399      16.1951
     400      12.3132
     401      11.6184
     402      14.8673
     403       7.0967
     404      12.3331
     405      11.0098
     406      12.0054
     407      12.6442
     408       5.7162
     409      10.6251
     410      13.0367
     411      17.7575
     412      17.8724
     413      13.4316
     414      11.7298
     415      17.5400
     416      14.2520
     417      17.8632
     418      17.1050
     419      12.7473
     420      13.3437
     421      21.4424
     422      13.2625
     423      13.0753
     424      12.0342
     425      16.3513
     426      14.0059
     427       8.9314
     428      12.4281
     429      19.1539
     430      13.2128
     431      13.7117
     432      18.3316
     433       5.5709
     434      10.8402
     435      13.1241
     436      13.8312
     437      11.8145
     438      15.6887
     439      14.5576
     440      17.1206
     441       6.5739
     442      14.2179
     443       7.4519
     444      13.8820
     445       8.9860
     446       9.9403
     447       7.6750
     448      15.2712
     449       7.6635
     450      15.1535
     451      13.4306
     452      15.5951
     453      10.6113
     454      14.3089
     455      11.3332
     456      17.2532
     457       6.8821
     458      11.8448
     459      16.9509
     460      18.3229
     461       7.3983
     462      15.9399
     463      12.9958
     464       5.7678
     465      13.6549
     466      17.0608
     467      10.7718
     468      12.0921
     469      14.5595
     470       8.7241
     471      18.0241
     472       4.6291
     473       5.9430
     474      11.6378
     475      10.4155
     476      17.2857
     477      14.8285
     478      11.6907
     479      17.5562
     480       7.9766
     481      11.2148
     482       4.5795
     483      15.9746
     484       5.6664
     485      20.0388
     486      16.7549
     487       7.7339
     488       5.9995
     489       6.2609
     490      14.7829
     491      20.9191
     492      18.5764
     493      13.4480
     494       6.9401
     495      14.2405
     496      13.4471
     497      12.5037
     498      18.3515
     499       4.7055
     500       5.1174
