#Frame       dist_I_P
       1      10.5320
       2       6.4313
       3      14.1534
       4      10.7893
       5       9.0943
       6       9.1490
       7       4.1272
       8       7.9927
       9      14.2044
      10      11.9523
      11       9.5472
      12      13.3473
      13      13.1805
      14      12.4594
      15      11.8255
      16       6.6953
      17       9.2815
      18      11.6429
      19       8.1109
      20       9.2189
      21       7.2129
      22      14.4183
      23      13.0282
      24       7.2660
      25       6.4042
      26      12.8431
      27      13.7673
      28       9.2132
      29       7.4730
      30      11.6079
      31      10.1952
      32       7.3084
      33      10.9378
      34       8.3031
      35      11.6506
      36      10.9448
      37      13.9463
      38       9.6245
      39      13.4812
      40       9.9682
      41       5.5777
      42       6.3783
      43      13.2265
      44       7.6044
      45       9.4378
      46      11.8589
      47      11.6788
      48      11.8275
      49      11.6758
      50      12.6878
      51      11.8966
      52      12.0074
      53      13.3528
      54       9.0336
      55      10.1101
      56       4.0790
      57      11.1163
      58       6.6318
      59      12.2751
      60       6.4653
      61       7.3813
      62      12.8619
      63      13.3883
      64      11.6084
      65      14.3002
      66      12.6498
      67      11.8615
      68      12.0732
      69      11.6979
      70       9.0488
      71      13.8400
      72       6.8671
      73      10.8381
      74      11.6881
      75      10.6551
      76      11.5143
      77      10.6545
      78      10.8140
      79      11.6367
      80      12.7980
      81      11.5277
      82       9.9629
      83       7.5022
      84       8.6930
      85       9.8148
      86       8.5939
      87      14.0709
      88      12.1155
      89      11.4918
      90      12.4739
      91      13.8139
      92       8.0223
      93      11.0055
      94      10.8094
      95      13.5915
      96      10.4552
      97       7.7675
      98       7.1256
      99       6.0627
     100       9.9953
     101      10.5341
     102      10.9347
     103      10.4882
     104      11.7605
     105       6.7904
     106       4.3832
     107       9.6346
     108       7.1685
     109       9.0116
     110      10.7906
     111      11.1568
     112      11.3115
     113       8.4001
     114      10.1847
     115      13.3934
     116      13.5887
     117       6.1010
     118       5.4736
     119       9.2290
     120      11.1169
     121       6.4654
     122       9.9146
     123      11.1458
     124       6.1788
     125      11.3508
     126       8.6841
     127       6.9103
     128       6.0588
     129       5.8801
     130       8.8550
     131      10.2104
     132      12.0616
     133       8.2345
     134       9.9222
     135      13.7199
     136      13.0336
     137      11.3704
     138      11.9422
     139       7.8135
     140      11.1240
     141      13.2097
     142      12.8864
     143      11.6071
     144      12.0158
     145      10.4680
     146      11.7595
     147      12.2226
     148       4.8104
     149      13.1287
     150      12.8827
     151       7.2725
     152       9.2928
     153      13.1181
     154       9.2503
     155      12.5360
     156      10.9845
     157      12.0567
     158       4.4782
     159       9.6099
     160       7.1661
     161       8.8718
     162       9.1663
     163      11.6769
     164       4.8117
     165      11.5277
     166      11.2861
     167       7.1958
     168      12.4346
     169       5.4551
     170       9.5278
     171      13.5811
     172       8.5625
     173      12.2299
     174       9.8971
     175      11.9064
     176      11.0315
     177      11.8375
     178       7.4044
     179       5.4634
     180       6.3010
     181       9.3807
     182      11.4354
     183      12.4410
     184      11.2538
     185       7.4630
     186      10.5239
     187      12.1475
     188      13.3001
     189      11.5568
     190      12.1562
     191      11.1331
     192      12.8736
     193      10.6494
     194       7.3820
     195       8.8964
     196      10.3890
     197      11.1556
     198       4.8133
     199      10.5732
     200      11.4955
     201       9.8121
     202       9.8371
     203       9.2652
     204       9.0225
     205       7.4339
     206       6.7948
     207       6.6946
     208      13.6712
     209      11.8133
     210       8.0148
     211      10.2611
     212      11.1389
     213      10.4764
     214       9.3187
     215       3.6541
     216      12.2313
     217      13.5450
     218       4.9414
     219      11.2871
     220      10.4344
     221       9.9216
     222       6.4903
     223       6.9175
     224       9.8367
     225      11.6736
     226       9.2575
     227       5.9582
     228       4.7187
     229      13.3253
     230      12.3200
     231      10.2465
     232      12.9282
     233       6.9039
     234      10.9219
     235      12.2207
     236       5.6827
     237      12.3482
     238      14.0711
     239      11.6844
     240      10.0734
     241      12.4300
     242      11.7428
     243      10.6442
     244      10.4487
     245       8.3580
     246      12.6166
     247      10.5223
     248      12.1124
     249      13.7928
     250      12.4706
     251      11.7877
     252      12.1577
     253       9.4317
     254      12.2854
     255      12.2739
     256      10.4626
     257       8.7258
     258       6.0811
     259      13.6165
     260      11.1869
     261      10.7885
     262      12.7022
     263       7.2419
     264      11.8121
     265      12.8246
     266      13.1998
     267      13.9601
     268       9.8030
     269       7.9335
     270      14.1273
     271       9.4688
     272      10.6640
     273       8.6436
     274      13.1531
     275      10.0614
     276       6.4567
     277       8.2411
     278      13.1164
     279       7.7152
     280       8.6583
     281      11.8809
     282      12.4511
     283       9.4494
     284       9.9229
     285       7.7185
     286       8.0065
     287      11.5025
     288       6.8214
     289      12.9939
     290      10.3806
     291       9.6339
     292       9.9943
     293      10.0900
     294      13.1041
     295      12.8969
     296      13.8933
     297      14.6140
     298      12.0399
     299      11.6047
     300       6.7667
     301      10.2063
     302      12.1626
     303       7.3266
     304       7.0283
     305      10.8289
     306       9.3699
     307      11.8033
     308       5.3084
     309      10.0184
     310      12.7969
     311      11.1533
     312       8.0573
     313      13.3988
     314       8.4328
     315      12.2412
     316      11.6200
     317       7.3818
     318       6.5333
     319       7.5292
     320       8.1798
     321       5.6284
     322       3.7929
     323       8.4628
     324      10.1205
     325       9.8722
     326      13.5292
     327      12.1107
     328      11.5134
     329      10.1803
     330      14.2122
     331      11.9036
     332      14.1072
     333       5.0953
     334       7.8537
     335       8.5069
     336      13.3003
     337       8.3858
     338      10.2827
     339      11.7334
     340       7.4270
     341      10.7467
     342       7.5508
     343      13.2480
     344      11.9229
     345      11.0037
     346       9.2393
     347      10.0571
     348       7.8788
     349       3.6932
     350      11.5765
     351      12.7634
     352      11.7134
     353       6.0418
     354      11.9467
     355      10.6432
     356       6.2307
     357      12.7826
     358       9.8631
     359       9.4530
     360      12.1202
     361      11.1458
     362      11.8131
     363       7.0010
     364       7.0643
     365      10.1945
     366       6.0772
     367      11.4199
     368      13.1959
     369      13.3136
     370      12.3633
     371       6.1554
     372       6.2710
     373      10.9195
     374      12.2099
     375      11.4424
     376      12.6518
     377       7.0844
     378      12.2079
     379      10.8364
     380       8.4303
     381      11.6447
     382      13.5429
     383      11.3700
     384       6.2419
     385      12.9457
     386      12.2304
     387      13.5337
     388       5.8138
     389      12.7467
     390       6.9166
     391       8.4624
     392       9.2583
     393      12.0416
     394      11.3666
     395      12.0986
     396       9.0603
     397       9.7699
     398       8.3922
     399       6.5126
     400      14.7183
     401       6.9472
     402      12.1407
     403      10.0704
     404      13.4363
     405      11.9539
     406      13.3358
     407      13.3933
     408      12.3205
     409       3.4824
     410       9.4236
     411      13.5591
     412      11.5542
     413      11.2636
     414       8.4118
     415      10.4585
     416      11.8889
     417      12.7085
     418      12.2947
     419      11.0611
     420      14.3623
     421      14.1538
     422       6.1059
     423       7.8345
     424       3.4457
     425       5.7021
     426      10.6893
     427      11.5760
     428      11.9540
     429       7.1877
     430      11.2610
     431       5.3964
     432       8.7570
     433      12.4873
     434       4.9332
     435      12.7803
     436      10.0247
     437      12.7184
     438      12.0677
     439      11.7807
     440      12.2773
     441      12.3617
     442       8.6400
     443      12.6975
     444      14.0018
     445       6.8901
     446      11.0933
     447      10.2270
     448      11.7293
     449      10.1217
     450      12.5127
     451      12.2100
     452       8.0802
     453      10.0011
     454       4.6494
     455      10.0134
     456      10.8536
     457       8.2206
     458      12.7359
     459       6.5150
     460      13.8441
     461      12.5641
     462      11.0246
     463       5.0033
     464      11.7141
     465      12.4848
     466      12.2603
     467      11.9389
     468      10.7471
     469      11.7249
     470      12.2830
     471      10.3187
     472       5.2206
     473       9.6824
     474      14.0353
     475      12.2901
     476       6.7181
     477      10.8550
     478      11.6765
     479      10.0716
     480       5.1469
     481      10.2941
     482      12.0505
     483      12.6281
     484       9.3319
     485      13.6426
     486       8.9350
     487      10.7698
     488      14.3079
     489      10.6645
     490       9.6928
     491      11.2354
     492      11.0332
     493       8.1990
     494       5.4766
     495      11.3812
     496      11.2543
     497       9.3118
     498      12.4037
     499       6.4473
     500      11.4031
