#Res        AtomicFlx
   1.000      10.1659
   2.000       9.4883
   3.000       9.6465
   4.000       9.8073
   5.000       9.8772
   6.000       9.9219
   7.000       9.9281
   8.000       9.9002
   9.000       9.7060
  10.000       9.3962
  11.000       8.9575
  12.000       8.3148
  13.000       7.5212
  14.000       6.5830
  15.000       3.6895
  16.000       6.2386
  17.000       7.3920
  18.000       7.9954
  19.000       7.7547
  20.000       6.6646
  21.000       5.0091
  22.000       3.9532
  23.000       3.4498
