#Frame   RMSD_TIP_noH
       1       0.0000
       2       3.8291
       3       4.4095
       4       3.5275
       5       2.5962
       6       4.3011
       7       4.2055
       8       6.0374
       9       4.5832
      10       5.1721
      11       4.5503
      12       5.5128
      13       4.3398
      14       5.0823
      15       5.2317
      16       4.2290
      17       3.9592
      18       3.6720
      19       5.4782
      20       4.2706
      21       5.0150
      22       5.4894
      23       4.7121
      24       4.0162
      25       3.7125
      26       4.3598
      27       2.6510
      28       4.9318
      29       5.9439
      30       5.4793
      31       4.8096
      32       4.8269
      33       3.8589
      34       4.1617
      35       4.6363
      36       4.0170
      37       3.3299
      38       3.6174
      39       4.0905
      40       5.4419
      41       3.9960
      42       5.1734
      43       4.3732
      44       4.6845
      45       7.3871
      46       3.8443
      47       2.6920
      48       3.6623
      49       3.7301
      50       3.6503
      51       3.3574
      52       3.8553
      53       4.2536
      54       5.3374
      55       2.9650
      56       3.1503
      57       5.5369
      58       3.6209
      59       2.9424
      60       4.5627
      61       5.0313
      62       4.6633
      63       3.2503
      64       5.3080
      65       4.3765
      66       4.6409
      67       4.8524
      68       4.8466
      69       3.5594
      70       3.8851
      71       6.2547
      72       5.6210
      73       3.6313
      74       3.6608
      75       3.8838
      76       3.7671
      77       3.8995
      78       3.2230
      79       4.5331
      80       4.1876
      81       3.9744
      82       3.7417
      83       4.9094
      84       3.3056
      85       5.6212
      86       5.5792
      87       4.5295
      88       4.0061
      89       3.7791
      90       3.6390
      91       3.7386
      92       4.5947
      93       2.9493
      94       1.9854
      95       4.4727
      96       3.6464
      97       4.9429
      98       3.7125
      99       3.3508
     100       4.2721
     101       2.8841
     102       4.4861
     103       4.8761
     104       4.5129
     105       3.8672
     106       4.5792
     107       4.5494
     108       4.8591
     109       4.1930
     110       5.3173
     111       4.9463
     112       4.2050
     113       4.7417
     114       3.6012
     115       4.7378
     116       4.8883
     117       4.1615
     118       4.2959
     119       4.1606
     120       3.1184
     121       3.0656
     122       3.5798
     123       5.3350
     124       4.7789
     125       4.4938
     126       4.1031
     127       5.3589
     128       6.1911
     129       4.1636
     130       5.1769
     131       7.8888
     132       5.5670
     133       5.1597
     134       2.8608
     135       3.8216
     136       5.5106
     137       4.9896
     138       5.3588
     139       5.3564
     140       4.5097
     141       4.6055
     142       4.8095
     143       4.1723
     144       4.1404
     145       2.7167
     146       4.6310
     147       4.5939
     148       3.5845
     149       5.6992
     150       4.6681
     151       5.7366
     152       5.2286
     153       3.3626
     154       2.4300
     155       5.5824
     156       4.3585
     157       3.9332
     158       6.2706
     159       5.1900
     160       3.3535
     161       4.5624
     162       4.6215
     163       3.7186
     164       3.7752
     165       4.7172
     166       2.5236
     167       3.3582
     168       5.3761
     169       4.8441
     170       6.1519
     171       3.0053
     172       3.9277
     173       3.7828
     174       3.1145
     175       4.4864
     176       3.8760
     177       5.2353
     178       4.7793
     179       4.8388
     180       5.8757
     181       3.5434
     182       4.0191
     183       3.8514
     184       6.1087
     185       2.2484
     186       4.0485
     187       4.3352
     188       4.6872
     189       5.4984
     190       3.5164
     191       5.9830
     192       5.3095
     193       3.7271
     194       5.9198
     195       4.6030
     196       2.9095
     197       4.1651
     198       4.3587
     199       4.3646
     200       4.9908
     201       4.5911
     202       5.4413
     203       4.9206
     204       5.5290
     205       5.8174
     206       4.0395
     207       6.1033
     208       3.8704
     209       5.1138
     210       3.3203
     211       5.9838
     212       3.2311
     213       5.4152
     214       3.5516
     215       5.7410
     216       3.4539
     217       5.3460
     218       5.1440
     219       5.7278
     220       4.3849
     221       4.4826
     222       4.3355
     223       4.7447
     224       4.2390
     225       4.9353
     226       3.7878
     227       4.8916
     228       3.4231
     229       5.0619
     230       4.5193
     231       3.7342
     232       3.7851
     233       4.5684
     234       3.7059
     235       5.4831
     236       4.1565
     237       3.3201
     238       3.2339
     239       6.1666
     240       3.6457
     241       4.9173
     242       3.2988
     243       4.5636
     244       4.4131
     245       3.5788
     246       4.3845
     247       5.2687
     248       4.5167
     249       5.1255
     250       3.0096
     251       3.3132
     252       5.7780
     253       4.9004
     254       4.9029
     255       5.3070
     256       5.1255
     257       3.9262
     258       4.7260
     259       4.4508
     260       5.4515
     261       4.7532
     262       3.9974
     263       3.5084
     264       3.6357
     265       3.4952
     266       4.2234
     267       3.2858
     268       4.4414
     269       4.1649
     270       5.2233
     271       4.1051
     272       3.5685
     273       4.1318
     274       3.9811
     275       4.5986
     276       4.1130
     277       4.5296
     278       4.9525
     279       2.2312
     280       4.3773
     281       4.7943
     282       2.9893
     283       4.2859
     284       3.9131
     285       2.9596
     286       3.9019
     287       3.9940
     288       3.2633
     289       3.4676
     290       4.9922
     291       5.1222
     292       3.7587
     293       4.4286
     294       5.0342
     295       4.3876
     296       5.3766
     297       5.1590
     298       3.5922
     299       2.8253
     300       4.6674
     301       6.5125
     302       3.3825
     303       4.9378
     304       2.6835
     305       5.2944
     306       5.1216
     307       4.7426
     308       5.5021
     309       4.7631
     310       5.1857
     311       4.4544
     312       5.7947
     313       5.8961
     314       3.5427
     315       4.6629
     316       4.5190
     317       3.6254
     318       3.9791
     319       4.0484
     320       3.5672
     321       5.0444
     322       4.8654
     323       4.6383
     324       3.5709
     325       4.9233
     326       3.8073
     327       4.4147
     328       5.3412
     329       4.3510
     330       4.8243
     331       3.9963
     332       4.6138
     333       4.0126
     334       5.2604
     335       4.1259
     336       3.7854
     337       3.6402
     338       3.6648
     339       4.2252
     340       3.9630
     341       4.1886
     342       3.6768
     343       3.7333
     344       3.4973
     345       5.4219
     346       3.8743
     347       4.7006
     348       5.6796
     349       4.4917
     350       4.3046
     351       4.2938
     352       4.7330
     353       3.7787
     354       3.6549
     355       3.7334
     356       4.5858
     357       4.8740
     358       4.5853
     359       2.8070
     360       4.6601
     361       4.1429
     362       4.1739
     363       4.5172
     364       5.6635
     365       3.7382
     366       5.6279
     367       4.2139
     368       5.5166
     369       5.2775
     370       3.9357
     371       4.6775
     372       3.9986
     373       3.9979
     374       5.4489
     375       5.1275
     376       5.0960
     377       5.6158
     378       5.7802
     379       4.3107
     380       4.7208
     381       4.3375
     382       5.0941
     383       4.6797
     384       6.4257
     385       4.4536
     386       4.6465
     387       4.3792
     388       3.7815
     389       5.5772
     390       4.1318
     391       4.0891
     392       4.6500
     393       4.9178
     394       4.6244
     395       4.4159
     396       4.8558
     397       5.1368
     398       3.9379
     399       5.3982
     400       3.9594
     401       5.1606
     402       2.9540
     403       5.0445
     404       4.9427
     405       5.4721
     406       4.3152
     407       4.2491
     408       4.7177
     409       5.4702
     410       4.5980
     411       2.8909
     412       5.1238
     413       4.5665
     414       4.8972
     415       4.0360
     416       5.0161
     417       4.7180
     418       3.5871
     419       4.9376
     420       5.1320
     421       3.9255
     422       4.4293
     423       4.6964
     424       5.4028
     425       3.2132
     426       3.4444
     427       5.6040
     428       4.7648
     429       3.9000
     430       4.9010
     431       5.2026
     432       4.4081
     433       3.3257
     434       2.6921
     435       5.0204
     436       4.8689
     437       4.3892
     438       4.0185
     439       5.7811
     440       5.1597
     441       3.3345
     442       4.6471
     443       4.7545
     444       5.0854
     445       4.0972
     446       3.9988
     447       3.8830
     448       5.8132
     449       3.9651
     450       3.8350
     451       3.3621
     452       5.2590
     453       5.0589
     454       4.0319
     455       4.0664
     456       3.3701
     457       4.7831
     458       5.2580
     459       4.4177
     460       4.6571
     461       6.0503
     462       6.6330
     463       4.4675
     464       4.7071
     465       4.5788
     466       4.0416
     467       4.8351
     468       5.0299
     469       4.1410
     470       4.6718
     471       3.9958
     472       4.3827
     473       3.5533
     474       4.6564
     475       4.8859
     476       3.5691
     477       5.4221
     478       5.7652
     479       4.5278
     480       3.1260
     481       4.9520
     482       3.0678
     483       6.3847
     484       4.5011
     485       3.5879
     486       3.1369
     487       3.2133
     488       3.6722
     489       3.9647
     490       5.3540
     491       4.3816
     492       5.2606
     493       3.8390
     494       2.7954
     495       3.2461
     496       4.1716
     497       5.1126
     498       5.5459
     499       4.6918
     500       4.5459
