#Frame   RMSD_TIP_noH
       1       0.0000
       2       5.4433
       3       4.8673
       4       4.9841
       5       2.7929
       6       3.5606
       7       5.6795
       8       3.8186
       9       5.3446
      10       4.7168
      11       5.1010
      12       4.4745
      13       4.4798
      14       3.0240
      15       4.7812
      16       5.0050
      17       5.0203
      18       4.2486
      19       5.8926
      20       3.3444
      21       4.4621
      22       5.1868
      23       5.2741
      24       4.7538
      25       4.0501
      26       4.0370
      27       4.2187
      28       4.7335
      29       3.3988
      30       4.4554
      31       4.2667
      32       3.3693
      33       4.4979
      34       3.3345
      35       4.8375
      36       5.4614
      37       5.4833
      38       5.8000
      39       4.6775
      40       4.2497
      41       4.6390
      42       5.2778
      43       3.6840
      44       3.9174
      45       3.9204
      46       4.1936
      47       4.1731
      48       4.1412
      49       4.9703
      50       3.9097
      51       5.6516
      52       3.6413
      53       5.2454
      54       5.5499
      55       4.9246
      56       3.4525
      57       4.1571
      58       3.9053
      59       4.2686
      60       2.6334
      61       4.7658
      62       4.8412
      63       5.3927
      64       3.9934
      65       4.7283
      66       3.8465
      67       3.6763
      68       4.0681
      69       3.9675
      70       5.2253
      71       4.8468
      72       4.8364
      73       5.1581
      74       3.7785
      75       4.4026
      76       4.1155
      77       5.5096
      78       3.7251
      79       3.9401
      80       4.4208
      81       5.0797
      82       5.3195
      83       4.4828
      84       3.9170
      85       4.9507
      86       3.8595
      87       4.2973
      88       4.5676
      89       4.5228
      90       3.4181
      91       5.2059
      92       4.1707
      93       4.9577
      94       4.6849
      95       5.5836
      96       4.9368
      97       3.3178
      98       3.0442
      99       4.6834
     100       4.7431
     101       3.5957
     102       4.2191
     103       3.7083
     104       3.5357
     105       3.9720
     106       5.2903
     107       5.7199
     108       4.5673
     109       4.7975
     110       4.9572
     111       2.8084
     112       3.0680
     113       4.8669
     114       3.9431
     115       4.5522
     116       5.4210
     117       3.9694
     118       5.3496
     119       2.4294
     120       4.3409
     121       5.0284
     122       5.3221
     123       5.8644
     124       4.2359
     125       5.2185
     126       4.6797
     127       4.9385
     128       4.1692
     129       2.8159
     130       4.4918
     131       5.6375
     132       5.1635
     133       3.6673
     134       4.7399
     135       5.6498
     136       6.2951
     137       4.0278
     138       3.8694
     139       4.1886
     140       5.4335
     141       6.6066
     142       4.6370
     143       4.7248
     144       5.5627
     145       5.2595
     146       4.8958
     147       4.7832
     148       4.9379
     149       5.4105
     150       4.7282
     151       4.6866
     152       4.2487
     153       5.2056
     154       3.4540
     155       4.1943
     156       5.4958
     157       4.1460
     158       3.9868
     159       4.6582
     160       5.2504
     161       5.4939
     162       3.2552
     163       4.7466
     164       4.9884
     165       5.1815
     166       4.4041
     167       4.4334
     168       4.7059
     169       5.0702
     170       3.9203
     171       3.7428
     172       4.9670
     173       4.5600
     174       3.8039
     175       4.8494
     176       3.9290
     177       4.8674
     178       5.4685
     179       4.3243
     180       4.6680
     181       4.4341
     182       5.5197
     183       6.2691
     184       5.1330
     185       3.8731
     186       4.3090
     187       4.5180
     188       4.6851
     189       5.5132
     190       3.7105
     191       3.7513
     192       4.7199
     193       4.3672
     194       4.3329
     195       5.4241
     196       5.0366
     197       4.8526
     198       4.9124
     199       3.9870
     200       5.4512
     201       4.2402
     202       3.8881
     203       5.3693
     204       4.4254
     205       2.6827
     206       4.4049
     207       5.1390
     208       5.2529
     209       5.2325
     210       5.3685
     211       4.3985
     212       5.1838
     213       4.2313
     214       4.1131
     215       4.1415
     216       5.2214
     217       4.2869
     218       3.7402
     219       3.2728
     220       3.5342
     221       5.3710
     222       3.3103
     223       3.8538
     224       4.1131
     225       4.8915
     226       5.3062
     227       4.7704
     228       4.9387
     229       5.2739
     230       5.5963
     231       4.9733
     232       3.9292
     233       4.7755
     234       6.1104
     235       6.1096
     236       4.2251
     237       5.4805
     238       6.0341
     239       4.7130
     240       4.7066
     241       5.4161
     242       4.4926
     243       4.9336
     244       3.7087
     245       3.8253
     246       5.3223
     247       3.0010
     248       3.3243
     249       5.5970
     250       5.2303
     251       5.1206
     252       4.7988
     253       3.2604
     254       5.2168
     255       3.1229
     256       5.1932
     257       4.4684
     258       4.1878
     259       4.3319
     260       4.9900
     261       4.0642
     262       4.7805
     263       3.8300
     264       4.6467
     265       3.5197
     266       4.7818
     267       4.5839
     268       4.1271
     269       4.7467
     270       5.9803
     271       3.0924
     272       4.7129
     273       5.8595
     274       4.0804
     275       3.4358
     276       4.1825
     277       5.0978
     278       5.3831
     279       3.9906
     280       4.8536
     281       3.7071
     282       4.1828
     283       4.7320
     284       4.5485
     285       3.8572
     286       5.7075
     287       4.1632
     288       4.6204
     289       4.4951
     290       4.3571
     291       4.1424
     292       5.5938
     293       3.8259
     294       4.1515
     295       4.0345
     296       4.4757
     297       4.4792
     298       4.3175
     299       4.8721
     300       3.3809
     301       3.9467
     302       4.5008
     303       3.5259
     304       4.9275
     305       5.1484
     306       3.1950
     307       4.6240
     308       2.8791
     309       1.9997
     310       4.5955
     311       5.2171
     312       4.5773
     313       4.6249
     314       5.5313
     315       5.1423
     316       5.0402
     317       4.3712
     318       5.9012
     319       2.7508
     320       4.4082
     321       5.5971
     322       4.6253
     323       2.7833
     324       4.4757
     325       4.6460
     326       5.4497
     327       5.0497
     328       4.1049
     329       5.0302
     330       4.5888
     331       3.1316
     332       5.0956
     333       3.0106
     334       4.2907
     335       4.7960
     336       5.3333
     337       4.8452
     338       4.3297
     339       6.1833
     340       3.7848
     341       5.3400
     342       4.3413
     343       4.3660
     344       5.0274
     345       4.4812
     346       4.1179
     347       4.6707
     348       4.0481
     349       5.1121
     350       3.3782
     351       3.3245
     352       3.7407
     353       2.9875
     354       3.9200
     355       4.9363
     356       3.8969
     357       4.0507
     358       6.0903
     359       5.7480
     360       5.1157
     361       6.0297
     362       4.0937
     363       3.6047
     364       4.6889
     365       4.0323
     366       3.8811
     367       5.9563
     368       5.2344
     369       4.0891
     370       5.7991
     371       3.9970
     372       2.9037
     373       5.5314
     374       4.6576
     375       5.7630
     376       3.0340
     377       4.1333
     378       2.8100
     379       5.4756
     380       5.5838
     381       3.9454
     382       4.8555
     383       3.7368
     384       4.8840
     385       5.4576
     386       5.0616
     387       4.7405
     388       3.2005
     389       5.7469
     390       3.5332
     391       3.4538
     392       3.9388
     393       5.0781
     394       3.3606
     395       4.6480
     396       4.6042
     397       4.5363
     398       5.1142
     399       4.5896
     400       5.3252
     401       2.5772
     402       3.6875
     403       4.1309
     404       3.8704
     405       5.1539
     406       5.0234
     407       4.8906
     408       4.1959
     409       4.4724
     410       3.9165
     411       5.0325
     412       4.0776
     413       5.4746
     414       3.4851
     415       5.4657
     416       4.4692
     417       6.0692
     418       4.4678
     419       3.4216
     420       4.3084
     421       6.0610
     422       4.5937
     423       3.1841
     424       4.6189
     425       3.7592
     426       4.8108
     427       4.9011
     428       4.6255
     429       5.0400
     430       5.1133
     431       4.2621
     432       5.3300
     433       4.4475
     434       4.2758
     435       4.6725
     436       5.0716
     437       4.9399
     438       5.7547
     439       5.5103
     440       5.6510
     441       4.0551
     442       3.7380
     443       3.9982
     444       5.8646
     445       3.8149
     446       4.0161
     447       4.2969
     448       3.6029
     449       5.1469
     450       4.1459
     451       3.9815
     452       3.2431
     453       5.1813
     454       3.9921
     455       6.0799
     456       3.6720
     457       4.3746
     458       5.2954
     459       3.6905
     460       5.3341
     461       5.6318
     462       4.3369
     463       3.6361
     464       5.1391
     465       5.6345
     466       4.1121
     467       4.6562
     468       4.0366
     469       4.6308
     470       6.0204
     471       4.8859
     472       4.9591
     473       4.6865
     474       3.5907
     475       3.2832
     476       3.8412
     477       3.6629
     478       2.4437
     479       3.9100
     480       4.6553
     481       5.0948
     482       2.6039
     483       5.6848
     484       4.8377
     485       3.9614
     486       4.8129
     487       3.8670
     488       4.0936
     489       3.2275
     490       3.3703
     491       5.6825
     492       4.1643
     493       5.5198
     494       4.9372
     495       5.7824
     496       4.3386
     497       2.6090
     498       5.5948
     499       3.7544
     500       3.8039
