#Res        AtomicFlx
   1.000      10.0527
   2.000       9.1092
   3.000       9.1012
   4.000       9.1855
   5.000       9.0957
   6.000       8.5510
   7.000       7.5753
   8.000       6.4031
   9.000       3.8279
  10.000       5.9670
  11.000       7.6227
  12.000       8.6192
  13.000       9.2199
  14.000       9.5185
  15.000       9.6318
  16.000       9.5690
  17.000       9.4879
  18.000       9.3688
  19.000       8.9947
  20.000       8.3756
  21.000       7.4513
  22.000       6.0873
  23.000       3.6874
  24.000       2.5917
