#Frame         global     SA_00002     SA_00003     SA_00004     SA_00005     SA_00006     SA_00007
       1    5978.1362     339.1311     263.2267    2858.4953     554.5221    1032.1540     930.6070
       2    5546.8142     348.5347     403.8030    2099.4841     518.7399    1381.5904     794.6620
       3    6017.0922     381.9040     349.4157    2923.5160     498.9720    1108.3490     754.9354
       4    6466.2838     359.6719     350.8476    2964.1667     485.8897    1443.3680     862.3400
       5    5556.9615     537.0334     525.0597    2225.9124     370.2848    1069.5029     829.1683
       6    6639.2578     616.9882     430.4839    3098.0592     418.5253    1479.0742     596.1271
       7    4705.5897     310.1313     276.1012    2088.3283     412.9845     974.5700     643.4745
       8    6469.8158     395.7482     333.4873    3153.8966     526.8217    1346.5826     713.2794
       9    6355.1559     321.9600     442.2667    2897.0411     510.3934    1226.0748     957.4198
      10    6125.0296     382.4422     427.3370    2773.2212     582.8594    1121.8018     837.3679
      11    6283.7455     497.7251     359.9520    2748.2655     491.2862    1471.0270     715.4897
      12    5708.0369     609.2730     521.6640    2232.1788     468.0970    1264.3369     612.4873
      13    5527.8251     353.0125     317.2436    2800.5638     368.6748     963.0625     725.2680
      14    5694.3565     372.4758     466.4244    2511.6226     438.9668    1015.5393     889.3275
      15    8400.7380     687.6788     477.2510    3796.2769     727.6839    1627.0013    1084.8461
      16    6629.2479     540.6670     463.7156    3152.5066     430.0601    1289.5858     752.7129
      17    5959.1041     328.4267     274.4457    3016.0161     392.1064    1112.6662     835.4430
      18    6096.8565     312.4644     262.9193    2737.7082     567.3691    1607.1654     609.2302
      19    5686.4735     425.6163     345.5094    2611.5732     440.2040    1092.5766     770.9940
      20    5927.5637     451.8803     411.2852    2761.1655     511.9606    1255.2935     535.9786
      21    5722.4217     569.6433     571.8469    2169.3928     417.8016    1398.1231     595.6141
      22    5551.6786     554.5211     399.1652    2341.8959     454.4438    1025.2982     776.3544
      23    5332.8511     430.3235     297.2238    2266.1779     538.1941    1165.3001     635.6316
      24    7426.0013     616.9611     591.6428    3238.2659     559.8353    1728.0456     691.2506
      25    6768.4960     698.7724     574.3330    2628.4024     443.9606    1373.9567    1049.0709
      26    5729.5647     487.7647     530.8661    2184.9941     499.0923    1364.4693     662.3782
      27    6204.2583     363.5383     327.0557    3167.1179     440.7322    1166.3977     739.4164
      28    5614.2523     471.1170     526.1885    2256.6274     486.0426    1193.7190     680.5577
      29    6103.2919     379.8051     307.9863    2873.9467     536.4196    1245.1796     759.9546
      30    6416.2091     439.6952     355.3646    2963.0247     579.6864    1158.6845     919.7537
      31    5255.2642     450.6016     388.9093    2239.3531     413.5375    1038.1707     724.6921
      32    5222.2370     327.3708     348.8572    2213.3026     448.9329    1138.8802     744.8932
      33    5842.3573     363.0244     258.8756    2908.6261     404.9569    1194.6695     712.2049
      34    6192.2120     448.4743     341.1725    2779.1656     411.0323    1482.1420     730.2254
      35    5956.9385     409.8727     302.9105    2777.1637     381.7358    1369.1005     716.1553
      36    6112.3145     418.9605     362.6240    2635.9619     480.1508    1404.4661     810.1512
      37    5143.4464     376.2847     314.5040    2437.1228     450.3444     966.4621     598.7284
      38    4398.5668     386.4529     282.9987    2036.8620     320.5579     893.0178     478.6776
      39    5832.9494     576.3340     478.6898    2283.1594     523.0318    1223.5047     748.2298
      40    5463.7153     447.4250     373.3986    2675.6406     402.5798     809.9613     754.7099
      41    5969.5808     615.0385     460.4731    2837.9980     351.9321    1183.3147     520.8242
      42    6240.2624     445.5097     450.0504    2799.4303     602.9819    1404.8945     537.3956
      43    6561.4098     503.6985     385.1792    3104.8129     539.0323    1195.5985     833.0884
      44    4989.2931     323.3930     272.2453    2386.3313     377.8970     889.6918     739.7347
      45    7924.2345     556.8057     419.3564    3617.0620     754.5931    1583.3217     993.0956
      46    7892.4842     489.3162     455.3294    3842.1614     459.7110    1518.7071    1127.2591
      47    6676.5706     494.0704     489.2752    2932.7056     498.4168    1541.1012     721.0014
      48    6170.1743     328.2147     328.1067    2733.4472     434.9129    1664.8276     680.6653
      49    5842.5049     531.3122     413.8731    2794.0799     475.4919    1060.6569     567.0908
      50    5909.9449     599.4186     438.3910    2475.6932     438.4553    1171.8189     786.1679
      51    5348.2923     569.5859     400.2752    2221.6041     411.1404    1035.5484     710.1383
      52    6572.2762     598.2538     671.6587    2502.0426     647.9722    1346.9568     805.3921
      53    6569.7619     445.5602     399.2539    3213.0996     502.7851    1475.6257     533.4375
      54    6758.2718     407.6483     423.5058    3031.9798     613.1375    1367.8588     914.1415
      55    5493.7029     500.2978     333.5668    2367.9679     534.0388    1079.5363     678.2952
      56    5070.1391     354.9368     286.9157    2256.1470     511.7997     962.2511     698.0888
      57    5162.1986     418.2337     330.6220    2050.4759     382.6565    1350.5241     629.6864
      58    6201.2291     708.3932     428.7279    2572.8808     546.8483    1216.9567     727.4222
      59    5527.3626     338.4710     267.4532    2799.3835     423.2246    1077.4735     621.3568
      60    5776.4573     340.7038     288.9508    2521.9704     541.8471    1183.7749     899.2102
      61    6285.0925     668.9881     527.6498    2533.2190     525.3301    1154.8429     875.0627
      62    6895.0394     622.5335     424.3649    3039.8675     515.0656    1613.2711     679.9369
      63    6116.9275     381.2690     466.7554    3001.2836     386.1500    1369.4847     511.9848
      64    4796.1190     463.2065     397.4181    2128.4945     306.8435    1019.7746     480.3818
      65    5071.6338     308.8981     218.3786    2430.3590     401.2826     910.3458     802.3696
      66    5724.2101     342.6478     325.5796    2762.2827     513.2599     971.4874     808.9527
      67    6122.5531     423.9938     489.2555    2630.6066     513.4447    1152.8826     912.3698
      68    4819.5790     462.1536     408.0184    2021.5037     293.5060    1070.8705     563.5269
      69    4485.7103     324.5891     279.7132    1747.3235     306.5741    1224.4563     603.0543
      70    4904.8922     319.7622     390.3344    1922.3032     413.4513    1165.0066     694.0344
      71    6239.2100     344.3437     290.9269    3177.6548     458.2600    1147.4724     820.5522
      72    5907.4171     366.4546     508.5469    2283.0991     577.2817    1408.1277     763.9071
      73    7424.9288     582.6246     632.6216    3161.3676     580.3775    1505.2974     962.6401
      74    4383.9645     425.9160     334.9693    2036.2733     301.2189     817.8143     467.7726
      75    6010.9570     397.9202     343.8929    2611.6999     573.1016    1192.5568     891.7856
      76    5887.9883     341.3842     273.3290    2635.7499     560.2072    1260.4270     816.8910
      77    6490.2054     505.2396     381.9385    3143.4297     565.4563    1062.4853     831.6560
      78    6742.7230     322.0663     285.6744    3018.7938     613.7676    1627.1291     875.2918
      79    7752.3902     841.4031     633.2044    3031.0427     518.0736    1880.3164     848.3501
      80    4860.0055     374.4284     274.9779    2117.9364     452.0275    1051.2808     589.3545
      81    4922.2039     408.8410     349.0943    1784.1712     399.7093    1361.9273     618.4607
      82    5906.5191     348.5693     268.5167    2939.3259     381.4203    1099.2143     869.4726
      83    6006.9935     432.3770     489.0022    2678.8251     507.3144    1046.1576     853.3172
      84    5930.8474     319.2886     248.4080    2931.0760     559.1548    1198.4750     674.4450
      85    5475.5661     426.5947     300.6784    2369.8907     371.8178    1385.4847     621.0997
      86    6167.9726     344.4308     339.1458    2937.1495     595.6254    1110.6326     840.9886
      87    6390.9964     372.2960     417.2721    3110.2870     501.4137    1068.5115     921.2161
      88    7050.3507     640.6585     444.5682    3422.0901     508.5663    1367.8168     666.6509
      89    5839.0276     679.4109     525.9941    2429.8496     507.5459    1159.3871     536.8401
      90    6743.7528     432.8651     314.4843    2976.7888     641.8133    1559.8369     817.9643
      91    7751.8002     362.1603     360.4832    3620.9897     594.0305    1717.0303    1097.1061
      92    6083.7004     650.0044     505.2032    2379.9697     445.4112    1334.1650     768.9469
      93    6555.0046     402.3006     398.2621    3384.2612     476.4159    1176.7851     716.9796
      94    6085.9944     390.1920     298.4304    2938.0371     495.6239    1203.8506     759.8605
      95    4477.8095     315.9149     220.2935    1866.0366     333.9947    1147.4816     594.0880
      96    5323.9489     436.8438     357.6106    2493.8297     393.6582    1047.0954     594.9112
      97    6570.7913     309.8572     291.9587    3109.5457     563.2074    1578.3299     717.8924
      98    7451.8360     557.2627     389.8915    3027.1984     826.8828    1653.3999     997.2006
      99    6183.3267     430.8227     339.4484    2841.2343     461.5523    1509.7420     600.5271
     100    6563.1027     752.6783     414.6487    2998.6164     591.2359    1090.1130     715.8105
     101    6448.1274     436.5567     472.0925    2904.4656     504.0026    1388.2678     742.7422
     102    5933.4564     335.0788     274.3057    2783.0428     469.1618    1270.4298     801.4375
     103    4861.8077     333.2746     353.5433    2085.1931     397.3070    1194.9044     497.5853
     104    5551.4043     608.4998     471.0886    2483.4911     358.9736    1038.7231     590.6280
     105    5475.5972     486.6274     416.2179    2385.8180     511.1171    1079.5855     596.2312
     106    4957.7712     358.3501     294.8647    2456.4796     343.7789     930.3151     573.9828
     107    4899.1558     404.7014     329.3540    2113.9963     405.4411    1168.3697     477.2933
     108    6439.6664     350.9702     300.1368    3169.4303     582.7342    1188.0846     848.3104
     109    6220.3298     397.6710     371.7322    3028.3911     545.3419     980.8912     896.3023
     110    6865.9932     520.9538     556.5715    2650.2002     486.1823    1826.4433     825.6421
     111    6732.8969     374.4435     361.0358    3140.9739     478.7979    1492.7486     884.8972
     112    5416.6194     390.9530     373.6563    2641.5370     389.8893    1152.4892     468.0945
     113    6057.2155     613.4842     488.2437    2777.2763     456.1927    1037.2706     684.7479
     114    6489.2195     355.8096     418.1133    3152.7149     556.8107    1175.3285     830.4425
     115    6135.4620     603.7250     500.7392    2765.1542     369.3562    1145.4410     751.0464
     116    5034.1942     476.4861     329.7745    2256.8335     378.0219     880.3619     712.7163
     117    6110.7199     519.9685     349.9388    2808.0081     383.9002    1475.1515     573.7528
     118    5811.4122     332.0850     276.6357    2646.0225     499.2118    1330.4734     726.9837
     119    7648.6715     386.3328     473.7976    3693.1383     769.1795    1384.1177     942.1055
     120    6347.2202     574.3764     354.1345    2891.5550     476.3135    1211.1269     839.7140
     121    4611.3671     375.3372     289.8014    2031.1283     364.3662    1002.6266     548.1074
     122    6306.8173     592.2216     597.8800    2465.2127     454.4984    1363.9181     833.0865
     123    6458.0685     500.1163     400.6552    3115.3171     546.3554    1091.9748     803.6496
     124    5564.7863     597.1767     525.4099    2348.2666     421.8744    1187.5071     484.5517
     125    8379.8298     505.9884     637.1028    3696.8102     626.5311    1852.1845    1061.2129
     126    7150.8833     730.4044     479.0693    3422.2815     569.4061    1454.6627     495.0594
     127    5564.7256     313.2536     284.4190    2548.4945     494.6629    1151.1165     772.7791
     128    6061.5703     487.6397     462.8909    2668.0362     471.8805    1086.0122     885.1108
     129    5279.3532     683.8891     437.8436    1959.7164     468.2745    1099.8328     629.7968
     130    5478.4080     362.0091     366.1506    2517.1823     462.3115    1073.0186     697.7358
     131    6798.6064     382.0597     362.3205    3023.4519     629.7490    1490.4572     910.5680
     132    5711.8607     443.3933     465.9449    2731.0034     389.8488    1197.5377     484.1326
     133    4676.7492     362.0169     294.2882    2150.9444     369.6430     986.3346     513.5221
     134    8255.1609     672.0796     629.6489    3098.8295     699.4218    1812.4526    1342.7284
     135    7072.2437     620.9652     430.9312    3091.9505     451.8266    1575.3800     901.1901
     136    5113.1787     381.9508     323.1094    2386.7971     428.3895    1045.4348     547.4971
     137    5482.2152     605.2052     395.4408    2372.7366     313.6588    1225.1658     570.0080
     138    7214.5284     522.9203     613.4664    2939.2500     487.4116    1700.7617     950.7183
     139    7149.9664     411.1856     478.3666    3346.0142     678.5633    1276.7484     959.0883
     140    6635.3043     479.3806     535.7965    2599.4621     539.7344    1455.8303    1025.1004
     141    5436.6467     345.6154     255.0735    2409.2290     455.1958    1460.0618     511.4711
     142    4541.6633     363.7561     380.3512    1941.9056     336.8692     938.4868     580.2945
     143    6269.9606     318.4232     276.8037    2702.9264     673.4557    1506.4187     791.9329
     144    6974.8942     405.7642     366.4210    3588.1504     444.7664    1305.4263     864.3660
     145    6193.3716     636.9064     491.4352    2628.5518     529.2932     960.0541     947.1309
     146    6067.8954     363.9964     373.4362    2944.1338     591.7273    1180.5635     614.0383
     147    4926.6932     427.9881     369.8065    1995.7822     393.7286    1044.9611     694.4267
     148    5336.4110     436.8041     315.2968    2444.6573     457.9775    1164.7495     516.9260
     149    5529.6980     468.7256     308.7521    2709.7685     395.4397    1000.3273     646.6848
     150    6390.9716     328.1143     280.5436    2995.3611     592.6332    1489.9939     704.3255
     151    5098.3750     329.4982     286.7779    2374.5145     391.1789    1174.9082     541.4973
     152    5903.5802     361.3450     355.9041    2616.7918     603.4558    1153.4544     812.6291
     153    6570.9905     523.0970     419.7146    2758.6027     349.7059    1762.2479     757.6223
     154    5239.5212     418.9034     332.5970    2073.2827     430.2473    1433.9995     550.4912
     155    6591.4245     423.7041     301.5477    3224.1970     548.1652    1508.8352     584.9754
     156    5496.9436     322.3658     288.6844    2200.1623     484.6004    1423.6079     777.5227
     157    8392.4838     892.1379     464.7025    3678.6355     664.2036    1775.7589     917.0454
     158    6600.5062     536.6393     435.0440    3068.2173     490.3799    1343.7737     726.4519
     159    6772.2294     479.4553     535.4607    2766.5730     537.7438    1569.0956     883.9010
     160    4821.8455     486.7119     418.4300    2084.0617     348.5065     904.3711     579.7643
     161    6040.6515     387.5153     299.7182    2579.6450     598.3925    1411.6841     763.6964
     162    5835.6240     417.3326     491.6071    2293.4289     542.1858    1303.1150     787.9546
     163    5524.6590     350.7464     342.1789    2615.1482     425.1248    1261.7726     529.6880
     164    6591.2611     444.4181     472.8094    3036.4461     648.2414    1368.4958     620.8502
     165    5779.2924     547.0415     366.6575    2622.4745     489.8716    1277.5913     475.6559
     166    5497.4552     364.0483     431.1103    2318.3256     451.8207    1412.7407     519.4096
     167    6020.6362     511.5815     380.5153    2641.5572     532.9199    1292.7004     661.3619
     168    6139.4396     445.1544     396.4625    2692.7145     457.7938    1310.9823     836.3322
     169    7142.9088     502.0069     454.2435    3459.0907     629.9230    1189.8715     907.7732
     170    5406.6823     309.7243     318.7216    2587.7158     343.7425    1287.8073     558.9708
     171    6633.9435     597.3607     414.3140    3102.8309     448.3142    1575.5136     495.6102
     172    4563.2850     292.6813     279.1176    1985.0257     430.5265     891.8199     684.1140
     173    5870.9387     447.1075     416.0692    2413.1484     516.8408    1174.8209     902.9520
     174    6656.1401     377.2601     367.0687    3265.1695     620.5744    1062.8281     963.2393
     175    5392.9116     325.2432     320.8175    2324.3297     494.8458    1264.8868     662.7886
     176    6434.5535     548.6911     387.9256    2821.8476     523.8077    1376.7436     775.5378
     177    7184.3152     539.2079     421.7624    2944.0674     476.9957    1879.6450     922.6369
     178    6735.8825     463.0397     386.5098    2879.1202     624.8721    1633.6035     748.7371
     179    7667.6780     739.5584     523.7157    3445.2459     638.7618    1571.3691     749.0270
     180    5313.1546     454.4998     371.3697    2246.9784     350.2845    1293.9597     596.0624
     181    5771.3288     341.7349     376.6875    2745.1627     423.7169    1290.3141     593.7127
     182    4813.6300     364.9559     279.7825    2051.7839     329.1598    1155.5908     632.3570
     183    5396.6402     527.8503     437.1306    2314.5428     503.5586    1068.8648     544.6931
     184    4780.5033     339.1670     289.3918    2303.0863     370.4014     876.9934     601.4634
     185    6898.0196     399.3456     472.1484    2825.3263     788.8411    1504.2988     908.0594
     186    5625.8529     305.5188     223.4746    2843.3839     473.3201     978.2456     801.9100
     187    7031.3737     355.1137     340.4473    3170.9046     502.5561    1615.5385    1046.8135
     188    5228.5891     418.9011     329.7240    2633.7381     323.1159     909.6786     613.4313
     189    6827.4668     323.5549     252.9384    3360.8408     516.3479    1613.3047     760.4801
     190    5830.2411     409.1271     336.8945    2508.0162     547.7647    1187.1327     841.3060
     191    6886.9718     378.5613     371.1839    3448.1120     535.4805    1201.6016     952.0324
     192    5357.0969     394.6742     401.6764    2196.4181     396.0267    1273.8692     694.4324
     193    6344.1000     604.1401     597.2733    2262.3191     491.0093    1683.9596     705.3986
     194    5254.4082     393.7533     328.6976    2546.8874     374.2440     851.3784     759.4476
     195    7130.4859     627.6714     480.2793    3560.4782     619.2015    1022.9234     819.9318
     196    5778.6635     508.7835     329.3029    2418.8658     559.0253    1198.9235     763.7626
     197    6542.4925     546.2250     392.8811    2740.3167     392.6287    1806.3933     664.0477
     198    5030.1583     431.5528     379.8921    2454.8663     370.1811     882.9841     510.6820
     199    8132.3989     688.9081     468.9455    3820.8949     710.3272    1684.9786     758.3445
     200    5175.1431     465.1023     521.9930    2193.9875     363.6198     957.9511     672.4894
     201    6925.6844     408.8298     385.9101    3182.5347     613.1816    1414.5786     920.6496
     202    5559.8806     454.3300     318.6865    2440.9353     473.4029    1292.7095     579.8164
     203    6027.5405     547.9212     626.2751    2113.2009     540.7277    1486.7204     712.6952
     204    4951.3467     414.7319     356.9431    2222.0247     386.4858     925.3766     645.7845
     205    6075.6640     415.2118     496.3881    2553.2549     475.8228    1281.1260     853.8604
     206    4684.3394     353.5878     293.1376    2141.2021     303.0983    1102.0925     491.2211
     207    5938.2227     655.2490     473.7937    2218.4933     510.0469    1343.7791     736.8606
     208    6908.7375     331.1294     310.5087    3395.0671     602.2466    1588.8424     680.9433
     209    6552.2287     482.8092     419.2793    3299.7344     551.5606    1017.7379     781.1074
     210    6397.6018     345.6579     306.5759    2965.0364     659.5551    1189.1478     931.6287
     211    4894.2587     434.4665     328.1775    2364.0693     336.4175     914.7335     516.3944
     212    6515.5152     379.9837     357.2500    3213.2861     454.9086    1325.6784     784.4084
     213    5033.2026     311.9358     285.7755    2170.0203     458.3508    1142.4167     664.7035
     214    5421.5253     329.3649     268.6145    2491.2664     531.0097    1148.3924     652.8774
     215    6231.5963     507.6393     382.2793    2814.1952     492.1023    1131.3206     904.0596
     216    7599.8291     582.3844     452.6865    3864.2364     541.0374    1250.1277     909.3566
     217    5259.0046     332.3249     301.7443    2517.0649     418.0778     953.2278     736.5649
     218    5331.2605     367.0317     362.0826    2530.5343     462.4020     942.3678     666.8420
     219    5346.5077     370.1695     350.4160    2542.2771     385.5433     987.2465     710.8553
     220    5345.6559     402.0979     417.8006    2477.3153     510.0052    1024.7410     513.6960
     221    6746.1656     372.2198     471.4199    3348.2283     584.4646    1072.5011     897.3318
     222    6720.3870     592.8078     470.8181    2573.8865     563.6829    1790.8560     728.3357
     223    6490.8142     715.2624     483.9764    2890.9038     566.3723    1089.1904     745.1088
     224    5456.8166     549.3310     380.8782    2455.6139     388.2471    1058.8773     623.8691
     225    5921.4659     472.2097     333.8580    2485.0389     548.2106    1280.8903     801.2585
     226    6742.3908     468.3928     633.1829    2565.2550     683.6570    1411.6269     980.2761
     227    6162.9488     514.4539     445.9024    2565.2463     533.7330    1201.8054     901.8079
     228    5529.9852     344.5052     298.7383    2692.6379     463.8410     941.3786     788.8842
     229    5963.2954     336.9090     304.8999    2788.3155     554.4820    1137.9848     840.7043
     230    8152.1106     746.6518     556.4929    3849.9369     750.4495    1355.3588     893.2207
     231    5114.1423     321.2478     278.6965    2241.0002     373.4803    1264.2937     635.4237
     232    6316.6784     561.8592     649.4409    2119.6762     547.8416    1708.4433     729.4172
     233    6025.4406     502.1614     353.7138    2788.3746     547.5555    1191.7046     641.9306
     234    6479.9264     407.0748     466.3434    2922.1232     484.3426    1324.4850     875.5575
     235    6046.6125     328.5481     297.2741    2860.3131     626.0751    1115.7558     818.6462
     236    5819.5246     454.2627     479.6700    2577.7298     452.0932    1191.4689     664.3000
     237    7147.1835     625.5173     595.4102    3074.0934     590.9414    1213.6715    1047.5497
     238    6067.2546     419.1831     321.8575    2467.8062     567.6447    1428.2300     862.5330
     239    4633.5973     466.4392     365.4032    1954.9154     344.5037    1038.5732     463.7627
     240    6958.1311     403.1022     455.7577    3424.4963     551.4779    1148.1022     975.1948
     241    5172.1876     354.8172     393.9369    2455.4642     366.3236    1118.8197     482.8260
     242    7070.0690     412.4419     483.4739    3290.5435     577.6633    1377.0041     928.9423
     243    6732.8914     344.4672     375.4828    3369.0059     558.1655    1256.5271     829.2429
     244    7349.5531     731.0386     518.7156    3397.4799     560.9938    1163.8237     977.5015
     245    7914.0847     689.0827     501.5579    3476.1284     515.8002    1697.4442    1034.0713
     246    6104.9388     770.2952     536.0991    2328.1288     521.9586    1396.1567     552.3004
     247    5771.4027     495.9279     379.6494    2357.3563     566.7020    1272.1360     699.6312
     248    6091.2753     370.7624     465.3469    2849.8080     555.6324    1231.0796     618.6461
     249    5287.4297     397.8356     446.1117    2340.3698     429.5697     947.1467     726.3962
     250    6880.7705     322.5411     294.1994    3301.7038     484.7364    1476.9067    1000.6832
     251    5562.0538     427.2069     320.2227    2444.3873     440.6021    1373.8705     555.7642
     252    7668.8024     850.0902     823.3262    3422.9000     606.4088    1258.2427     707.8345
     253    5311.3861     433.9261     316.2033    2318.8371     392.4355    1280.3524     569.6318
     254    4852.0758     320.7875     282.9180    2227.3734     387.8264     933.1610     700.0095
     255    6135.5151     530.3468     429.2154    2987.3195     376.1498    1030.9512     781.5324
     256    5241.2885     326.2595     281.3999    2350.1839     426.8680    1069.4242     787.1530
     257    5380.1329     304.5269     256.6985    2364.6701     471.9635    1240.6794     741.5945
     258    5536.6989     671.5154     424.7364    2112.4110     503.5285    1068.5788     755.9288
     259    5806.6999     332.1989     292.9233    2449.7073     533.8133    1357.8578     840.1992
     260    5485.5927     330.2094     263.0200    2531.0382     408.6920    1442.7576     509.8756
     261    6911.6717     524.5271     607.7975    2759.2393     582.4419    1424.5883    1013.0777
     262    6760.7774     449.4037     502.4885    2983.2501     655.6609    1297.7240     872.2502
     263    5242.8340     335.3243     317.8284    2258.5320     537.7695    1110.9353     682.4445
     264    6574.8168     651.7480     438.5695    3069.4464     513.7989    1009.2190     892.0350
     265    7649.8915     523.7676     377.2036    3762.6379     558.8622    1624.1318     803.2884
     266    5746.4067     495.3289     338.1485    2742.6586     450.1145    1040.7174     679.4390
     267    7311.9890     526.2655     530.4060    3295.3448     460.4778    1642.4653     857.0296
     268    7030.7277     910.2226     669.8352    2669.8671     522.3480    1322.6566     935.7982
     269    5959.9141     549.6798     342.1138    2797.9405     442.0692    1176.4201     651.6907
     270    6306.7887     400.3456     370.2791    3011.4130     503.1595    1079.0513     942.5402
     271    5930.0877     465.9393     443.3566    2705.0420     446.3986     969.5732     899.7781
     272    7130.9906     707.3030     595.2399    3302.0417     525.3693    1300.8275     700.2093
     273    4596.0400     353.1695     302.3425    2284.6416     347.5814     832.9037     475.4013
     274    7215.6885     513.6185     422.4677    3438.0289     621.0530    1653.8083     566.7120
     275    6447.0800     504.3189     422.2555    3140.7596     405.4260    1220.1005     754.2195
     276    5688.8897     408.8464     289.4902    2614.1520     538.0185    1019.2056     819.1770
     277    6559.8902     493.0716     316.0661    3181.2260     572.3883    1057.3078     939.8304
     278    6042.0218     317.0459     269.6962    2825.1505     607.1434    1100.6991     922.2868
     279    6641.9982     449.7406     431.0514    3031.4543     582.6060    1134.2681    1012.8778
     280    5116.4493     577.3549     386.2051    2425.6583     353.6501     852.9253     520.6556
     281    5765.4516     440.4450     337.5961    2646.4570     518.6841     974.2268     848.0427
     282    5492.3583     316.9529     311.8434    2388.8231     512.4495    1118.5477     843.7417
     283    6192.8323     653.2471     538.2149    2409.5244     518.5139    1579.7213     493.6106
     284    5033.9615     355.0910     316.8160    2378.1287     450.2617     912.5765     621.0876
     285    6793.7100     762.2166     512.9792    3258.1468     649.7333     967.0540     643.5801
     286    4538.3226     422.8740     365.4558    1840.4815     356.2175     992.6531     560.6408
     287    6149.6489     434.3253     577.2524    2630.6217     478.3455    1072.7469     956.3573
     288    6125.2968     511.9012     331.5438    2947.9981     480.4959    1008.4019     844.9559
     289    6593.5972     553.2060     438.5430    2844.2497     450.1610    1796.8393     510.5982
     290    5454.3023     513.3499     482.0989    2253.3357     412.6302    1253.9471     538.9405
     291    8438.9652     486.6394     475.4858    3999.4437     677.8778    2189.7559     609.7626
     292    8033.2989     736.2430     555.2791    3631.7506     622.0382    1387.6952    1100.2928
     293    5847.3666     667.2703     362.7631    2480.2361     503.7611    1245.9419     587.3941
     294    6394.8706     360.9780     314.0207    3219.5555     429.5452    1333.0394     737.7319
     295    7785.2504     691.2070     602.7117    3353.4693     576.2838    1384.9451    1176.6336
     296    5594.5697     431.4376     387.6264    2302.9194     416.5630    1433.2716     622.7517
     297    5747.8099     504.8971     482.4937    2359.6641     458.7953    1030.2310     911.7286
     298    4554.1614     308.0542     233.8910    2073.2826     360.1501    1062.3430     516.4405
     299    5189.9508     458.7570     333.3454    2532.1599     368.0201    1002.1263     495.5422
     300    5661.3950     557.0422     418.3046    2511.2582     406.5456    1263.5405     504.7039
     301    6695.9535     489.7987     466.9106    3082.3624     607.4560    1240.9348     808.4910
     302    5032.7726     424.7236     330.6166    2437.7352     324.9516     857.8986     656.8469
     303    5918.7897     379.0340     309.9314    2762.1960     507.8316    1065.4459     894.3508
     304    6119.6369     637.8511     500.7776    2644.8784     599.7643     977.8416     758.5240
     305    7313.2496     752.0364     466.2209    3273.8302     401.3505    1476.5829     943.2286
     306    4961.2610     533.6191     395.2638    1950.1890     423.4909    1184.9280     473.7702
     307    6189.9073     685.9863     551.9552    2526.6526     533.2701    1030.0749     861.9680
     308    6796.9517     998.2376     582.9622    2945.7668     589.8190    1126.0760     554.0901
     309    6603.7395     567.4242     387.0596    3191.8511     442.7688    1226.3254     788.3105
     310    7007.7048     635.0942     496.0042    3099.1643     535.8818    1542.8207     698.7395
     311    4575.4814     307.4085     255.3530    2161.1456     348.2663     865.6398     637.6682
     312    6698.0192     717.8738     580.4253    2844.8603     463.1291    1529.1037     562.6271
     313    8344.2918     781.4609     484.3789    3676.9923     615.4505    1727.6020    1058.4072
     314    6490.1252     631.1609     414.9292    2953.9356     473.5522    1423.8602     592.6871
     315    5567.7714     484.5434     463.4918    2316.9758     600.8081    1005.1595     696.7928
     316    6521.5104     475.6787     428.0025    2856.7393     509.7303    1580.1078     671.2517
     317    6296.2643     489.0388     350.7194    2637.5787     422.3260    1791.7039     604.8975
     318    5985.8113     527.0693     409.6034    2708.5063     527.8584    1075.6085     737.1655
     319    6003.2268     459.8992     553.9962    2425.7083     486.1893    1514.2319     563.2019
     320    5941.3340     360.8060     311.2215    2832.6145     501.1771    1107.6095     827.9053
     321    6152.0877     641.1182     423.3011    2768.1627     473.5553     954.5725     891.3779
     322    4969.9349     369.5355     310.0998    2132.3970     494.1868     971.8250     691.8907
     323    8388.9433     909.9394     511.1779    3807.4819     610.8862    1689.5366     859.9213
     324    4783.9942     376.8038     280.7673    2015.3321     408.7010    1165.3686     537.0215
     325    6361.8565     399.6602     358.5900    2283.0151     634.6627    1765.6381     920.2904
     326    6290.8127     362.2946     294.2991    2922.2887     402.2243    1627.2421     682.4639
     327    7576.4026     616.6862     506.8554    3358.9752     572.2728    1583.3409     938.2720
     328    5992.4260     535.1808     422.0975    2490.7868     451.6117    1281.9998     810.7495
     329    5266.6900     371.8952     291.1318    2422.8186     393.3490    1016.8881     770.6072
     330    5391.7421     644.2492     371.4603    1951.3451     468.3609    1263.6248     692.7017
     331    6758.5110     659.3503     386.4048    3030.6822     592.9142    1593.0581     496.1013
     332    5852.3729     533.8346     508.9254    2329.4632     410.3281    1201.7593     868.0624
     333    5105.5761     332.5871     354.5419    2402.0476     428.6976     892.1811     695.5208
     334    5698.9083     365.5158     375.8808    2541.3143     468.1363    1207.6691     740.3919
     335    6262.5656     429.7579     334.4192    2954.5669     444.8933    1297.8766     801.0516
     336    5385.9148     451.1509     373.6396    2527.5636     377.0570    1089.0658     567.4379
     337    6173.1369     766.5905     668.8053    2428.6624     494.9234    1075.8270     738.3283
     338    5546.9570     605.3303     538.5758    2544.4408     306.9502     907.9905     643.6694
     339    6686.8278     505.5766     366.0934    3414.1755     460.4243    1171.2031     769.3550
     340    5123.7174     311.5286     284.6996    2577.2821     416.2058    1056.5482     477.4530
     341    4857.1770     371.7988     339.3399    2006.4763     404.7130    1103.8749     630.9740
     342    4772.1363     363.6592     327.8616    2211.8772     318.8536    1055.2824     494.6022
     343    6492.3059     380.0230     300.8001    2867.8577     660.2548    1482.4339     800.9364
     344    5202.6755     353.3542     304.3599    2179.2364     559.2062    1045.0621     761.4567
     345    7397.8121     689.8122     481.3976    3346.3128     627.8000    1492.3600     760.1295
     346    6122.5850     312.9425     263.4603    2320.2077     619.9277    1743.3406     862.7062
     347    6185.1575     320.9585     376.0224    3060.8704     546.6288    1040.2580     840.4194
     348    6758.7664     466.3381     460.0601    2814.7842     446.8772    1638.6518     932.0549
     349    5425.6948     379.2820     312.2983    2227.7598     554.2069    1186.9943     765.1535
     350    5595.6017     571.4098     441.9536    2569.7224     418.0735    1027.1418     567.3005
     351    6927.5962     652.1005     440.6147    3259.3934     502.0061    1145.9667     927.5147
     352    6646.3931     723.9587     363.8380    3089.6935     534.0535     986.4084     948.4411
     353    5746.4833     312.4636     254.1573    2643.0838     606.4749    1056.3293     873.9743
     354    5547.7584     439.2503     429.0541    2343.2868     434.0982    1260.6815     641.3877
     355    6079.2959     589.4014     378.4070    2559.7322     447.1978    1308.5921     795.9653
     356    5692.1860     657.5352     543.2654    2089.0883     482.2377    1223.4606     696.5988
     357    5017.1202     387.5991     341.9099    2086.1863     450.8853    1241.1447     509.3949
     358    6396.9897     305.2851     247.0791    2761.6791     517.9652    1882.3860     682.5953
     359    7241.9812     405.2666     376.2321    3735.6319     613.7740    1080.4380    1030.6385
     360    5875.7678     331.0654     308.6634    2831.2683     530.7773     984.3186     889.6749
     361    6125.8592     402.4103     481.0728    2726.5472     588.5355    1438.7848     488.5087
     362    6439.7246     396.2437     374.5354    2971.7981     570.6075    1233.3911     893.1488
     363    6048.1103     619.8809     406.1147    2781.1518     390.2120    1111.6060     739.1448
     364    4958.4213     452.0773     371.0989    2445.8417     384.9580     844.6121     459.8332
     365    5731.4359     337.8903     302.3779    2629.3526     483.5809    1261.0809     717.1533
     366    4747.5131     360.3643     300.9342    2149.0903     357.1196    1058.3598     521.6449
     367    5935.6178     356.2094     309.6856    2870.7157     388.8658    1509.7792     500.3622
     368    6470.2470     446.2006     424.6990    2789.5507     514.5595    1406.2498     888.9873
     369    6393.9673     310.4112     266.8787    2989.1324     609.5507    1461.7552     756.2391
     370    5815.9735     472.7344     432.2342    2659.2745     412.1885    1077.2211     762.3207
     371    7222.8986     550.8950     522.8512    3389.9393     665.6570    1304.7686     788.7874
     372    6473.2064     769.1886     485.8351    2674.8015     437.4995    1391.6794     714.2022
     373    6196.0660     443.5892     567.1947    2585.0813     422.7026    1392.5179     784.9803
     374    5266.9089     339.3853     345.5129    2292.5786     473.5107    1156.2619     659.6595
     375    6460.5203     398.6112     569.9339    2548.9439     547.8346    1605.9026     789.2941
     376    6800.8486     385.1203     344.0081    3514.8079     426.4195    1231.4866     899.0063
     377    5406.1005     361.3604     415.0355    2045.3063     522.1749    1314.4983     747.7252
     378    4409.0284     389.4736     275.4486    2084.4164     334.6653     842.1871     482.8374
     379    5358.7673     334.7210     263.4313    2481.5652     442.2828    1144.4501     692.3168
     380    5078.1177     471.6130     350.6006    1834.4143     476.4910    1301.2214     643.7774
     381    5579.8397     313.1318     283.3998    2792.7156     478.0493    1078.6702     633.8730
     382    5046.0781     337.2169     344.8798    2078.4171     471.4066    1041.0992     773.0586
     383    6808.1837     533.9018     365.7180    3233.6554     511.2257    1120.2316    1043.4513
     384    5470.6166     395.2980     308.3162    2478.4944     444.4992    1320.3627     523.6462
     385    5171.7650     316.5353     247.9858    2557.2649     369.4743     982.2490     698.2556
     386    5467.0988     314.5357     389.5142    2554.8631     432.5516    1177.9670     597.6670
     387    5486.2916     317.2480     277.7564    1946.9863     562.0101    1512.1576     870.1332
     388    5645.9969     312.1208     224.6212    2644.5571     516.4376    1297.1659     651.0943
     389    4849.4598     434.2892     353.3321    2192.0275     451.6599     873.7590     544.3922
     390    6587.5256     393.3066     383.7223    3165.9493     614.7321    1191.9144     837.9007
     391    5517.1035     469.4420     333.0617    2460.5979     488.0925    1139.1905     626.7190
     392    7244.1467     623.0864     465.4775    3471.1222     643.0443    1502.9090     538.5072
     393    5883.2739     459.6783     346.1418    2445.1720     470.2714    1620.1648     541.8456
     394    7309.2967     492.6032     346.5214    3343.7758     508.2141    1577.2555    1040.9268
     395    6596.5437     437.9710     378.9121    2968.9095     494.3830    1501.0692     815.2989
     396    4996.0185     336.5728     286.2477    2421.3046     343.5443     990.7829     617.5661
     397    6761.2040     493.7931     379.8661    3210.0166     561.3955    1228.0022     888.1304
     398    5843.0047     354.9289     364.5797    2864.5095     411.8543     961.1104     886.0219
     399    5081.2204     467.7851     319.1885    2094.3762     429.8568    1263.6694     506.3444
     400    5288.9594     391.5906     264.3465    2423.9637     415.0663    1287.5500     506.4424
     401    5707.9525     317.1077     301.6209    2517.7850     498.2584    1350.8380     722.3425
     402    7919.8775     662.8783     589.3208    3945.9358     515.6001    1373.5334     832.6091
     403    6034.5470     368.3280     425.3231    2662.8398     371.9482    1615.3226     590.7853
     404    6199.9137     400.3642     457.0454    2800.9042     492.9974    1182.4510     866.1514
     405    5726.6535     498.6049     402.4846    2527.0772     505.7138    1000.2457     792.5273
     406    6140.0592     450.3085     371.1202    3051.7751     510.5092     936.2113     820.1349
     407    6696.2067     468.1114     385.5860    3088.0923     501.7493    1357.9318     894.7358
     408    6328.8443     353.3475     399.6497    3147.0841     578.5909    1082.4227     767.7495
     409    5817.6687     314.0203     272.4556    2289.6343     592.3363    1487.6487     861.5735
     410    5173.7335     428.0647     446.4333    1859.9211     444.3882    1451.1986     543.7276
     411    5403.3976     466.0776     358.5139    2482.6068     442.9283    1183.3543     469.9168
     412    5552.5057     468.3320     451.9024    2311.4715     445.6709    1166.4001     708.7288
     413    6598.8793     657.1810     482.6285    2961.2757     554.5136    1238.2556     705.0249
     414    6709.5975     583.6894     428.8433    2868.1690     522.7828    1657.9902     648.1228
     415    5644.1767     328.9465     325.4581    2564.0746     461.4186    1449.2060     515.0730
     416    6679.1376     439.1967     594.0568    2635.2783     597.0306    1378.6249    1034.9504
     417    5268.1248     320.1670     323.1110    2313.4680     541.1403    1034.2103     736.0282
     418    6491.7310     748.1428     465.4231    3022.2085     488.3796    1232.0276     535.5493
     419    4844.9741     334.5785     394.1878    2279.8892     340.7981     911.7220     583.7985
     420    4643.2900     321.0294     244.9574    2180.1653     310.4984     974.4397     612.1997
     421    5617.8654     384.5642     417.1252    2593.2333     539.7847    1188.7524     494.4056
     422    5213.3595     359.9395     261.5607    2587.3086     397.7358     983.2077     623.6072
     423    6468.9411     699.8535     644.6997    2545.8029     469.1193    1202.7454     906.7203
     424    6362.4333     455.1655     589.8121    2370.4505     560.1224    1535.8778     851.0050
     425    6774.3736     466.1430     467.9856    3345.1470     491.7841    1484.3828     518.9311
     426    4227.9813     305.1778     229.6677    1644.8896     273.7556    1139.1613     635.3294
     427    5306.6523     315.9815     239.2972    2196.8148     491.6047    1271.0498     791.9045
     428    5787.5386     367.9984     371.0126    2418.0946     530.6704    1330.3738     769.3888
     429    6813.2502     524.7877     415.8713    3340.6606     637.7038     955.9005     938.3263
     430    4969.5035     317.4098     266.4155    2444.0912     356.2467     968.6159     616.7244
     431    7292.8890     572.4388     530.9079    3277.4945     587.5466    1379.5737     944.9275
     432    6181.1636     402.7552     400.4070    2564.3077     558.8736    1409.2638     845.5564
     433    6206.2993     676.1501     448.9693    2512.5518     369.2085    1498.2289     701.1908
     434    6699.9648     513.1135     359.6769    3253.1190     496.1962    1145.2228     932.6364
     435    6477.2747     482.6069     500.7857    2469.2250     575.6104    1505.0771     943.9696
     436    5292.1024     443.4010     355.6757    2170.0216     547.3809    1109.4633     666.1599
     437    5860.2896     483.6605     404.9119    2648.6937     457.3326    1047.8268     817.8641
     438    7596.0913     707.5366     426.5098    3505.2826     444.9386    1817.7749     694.0488
     439    7330.1365     724.8300     367.2218    3348.0756     684.5522    1498.6318     706.8251
     440    5038.0691     318.6735     235.1485    2303.8016     391.1563    1259.3131     529.9760
     441    6619.3007     475.4100     283.4168    2977.5038     639.7061    1485.9560     757.3079
     442    7046.3401     649.7252     451.2728    3067.7135     583.5624    1480.3175     813.7487
     443    6504.8277     746.6244     608.0278    2985.1373     538.5954    1049.0132     577.4295
     444    6538.9501     801.4817     653.7188    2633.7025     476.0411    1282.9232     691.0828
     445    5856.2796     590.7978     383.3712    2781.1252     374.6309    1103.2421     623.1124
     446    7014.5921     950.9044     667.1541    2768.8998     629.7218    1355.3054     642.6065
     447    5993.0149     335.0541     271.9671    2634.4121     600.4844    1266.9902     884.1071
     448    5512.1935     761.8297     505.7451    2100.1205     380.7185    1084.6567     679.1231
     449    7011.7732     617.3414     427.5822    3198.4051     426.1496    1229.5063    1112.7885
     450    6907.5813     615.0691     410.8470    3187.9484     494.1886    1606.8078     592.7204
     451    6622.9424     334.7747     301.8566    2903.6278     520.7521    1600.0465     961.8847
     452    7789.4205     577.9721     557.3294    3521.9728     514.8963    1638.4492     978.8007
     453    5471.2335     426.6775     368.3223    2523.5688     382.3788    1290.6765     479.6095
     454    5417.0654     313.4251     241.1238    2437.0762     492.5922    1069.9696     862.8786
     455    7704.1594     371.7570     367.8822    3862.5016     522.6210    1849.7948     729.6028
     456    6571.2028     397.0569     390.3382    3277.2847     507.6863    1084.2499     914.5869
     457    6436.0882     510.6847     575.1679    2680.2673     676.0611    1201.3859     792.5213
     458    6842.6270     723.4829     464.4065    2383.3793     703.0741    1641.1045     927.1797
     459    5650.8816     347.8684     285.5551    2499.5011     526.6374    1136.3657     854.9540
     460    5588.1212     603.4759     413.0228    2431.2825     426.3603    1042.4119     671.5678
     461    6240.5290     396.3426     382.3298    2991.2208     458.5267    1020.0505     992.0586
     462    6791.8235     559.0152     451.3370    3222.8187     570.1274    1198.2270     790.2982
     463    6152.6844     367.7699     339.5676    2534.8768     554.4282    1583.1816     772.8603
     464    5235.5209     365.7375     341.7201    2313.3056     480.1690     982.5098     752.0789
     465    6930.6019     529.4851     439.8794    2747.1124     586.2436    1788.4207     839.4607
     466    6349.9914     377.9755     311.6141    2816.8607     602.3245    1468.9686     772.2480
     467    7210.5554     494.7762     514.1361    3669.5605     470.8526    1152.0367     909.1933
     468    7145.0310     493.0572     376.4889    3725.4729     472.9006    1114.8892     962.2223
     469    6923.1526     805.2665     494.5872    3045.7983     503.2286    1113.2075     961.0645
     470    6912.1557     546.6681     420.8656    3052.8985     538.4426    1561.0041     792.2768
     471    6087.2202     368.2781     373.0939    2747.0488     451.4733    1657.2484     490.0776
     472    7363.7373     597.8692     500.9042    3537.1924     524.1268    1276.0077     927.6370
     473    5814.0145     309.8039     248.4096    2745.9937     498.2266    1295.7040     715.8766
     474    5508.5930     320.1823     278.7583    2627.7967     422.0687    1133.6455     726.1414
     475    5427.9904     547.2162     353.9372    2502.5552     339.9042    1033.5472     650.8304
     476    7598.7509     493.5610     633.4220    3259.8350     665.9194    1636.7917     909.2218
     477    6374.5429     637.9441     470.1143    2515.2712     397.9889    1788.5278     564.6966
     478    6380.7437     579.1738     445.1704    3047.0147     484.7189    1166.7547     657.9111
     479    5776.6397     347.9084     274.7585    2796.0654     475.4853    1228.2520     654.1700
     480    6513.5213     679.0019     484.3314    3092.9861     455.3425    1022.2026     779.6569
     481    4459.8222     384.0152     293.2704    1966.5262     332.7294    1011.6380     471.6429
     482    4791.1015     338.9238     351.8358    2327.1471     354.5216     896.5019     522.1712
     483    6387.8217     418.7831     477.4726    2551.8305     506.4815    1536.6037     896.6502
     484    6203.1351     449.0571     367.9285    2925.4312     443.6324    1319.3048     697.7811
     485    5322.6663     309.3469     232.8271    1942.4564     478.8024    1607.6570     751.5763
     486    5985.6567     720.8994     367.6888    2187.6840     392.9011    1594.3217     722.1617
     487    4624.6121     311.4896     237.4590    2223.2542     316.2335     954.9771     581.1987
     488    6830.8857     520.5233     553.1979    2863.7205     677.8615    1434.6442     780.9383
     489    5937.5860     594.1079     573.3630    2074.6598     558.1165    1461.0323     676.3065
     490    5849.3199     324.7513     310.4178    2401.9981     606.3622    1419.5146     786.2759
     491    6765.7007     438.9807     439.5059    3198.9917     597.8647    1115.1683     975.1894
     492    5565.0823     358.8149     329.5260    2771.9831     374.5506    1007.4553     722.7524
     493    6567.5806     459.8233     325.1800    3091.8324     588.6428    1152.1765     949.9256
     494    7822.3785     543.2643     498.3706    3792.4749     576.4538    1441.5340     970.2809
     495    6372.7244     783.4024     507.0404    2790.4963     569.4422    1109.0667     613.2764
     496    5508.4164     305.8472     247.3134    2731.2038     427.0862    1033.3682     763.5976
     497    6258.8570     592.0447     413.5965    2850.1930     410.1291    1326.4262     666.4675
     498    5831.0886     322.3635     308.3946    2760.0145     490.1343    1285.0007     665.1810
     499    4719.5289     370.2270     280.0356    2074.9050     400.7732    1031.8623     561.7258
     500    5118.0376     319.3046     237.3013    2270.9387     445.1741    1045.3985     799.9203
