#Frame       dist_T_P
       1      11.0067
       2       7.1552
       3      11.7394
       4      13.2873
       5       7.9185
       6      10.1267
       7       4.6229
       8       6.4491
       9       5.6536
      10      11.3865
      11       9.0474
      12       8.3449
      13       5.9620
      14      11.0014
      15      10.2141
      16       5.9867
      17       7.7897
      18       6.9812
      19      16.3415
      20      11.5929
      21      13.8262
      22      14.5585
      23       7.1247
      24       9.6600
      25      11.7556
      26       7.1987
      27       9.0456
      28       6.9892
      29       6.4652
      30       7.9247
      31       8.1704
      32      13.9024
      33       8.0757
      34       8.4541
      35       7.6979
      36       9.8897
      37       9.8432
      38       8.0114
      39       9.9609
      40      11.2155
      41      11.5908
      42      14.9010
      43       9.6270
      44      10.0152
      45       4.8433
      46       5.4986
      47      10.6783
      48      11.5199
      49       8.8970
      50      12.3626
      51       8.4917
      52       8.4646
      53      10.5604
      54      10.9134
      55       6.1753
      56       8.1412
      57      10.5716
      58       6.4291
      59       9.4369
      60      14.1686
      61      17.7601
      62       6.6705
      63       8.7559
      64       9.2728
      65      10.9119
      66       9.4868
      67       8.3079
      68       6.5000
      69       5.9998
      70      10.1338
      71      11.1281
      72       8.9697
      73       6.0761
      74      15.1472
      75       7.6389
      76       8.8344
      77      13.9755
      78      10.7462
      79       6.3948
      80      10.0594
      81       5.4823
      82      10.7270
      83       8.4753
      84      12.8581
      85       9.9151
      86       9.2727
      87       6.3657
      88      11.0906
      89       7.4719
      90      12.5821
      91       8.5359
      92      12.0850
      93      13.3943
      94       8.3782
      95       9.0138
      96       8.4059
      97      11.6995
      98      11.7622
      99      10.8053
     100      11.6929
     101       7.9701
     102       8.6918
     103      10.7623
     104      12.0658
     105       6.8169
     106       7.6980
     107       6.0901
     108       7.7177
     109       7.1653
     110      14.6627
     111      15.4986
     112      12.5871
     113       7.7309
     114      13.8170
     115      13.4845
     116       6.7600
     117       9.0293
     118       9.2847
     119      13.8664
     120      13.4453
     121      12.9174
     122      11.7526
     123       8.1678
     124       6.4969
     125       6.8678
     126       8.6269
     127      15.9392
     128       8.7877
     129       9.7241
     130      11.2698
     131       6.7025
     132      10.5854
     133       9.6363
     134      11.9050
     135      12.1305
     136       7.9471
     137       7.2837
     138       7.0307
     139       9.0375
     140      12.7420
     141      15.4126
     142      11.1615
     143       6.1237
     144       8.9169
     145       6.4114
     146      10.2058
     147       5.6820
     148       8.7509
     149       9.5470
     150       8.2433
     151      12.5490
     152      17.5561
     153       6.2111
     154       8.7996
     155      10.4605
     156      11.5642
     157       7.9762
     158       6.0988
     159      14.5271
     160       7.0625
     161      11.1263
     162       5.8793
     163      11.1275
     164      13.9298
     165       9.6640
     166       9.5768
     167       8.2362
     168       9.4521
     169       9.7934
     170      16.1013
     171       7.6739
     172       8.4317
     173       5.3839
     174       8.7773
     175      17.6841
     176       6.0929
     177       3.8801
     178       8.2007
     179      21.0456
     180       8.3987
     181      13.6637
     182      13.9180
     183      10.3220
     184       9.4930
     185       6.7957
     186       6.0848
     187       6.2513
     188       6.1126
     189      14.6925
     190       9.6370
     191      12.1929
     192      10.1236
     193       6.9963
     194      12.2555
     195       7.6653
     196       8.2622
     197      12.4519
     198       7.8923
     199       7.1211
     200      10.9403
     201       7.2383
     202      14.7455
     203       8.7541
     204       7.3825
     205       7.2647
     206       7.2169
     207       9.6678
     208       5.9299
     209      12.5786
     210      10.4456
     211      10.2956
     212      11.4191
     213       8.5965
     214       9.8728
     215       9.2943
     216       6.3658
     217       6.2452
     218      12.6302
     219       8.1550
     220      12.2946
     221      12.4320
     222       7.2230
     223      10.1666
     224      11.1237
     225       6.9114
     226      12.8515
     227       6.4135
     228       6.5257
     229       9.3368
     230      10.4765
     231       8.1882
     232       8.0171
     233      11.5766
     234       9.2760
     235       8.7626
     236      15.3596
     237       6.9841
     238      13.3031
     239       8.9547
     240      11.8359
     241       7.7410
     242       8.2678
     243       6.3933
     244      11.0247
     245      10.4013
     246      15.8356
     247       5.4973
     248      11.1690
     249      11.9190
     250      13.5494
     251      10.0773
     252      11.8751
     253       6.7509
     254       9.2282
     255       7.4239
     256      13.6835
     257      17.2395
     258       7.3536
     259       8.9128
     260       7.3291
     261       7.6769
     262      15.3420
     263       7.8897
     264       8.8584
     265      13.4455
     266       7.9450
     267       5.9138
     268       7.7446
     269      10.1710
     270      11.4985
     271      11.7431
     272      11.4909
     273       6.9470
     274       9.7772
     275       6.6866
     276      12.0057
     277       6.9701
     278      12.4761
     279       9.8004
     280       7.1153
     281      11.2914
     282       7.6810
     283       7.6019
     284       8.0250
     285       7.7373
     286       6.2420
     287       6.4095
     288      10.0315
     289       8.0605
     290       5.0734
     291       7.1905
     292      14.6265
     293      12.5039
     294       7.9810
     295      11.4782
     296       9.8645
     297      12.4965
     298       5.7586
     299       9.4158
     300       4.3481
     301       7.7848
     302      14.0242
     303       8.5866
     304      10.0155
     305       9.9025
     306      13.8786
     307      11.7453
     308       7.7726
     309       6.2238
     310      13.2632
     311       7.0239
     312       6.1372
     313      10.2981
     314       6.8998
     315      11.8614
     316      10.9361
     317       4.8205
     318       6.2426
     319       7.3354
     320       6.6979
     321       7.5491
     322       5.8780
     323       5.5613
     324       7.0988
     325       8.9939
     326       7.6544
     327       7.6793
     328       5.4457
     329       4.6368
     330       6.7572
     331       8.9086
     332       6.6878
     333       9.0124
     334      11.4302
     335      12.6035
     336       6.0288
     337      18.3620
     338       7.6642
     339       5.8923
     340       8.1498
     341      14.1106
     342       7.7966
     343       5.8440
     344      10.2425
     345      16.8191
     346      13.7297
     347       8.9933
     348      10.3572
     349       7.0792
     350       8.6929
     351       8.6414
     352       6.6085
     353       7.4037
     354       7.7579
     355       9.7275
     356       9.8864
     357      10.4255
     358       5.7467
     359       8.5387
     360      11.2707
     361      11.8468
     362       7.1650
     363       6.6385
     364      14.8351
     365      11.9146
     366       8.6580
     367       9.9327
     368       8.9646
     369      12.5975
     370       8.4760
     371       8.4447
     372       8.3981
     373      11.1754
     374      12.4500
     375      10.3941
     376       9.9945
     377       6.3772
     378      10.5038
     379      11.8675
     380       6.8219
     381      12.1543
     382       9.5330
     383      14.8037
     384       6.3123
     385      10.4961
     386       7.6233
     387      12.3243
     388      15.6135
     389       3.4827
     390       5.3861
     391      10.9021
     392       7.7414
     393       6.7769
     394       7.5730
     395      10.2304
     396       6.2426
     397      10.2757
     398      12.4607
     399       9.2277
     400       8.0960
     401      13.0398
     402       8.1564
     403      12.4586
     404       6.9546
     405      15.9627
     406      11.5569
     407      11.5162
     408      14.5681
     409       7.8067
     410      12.1580
     411       9.0328
     412       9.4136
     413       6.4781
     414       7.9828
     415       8.7186
     416      15.6262
     417      13.7523
     418      13.2368
     419      16.3520
     420       6.5936
     421       7.7891
     422       4.6584
     423      12.8979
     424      12.4839
     425       6.6800
     426       6.3021
     427       7.6787
     428      11.1853
     429       8.5974
     430       7.8387
     431       8.3104
     432       6.9328
     433       7.7290
     434      11.2775
     435       9.4217
     436      10.2370
     437      11.3692
     438       7.5160
     439       8.6412
     440       8.4768
     441       6.9925
     442      11.7352
     443       8.6517
     444       6.6740
     445       9.8766
     446       9.1190
     447      12.8741
     448      11.8689
     449       8.8411
     450      13.6931
     451       7.9987
     452       8.6404
     453      10.4675
     454      10.0509
     455      12.0509
     456       9.1294
     457      10.3771
     458       5.9444
     459       7.8920
     460       9.5024
     461      10.7419
     462       6.4411
     463      12.6350
     464      10.9199
     465       9.4702
     466      11.4986
     467       8.8270
     468      11.1956
     469      10.8995
     470       9.8026
     471      10.8390
     472       7.9968
     473       9.4348
     474      10.9173
     475       6.9531
     476       7.6444
     477      11.5857
     478       4.0792
     479      25.2935
     480       7.1639
     481       7.3785
     482       6.6354
     483      10.3548
     484       8.1874
     485      10.9481
     486       8.1010
     487       6.4800
     488       5.6041
     489       8.9780
     490      11.6343
     491       5.5652
     492       9.6948
     493      12.5336
     494      11.9847
     495      14.1589
     496       9.7811
     497      16.2117
     498       6.8515
     499      11.8283
     500      11.8183
