#Frame         global     SA_00002     SA_00003     SA_00004     SA_00005     SA_00006     SA_00007     SA_00008     SA_00009     SA_00010
       1    8175.1061     511.1600     332.4122    3337.6544     374.2884     351.8825     465.6434     401.4145    1485.5581     915.0926
       2    6547.1933     345.0390     302.2958    2321.7580     384.3199     406.2476     434.5122     389.6248    1345.5706     617.8255
       3    9525.8543     571.6074     552.4756    3218.1816     601.4058     638.6750     913.0829     723.4771    1434.3358     872.6131
       4    5993.2499     436.5195     400.2499    2446.4245     388.8038     239.8738     215.0813     249.0150     878.4242     738.8579
       5    8655.7343     425.3893     590.3894    3253.7944     547.1026     422.9503     480.6150     507.3238    1477.4457     950.7237
       6    6910.0465     834.4214     367.2296    2637.7968     334.8858     345.2380     389.8008     365.9634    1072.8289     561.8818
       7    6910.5733     375.8003     508.9652    2428.5373     505.3782     331.1680     272.3630     395.9629    1309.4952     782.9034
       8    8810.3928     703.8543     419.9721    2815.8023     468.7964     555.5997     903.7885     731.5370    1482.1781     728.8644
       9    8151.3165     312.1662     260.1745    3216.2216     687.9910     458.2155     300.6649     315.6234    1579.5020    1020.7575
      10    5840.4922     421.7161     276.7764    2271.8875     435.9287     344.5103     242.7788     258.1613     948.8867     639.8465
      11    7108.4689     474.1729     346.3947    2490.4269     458.8526     325.7024     417.9735     500.1482    1434.0082     660.7894
      12    7793.5456     438.1129     399.0836    2827.1835     531.5625     433.2117     260.9877     275.2916    1714.7259     913.3863
      13    7129.6832     368.9048     398.0213    2914.3704     419.3105     327.1037     350.4011     467.0018    1122.8068     761.7627
      14    8534.0979     723.6021     528.8156    3221.3618     429.9702     275.4618     357.5392     506.9230    1520.4650     969.9593
      15    7048.6829     440.5094     523.3202    2472.8101     414.1238     466.7232     545.4633     416.4779    1174.4370     594.8180
      16    6757.3662     334.4228     288.4278    2877.5077     530.7762     265.2264     208.5412     224.0277    1108.4961     919.9403
      17    7966.4619     384.2023     358.1850    3102.0613     495.7133     446.0670     616.3816     489.8735    1196.0406     877.9373
      18    7715.7205     459.4506     497.3929    3031.4439     416.5254     294.8281     313.5258     422.8006    1544.6351     735.1180
      19    7558.7020     581.7004     508.0537    2526.7245     355.3691     341.2693     449.2805     407.5264    1583.6915     805.0866
      20    7404.3704     356.8783     369.6643    2555.8476     652.6742     405.7643     434.7245     513.4350    1244.3685     871.0137
      21    8646.1021     698.6308     548.1932    3334.8639     525.1217     384.7754     247.4754     291.3636    1542.8037    1072.8745
      22    6375.3467     327.6274     283.5960    2259.3251     548.6893     355.4961     309.7417     279.3191    1337.6199     673.9322
      23    8615.6435     455.7624     313.1444    3341.6206     491.0885     596.8609     589.5903     580.6535    1376.8035     870.1194
      24    6314.2279     395.1617     329.8263    2241.4444     416.2223     319.8271     253.5673     248.2841    1267.8473     842.0474
      25    7579.1465     727.4055     458.2562    3353.4375     416.3360     303.5911     330.9457     343.9109    1065.0452     580.2184
      26    9602.5970     622.7018     588.8456    3663.6428     569.3316     477.5409     347.7283     481.2535    1816.6453    1034.9071
      27    9402.0967     463.6813     570.1413    3577.3708     532.3970     503.1026     636.0117     584.6204    1627.4354     907.3362
      28    8616.5667     400.1009     487.4750    2991.4472     558.5717     453.0771     589.9926     673.1968    1753.4509     709.2544
      29    6839.9522     373.2024     362.2930    2460.8760     435.5058     563.0729     483.5961     366.1425    1178.1134     617.1499
      30    7845.3676     657.2511     503.0635    2764.5055     737.6761     415.6703     331.7052     331.7597    1435.1065     668.6298
      31    8464.2272     590.2753     510.9450    3514.5986     469.5858     492.6358     397.1385     348.6173    1426.6761     713.7549
      32    6689.8299     405.0781     356.1284    2037.9684     413.9723     296.2320     316.4466     406.8327    1791.7308     665.4405
      33    7678.1693     416.8627     336.0554    2547.3753     528.2594     389.1206     255.0814     324.9169    1819.0575    1061.4400
      34    7099.0440     554.5999     490.3184    2618.5603     403.6129     281.6948     287.8300     308.9924    1331.1233     822.3120
      35    8366.1567     523.1830     413.6309    3499.4230     612.9498     362.8763     533.5630     513.0351    1289.9674     617.5282
      36    8092.1815     338.5256     441.1593    3181.8303     438.7884     299.7921     263.3694     368.5015    1816.9146     943.3003
      37    8430.6724     330.5260     330.8948    3206.8994     546.9546     430.2997     412.0453     483.6372    1520.4508    1168.9646
      38    8230.7683     356.9548     278.2621    3001.3845     492.5548     578.5953     368.2502     490.0539    1858.5165     806.1963
      39    9465.2803     478.9263     467.7733    3398.5317     743.3666     528.6356     589.4156     793.8060    1800.5029     664.3223
      40    7127.6602     487.4301     392.6240    2514.7998     391.3850     318.6950     310.6058     380.4032    1515.2970     816.4203
      41    7446.7065     404.9203     470.0560    2743.3856     417.6609     282.1918     358.5544     395.8924    1586.7882     787.2568
      42    8073.9804     488.5867     609.6293    2723.6181     540.4350     420.8103     334.6148     321.9200    1809.5700     824.7963
      43    7492.5794     821.4615     598.7183    2104.4649     605.3241     489.8917     291.9800     310.5897    1366.1160     904.0333
      44    6300.0673     335.2398     300.7761    2646.6356     405.6167     287.5506     302.3087     289.6687    1055.3045     676.9666
      45    7398.1317     561.9369     481.4761    2726.3056     427.9480     342.5751     311.9533     293.9152    1290.6023     961.4192
      46    6751.3102     408.6020     408.1241    2687.4182     413.3654     235.8836     214.7302     249.0133    1229.2050     904.9684
      47    8869.1819     464.9569     429.8229    3610.1223     540.9367     643.8541     440.4765     449.3776    1299.5606     990.0741
      48    6577.3170     434.3160     316.6770    2367.6224     425.4872     347.6542     326.8627     364.7854    1428.7811     565.1309
      49    7847.1533     311.5118     340.9889    3419.9293     308.1877     238.1208     384.5727     576.7106    1546.8932     720.2384
      50    9150.7767     580.2529     449.8881    3845.1992     641.7531     489.1771     301.1245     431.5454    1264.1569    1147.6795
      51    6631.6378     519.4035     448.3064    2557.4821     391.8124     278.4256     295.7999     295.3590    1323.3909     521.6580
      52    7760.2100     408.6652     361.7138    2828.2035     578.8575     340.8730     378.1030     447.3865    1601.6440     814.7634
      53    6645.2535     378.6169     365.0953    2127.6752     539.8593     401.4640     288.2526     296.3565    1450.0399     797.8937
      54    8113.6648     514.1547     414.6701    3521.5544     407.4168     304.2975     324.5844     474.4593    1364.0997     788.4279
      55    7526.8811     602.9186     381.3004    3192.3936     330.5135     295.2264     380.4204     356.7114    1148.4680     838.9287
      56    9681.4770     692.7031     564.6339    3560.7266     891.8464     544.9157     471.3385     471.9238    1505.5776     977.8113
      57    5881.3723     413.3164     337.2541    1919.8654     400.9526     297.3569     276.9808     344.8340    1265.5625     625.2497
      58    6274.6513     310.7423     256.4269    2164.1159     576.3443     409.7007     433.3903     346.7196     957.8607     819.3505
      59    7307.5436     595.5982     456.9876    3208.4099     483.9756     496.2186     435.7378     351.7485     812.1147     466.7527
      60    8339.5573     399.4611     494.7116    2881.3221     630.4803     500.3045     321.9166     365.4893    1986.5392     759.3326
      61    7545.7385     738.1165     661.3974    2728.4023     357.2493     271.4575     324.1893     468.7824    1144.0404     852.1033
      62    6872.8518     463.8494     462.4313    2320.7270     423.2794     316.4123     469.2533     509.2172    1168.5327     739.1493
      63    6961.0855     386.2816     411.4395    2371.3781     488.7419     408.1195     438.0328     416.4260    1314.8466     725.8196
      64    6843.3539     324.0569     285.9909    2764.4924     356.4588     255.7724     328.9514     505.1767    1178.5704     843.8840
      65    7524.8071     418.9053     311.8087    2645.0164     564.1271     377.7913     347.3936     276.0489    1509.3114    1074.4044
      66    8786.8404     481.4683     567.4006    3165.6219     562.4201     400.1956     495.5759     616.1351    1589.2475     908.7753
      67    6613.4975     544.7347     350.3340    2725.7854     361.4457     257.7268     251.8459     328.3952    1271.6872     521.5426
      68    5729.4960     370.6287     251.9354    1888.2594     338.6509     325.7770     401.7751     355.9303    1208.2797     588.2594
      69    7098.4713     427.5279     391.4740    2821.7342     625.8117     401.8979     364.3437     323.9524    1097.9255     643.8040
      70    6008.9235     560.3713     444.4949    1864.0936     290.1683     269.7511     311.8391     323.1119    1286.8153     658.2781
      71    6590.5599     363.6812     281.5115    2474.9591     428.4882     382.8016     354.0566     317.9451    1055.0508     932.0658
      72    6080.9380     381.8209     413.7395    2511.0629     333.5547     337.3183     276.9504     326.4921    1019.3030     480.6961
      73    6811.8302     555.8045     318.7131    2507.2850     441.3432     294.3280     329.8792     271.4035    1512.5337     580.5399
      74    7069.7910     542.2631     494.8440    2612.2425     484.2183     283.2943     288.3411     305.7854    1306.7459     752.0564
      75    7108.6924     441.3121     418.8079    3241.8905     475.1911     221.6750     199.6701     237.9302    1059.7094     812.5061
      76    8318.5211     372.1743     448.3504    3116.4346     662.6657     443.0859     533.0974     462.6551    1546.3512     733.7065
      77    8207.3651     515.6515     360.9751    3531.1077     462.3229     309.1080     322.1604     514.1127    1532.2877     659.6392
      78    8971.1541     352.2874     389.2631    3243.1673     622.0996     389.2971     283.8133     334.1659    2069.6811    1287.3793
      79    6667.1482     562.2712     534.7109    2368.6287     304.5468     272.3420     307.8892     321.3162    1183.7268     811.7164
      80    8433.3362     549.3866     487.8939    3436.0819     607.6342     557.6643     299.1074     428.4363    1264.3603     802.7711
      81    5224.0491     319.2352     249.2593    1775.7043     237.2229     220.8726     304.4261     371.5741    1086.7107     659.0438
      82    7416.3664     345.7048     312.4151    2935.7184     441.7844     232.8835     213.3593     260.1132    1955.3637     719.0239
      83    8698.2296     460.7599     437.2077    2972.4674     797.0089     554.7531     531.2234     423.1572    1644.5405     877.1116
      84    6442.1742     319.6603     316.1649    2454.4364     531.0596     294.1448     276.0328     316.0104    1188.2543     746.4106
      85    7727.4911     325.0829     259.2002    3331.2151     473.7811     449.4211     541.4410     405.2570    1264.4862     677.6065
      86    8621.6365     505.7319     570.9212    3233.4820     502.7783     348.8263     372.8563     516.1150    1467.0322    1103.8935
      87    7066.0987     512.3833     519.5117    2648.4071     368.1198     309.5574     289.6031     563.0358    1237.5597     617.9207
      88    8086.5342     576.1851     465.2495    2882.0145     482.0153     377.6627     521.9192     778.3243    1470.5426     532.6209
      89    7461.9327     454.6703     441.1508    3360.9642     370.4555     262.8854     259.5722     292.9240    1134.3760     884.9342
      90    8566.1534     752.5504     534.0171    3547.0691     338.7292     459.1626     533.6172     409.4247     984.6404    1006.9427
      91    7566.8937     423.8970     444.7574    2301.0818     548.8257     471.0561     498.8439     584.2763    1491.7356     802.4199
      92    5444.3440     484.9877     329.1999    2012.1395     358.0631     246.5875     223.7261     283.2538     882.4113     623.9751
      93    7833.4293     458.5106     407.1325    2752.6908     404.6346     372.1192     545.3884     479.0622    1738.2994     675.5916
      94    8745.0822     634.4666     571.7003    2731.7096     532.9067     342.3277     269.3877     300.9731    2223.4593    1138.1514
      95    6591.6874     528.1734     434.7023    2441.3405     371.0926     304.9196     353.0540     457.2240    1076.6333     624.5476
      96    8952.7828     588.3529     312.7332    3352.5071     566.6657     387.6452     353.3745     532.2203    1969.4393     889.8446
      97    7565.3090     468.1964     360.5328    2830.6365     460.0842     432.0331     449.3565     474.5228    1388.9072     701.0395
      98    8061.6485     610.3554     515.5553    2999.1337     488.9795     309.4151     345.4517     452.1784    1468.6716     871.9078
      99    8674.6654     436.5268     384.8722    3596.8201     525.3617     412.1245     453.6272     507.4395    1597.7376     760.1559
     100    6840.0963     431.9504     328.2706    2586.1551     383.1771     219.1551     213.4859     239.9838    1427.6212    1010.2971
     101    6617.4300     394.8681     364.8972    2346.3344     524.9038     346.5790     285.6121     276.4729    1355.5620     722.2007
     102    7349.6544     598.0509     519.1717    2821.7118     313.3820     269.0218     275.9623     340.7651    1515.6665     695.9222
     103    7081.2137     539.9586     430.9171    2465.4231     311.9614     219.2995     269.9548     451.8883    1820.8458     570.9652
     104    8258.0094     672.9657     447.6540    2669.4033     481.3894     405.5291     530.6091     618.9751    1550.2873     881.1964
     105    9303.1034     480.4642     526.2633    3398.4496     708.5727     411.4155     476.3545     594.9017    1711.3781     995.3037
     106    7790.5368     353.7241     515.4495    3168.1805     545.1110     455.2377     325.5999     302.1964    1593.4386     531.5991
     107    8694.6074     442.7745     439.1962    2844.3484     592.3222     538.2795     616.3713     633.8906    1686.4439     900.9809
     108    7946.1203     366.9500     387.1303    2789.9168     552.1222     449.7714     529.0645     464.1764    1427.6307     979.3580
     109    8513.1230     344.3790     430.3736    3293.5981     622.9875     465.5937     430.3456     424.9038    1665.1884     835.7532
     110    8205.6463     655.3791     491.5889    3469.7297     667.5705     327.7915     256.5121     307.3512    1125.7785     903.9448
     111    7440.4519     550.9045     520.7065    2887.0460     319.6011     291.8420     371.0637     350.1500    1350.0345     799.1036
     112    7925.5414     519.2884     650.9588    2507.5143     454.6759     393.1117     356.6418     338.0697    1882.5560     822.7248
     113    9550.9550     568.1813     528.6605    3664.2991     615.3302     460.3940     345.2822     474.6272    1924.9712     969.2094
     114    8577.3878     452.3828     792.0341    3119.9300     421.3010     400.2137     567.4737     597.4605    1226.6052     999.9868
     115    8429.1214     327.9647     257.7478    3578.4761     454.8674     444.1372     459.6375     578.8345    1308.4038    1019.0526
     116    8050.4526     375.2500     370.5903    3348.7618     828.5824     534.0694     253.8355     243.4277    1286.0873     809.8481
     117    9381.6241     485.7559     598.9022    3848.9108     650.1510     493.1032     330.0661     281.0917    1548.1564    1145.4869
     118    7017.8702     603.2731     482.5096    2322.1326     440.5074     276.9871     268.9804     326.2812    1703.9362     593.2625
     119    5615.6992     355.1193     282.5673    2244.2231     319.8698     319.0039     272.8048     306.1993    1003.5143     512.3974
     120    7312.7231     497.3761     409.8774    2775.1794     489.0070     375.9719     451.2818     463.3524    1250.7915     599.8855
     121    7102.5301     563.6592     548.2266    2630.0164     361.5662     289.9089     443.2386     434.6226    1231.3923     599.8993
     122    7043.1245     378.5937     308.1145    2285.6209     552.5932     392.7308     429.4303     456.5659    1531.2153     708.2598
     123    6743.6767     420.1831     367.4342    2704.0741     384.2801     296.4376     329.4218     347.3918    1173.6140     720.8401
     124    7062.9116     441.1406     303.1693    3031.0616     500.9479     277.4994     221.2278     251.4014    1275.8384     760.6252
     125    7915.0937     545.1432     359.2634    2813.6670     773.9480     581.5777     485.2130     440.4928    1048.4482     867.3403
     126    8781.5043     815.3933     618.4141    2875.4590     431.3674     299.7298     356.4474     735.6912    1770.5731     878.4289
     127    7529.4678     351.2077     300.7527    2557.7351     555.0887     538.8815     514.9017     628.2730    1374.0642     708.5632
     128    7790.5114     495.4526     727.4960    2575.5581     316.2113     290.0526     367.9642     324.7695    1766.9999     926.0072
     129    5992.3571     420.8581     417.1190    2323.0963     393.8480     232.6050     220.2536     246.7414    1131.4835     606.3522
     130    6174.6593     338.3021     300.9479    2489.7887     410.6106     464.5306     356.4583     244.6689     893.2702     676.0820
     131    7993.0749     481.0895     634.5157    2806.7733     453.3616     282.3259     315.5233     439.0934    1804.1054     776.2868
     132    7010.1903     323.2153     312.8070    2513.5343     647.4229     479.3134     284.2677     300.3146    1207.7411     941.5741
     133    6843.9747     372.2210     391.0847    2655.6300     406.9845     276.8958     281.7602     407.8045    1380.6413     670.9527
     134    7432.7858     379.8667     408.8455    2828.6914     524.7537     710.0420     478.5342     369.4035     963.2695     769.3793
     135    6361.7276     367.4861     349.6344    2373.6133     451.2878     287.5628     217.5212     237.7026    1298.3766     778.5427
     136    6310.4941     471.7896     364.9631    2722.2693     304.5112     204.6893     195.3179     287.2316    1011.1332     748.5890
     137    9191.7082     372.7512     376.9665    3965.1022     405.1690     320.1532     363.3845     337.2041    2137.0182     913.9594
     138    7096.1550     378.2726     300.8800    2736.5435     526.1549     438.3020     268.2776     278.9620    1448.2402     720.5223
     139    7367.4848     574.3057     392.4927    2632.4044     612.6834     454.6910     313.1993     399.4386    1422.0861     566.1836
     140    7543.6235     450.8800     471.9339    2759.5877     382.3373     266.6079     326.9628     339.9238    1634.4719     910.9182
     141    7311.4732     516.7813     385.8288    2735.1332     503.2331     429.4729     310.0636     315.2383    1343.8803     771.8417
     142    7258.4012     533.1964     580.4972    2976.8739     298.5483     242.6398     263.6042     294.9933    1289.8118     778.2362
     143    7486.4442     600.4112     447.9885    3206.0870     382.1788     287.1854     368.7971     312.2997     875.7581    1005.7383
     144    6609.6497     355.2707     382.6769    2768.5359     412.2328     314.3555     327.9521     219.7142    1208.7728     620.1388
     145    9809.8765     414.7217     515.8635    3415.3986     608.5263     582.4139     444.2950     447.7801    2213.4714    1167.4061
     146    8049.2617     425.8973     683.1715    2689.8412     545.5901     422.4902     321.5217     322.4859    1848.7241     789.5398
     147    8677.2285     438.4083     526.1378    3123.7575     605.8169     344.3636     303.9995     473.5062    1854.9269    1006.3118
     148    9213.4899     651.0513     538.5309    3423.7316     506.7689     467.0093     358.6896     583.3172    1687.7315     996.6596
     149    9266.3929     567.0783     555.2451    3698.9132     550.4768     413.6862     438.5777     363.2365    1629.7018    1049.4773
     150    8543.6916     548.2789     452.8401    3723.7791     466.2972     309.0744     345.5909     372.3568    1227.3034    1098.1707
     151    6040.6414     315.0221     261.9962    1842.5798     507.0564     440.7022     357.0973     296.8205    1205.7959     813.5711
     152    7519.4404     746.3719     425.9460    2788.9104     545.7917     322.5700     235.6373     284.8983    1475.9249     693.3900
     153    7901.4220     431.8293     355.3753    2734.0626     507.9252     437.9242     455.3064     681.1320    1746.5724     551.2947
     154    6895.0566     729.4201     416.3963    1915.8367     410.6490     471.3433     375.8464     403.1070    1383.1881     789.2696
     155    8403.7002     536.3310     536.1094    3016.8100     725.7734     568.2827     472.9115     550.7987    1207.2455     789.4381
     156    8578.8062     435.1751     339.9930    3305.9073     667.3728     528.5400     608.5219     621.5887    1356.5596     715.1478
     157    8767.4828     597.6194     527.2745    3064.3447     517.8339     520.4320     739.9729     593.3916    1370.6380     835.9758
     158    7891.1775     314.3028     313.7075    3220.7866     634.0052     375.2007     294.3381     297.6923    1429.4089    1011.7354
     159    7173.6910     352.5859     331.0940    2795.7247     492.8592     269.9708     221.3143     343.8387    1450.6196     915.6837
     160    7956.6504     511.6775     480.6201    3140.4167     378.3201     449.5913     489.8588     389.0504    1278.1716     838.9439
     161    7163.4509     548.0408     398.9247    2837.7992     388.8847     295.1746     308.0892     388.8771    1306.4226     691.2380
     162    7384.1035     689.3826     469.1222    2656.5789     532.3355     347.2585     322.2289     400.4018    1324.5341     642.2610
     163    7522.5005     660.5484     606.4358    2323.9311     367.9990     276.5713     290.7574     316.6949    1833.1908     846.3719
     164    6623.6697     411.7505     315.7514    2750.1915     328.5892     324.5836     310.9333     356.6542    1223.9397     601.2763
     165    6732.2565     422.0580     378.0845    2301.7202     485.7905     448.0536     363.4001     333.1176    1227.8798     772.1522
     166    7147.6827     374.5816     329.8349    2909.2461     325.9473     266.9419     352.2586     430.9664    1490.8070     667.0991
     167    6478.2832     369.7316     314.5563    2527.8046     532.2210     293.9356     291.0236     332.7729    1160.4489     655.7888
     168    7418.8636     572.5781     465.2702    2796.1946     465.1051     445.7918     653.4311     407.7052     887.7401     725.0474
     169    9334.8674     445.4789     457.3048    3147.0625     656.2947     524.0279     515.5844     412.6999    1963.8394    1212.5749
     170    9137.6592     796.4960     653.1758    3415.7387     627.6894     369.3450     312.4532     401.2703    1540.9772    1020.5135
     171    8511.9109     593.3092     361.2380    3730.1810     417.3947     343.4158     369.8955     514.0362    1542.5479     639.8927
     172    6173.6469     421.1096     364.2247    1903.1218     419.9059     265.7160     250.6443     263.1416    1482.4652     803.3177
     173    7433.8656     552.1032     365.7308    2954.3751     410.3619     309.2605     274.9480     491.4794    1456.3229     619.2839
     174    7413.5381     663.2561     510.0808    2882.4994     386.9446     240.6681     239.5621     379.1569    1455.6760     655.6940
     175    8883.3486     675.8630     527.9798    3109.6385     836.0814     558.2079     428.2157     532.8018    1480.2416     734.3190
     176    7774.7264     602.8471     649.5132    2712.8369     512.0569     376.3217     391.3591     383.7872    1411.6617     734.3425
     177    8993.4210     464.7821     401.0088    4105.8052     424.9210     426.6937     380.4432     520.5464    1320.4150     948.8056
     178    5997.2830     491.0212     318.4387    1962.3808     453.3823     343.9652     270.0039     369.4189    1106.2049     682.4670
     179    8150.8293     392.7026     367.6220    3085.3151     619.0006     353.8122     329.7161     372.2206    1694.2850     936.1550
     180    7120.7340     431.3886     358.8306    2768.4779     533.0937     384.8888     251.3995     275.2526    1385.7403     731.6622
     181    6269.1348     322.6654     262.6644    2401.8034     349.1285     457.7945     495.9992     343.3952     972.4045     663.2796
     182    8260.0460     658.6179     440.6845    2963.8898     660.5629     383.6985     364.8016     588.6852    1274.8652     924.2405
     183    6142.4460     644.0256     414.7802    2729.1397     348.0495     220.3519     190.0962     203.6179     822.6747     569.7103
     184    7402.5619     364.4497     289.0262    2611.6636     641.5905     529.8026     367.3768     288.7397    1687.3684     622.5445
     185    6621.4795     565.8746     444.7206    2134.6478     424.4814     442.1459     493.7601     446.7260    1020.5987     648.5242
     186    7234.5846     377.7300     321.4364    3002.7818     404.8378     310.9683     327.7289     333.0968    1397.4230     758.5816
     187    9387.8261     704.7718     511.2899    3401.2177     682.6333     543.8148     555.6464     384.7374    1732.9818     870.7330
     188    7137.3968     527.7940     660.1374    2734.9327     414.8676     299.4242     347.9603     316.3388    1092.9889     742.9527
     189    9681.6803     996.1587     649.0213    3643.7897     430.5884     353.5240     307.0767     378.3417    1888.9734    1034.2064
     190    7618.5270     509.5351     451.5109    2815.7756     512.3120     362.0927     319.5446     480.1504    1476.7658     690.8400
     191    7258.8815     443.1479     379.6412    2248.4208     600.0465     489.8422     460.6599     361.3047    1456.8756     818.9426
     192    7854.7369     574.0135     499.2007    2895.3373     412.6976     289.1622     382.9265     596.8357    1513.9230     690.6404
     193    7624.8999     546.1052     351.0011    3160.0203     318.1432     306.8041     316.6873     333.4893    1577.8536     714.7958
     194    7271.1618     784.1852     455.2412    2672.1834     436.0437     492.9100     458.6515     363.2846     913.9756     694.6866
     195    6730.6391     448.1798     380.6703    2619.4023     527.4050     479.2128     384.7906     302.5753     854.1579     734.2452
     196    7364.9792     501.8456     594.9106    2844.6596     542.4740     261.3724     245.4114     294.4890    1309.1281     770.6887
     197    6723.6909     386.8376     314.4974    2707.7095     445.4026     257.6984     250.1105     274.5514    1399.7021     687.1814
     198    7135.5487     382.6404     349.5927    2855.9214     341.8935     274.3262     375.6006     388.3927    1488.5968     678.5843
     199    6392.7714     439.1953     481.0556    2125.5719     348.2045     250.1197     232.0768     263.6096    1291.4479     961.4901
     200    6836.3294     524.6398     538.0624    2184.6516     400.6295     417.8528     350.5331     402.1508    1181.1269     836.6824
     201    7180.6037     610.2471     499.8330    2855.3869     380.9321     270.0042     272.8499     346.3951    1087.7374     857.2180
     202    6922.7461     337.2379     377.7060    3070.5293     393.5833     306.7504     418.7716     383.7313    1133.4025     501.0338
     203    5370.8571     501.6604     384.2734    1808.1304     370.2574     320.3419     342.7804     348.8001     831.7463     462.8667
     204    8261.3671     643.1773     501.3458    3116.7757     502.4222     406.2474     298.4713     295.9852    1797.8698     699.0723
     205    6431.3411     374.3553     333.0340    2428.8745     398.7927     269.4170     264.7246     410.7565    1363.1099     588.2767
     206    7216.8655     524.3512     394.0273    2887.3602     548.1761     370.9838     249.4925     287.4569    1365.8481     589.1693
     207    6412.4178     625.2430     569.1118    2039.5859     279.4716     270.7717     345.7688     311.0375    1272.8240     698.6037
     208    5870.4010     363.4638     297.2054    2178.6508     318.3562     298.0683     279.3745     294.7174    1211.2874     629.2771
     209    6872.9082     428.3635     379.9948    2701.4917     398.4824     436.9235     319.4545     294.7468    1206.7324     706.7186
     210    6970.7172     400.4225     337.2158    2438.3240     532.9735     444.7857     336.7238     433.9136    1215.5699     830.7882
     211    6556.2115     467.7045     466.0331    2376.9299     380.6565     290.2995     262.7172     390.7726    1207.9498     713.1484
     212    6526.7299     348.4429     395.2966    2167.6878     502.6525     337.4303     260.1251     296.6659    1464.8777     753.5511
     213    7231.4863     969.9565     461.5528    2439.2397     464.3543     266.1855     210.7441     245.3345    1417.0159     757.1030
     214    7201.1819     753.8842     444.0600    2652.9590     403.4059     306.2962     249.7747     291.6918    1316.3927     782.7173
     215    8168.0707     453.0004     368.0153    2925.1798     722.3831     587.5754     335.0345     364.5804    1511.6781     900.6237
     216    7946.9632     447.0907     425.0090    3353.3389     447.3437     417.9223     304.8044     338.9629    1535.5923     676.8988
     217    6462.1863     371.7771     314.2458    2259.8109     451.1222     337.6765     417.4215     450.6732    1240.9575     618.5014
     218    6588.1745     307.8328     287.3312    2325.7502     532.6449     349.5274     271.1847     251.1687    1488.9776     773.7570
     219    8224.8253     557.1147     516.4899    3052.2204     543.3840     374.4344     275.8895     295.5419    1793.8923     815.8580
     220    7903.9158     462.7724     421.1935    3252.4111     287.6595     246.9638     290.8766     314.7603    1746.7359     880.5427
     221    7248.8169     458.8594     549.8906    2572.7694     397.2740     235.9152     232.2483     290.8843    1625.5575     885.4183
     222    6069.3903     392.2499     308.0500    2318.4457     333.1861     226.9011     223.0954     265.7883    1386.3025     615.3713
     223    7111.2936     370.0772     384.2238    2778.3246     491.9242     323.0205     229.3381     227.0256    1356.7678     950.5919
     224    7490.8043     367.8449     356.9675    2658.3372     718.2706     459.8070     303.6535     327.6377    1464.4415     833.8443
     225    8020.6003     557.2416     430.3596    2386.9970     548.9385     437.7141     375.8709     554.6609    1995.0528     733.7649
     226    6805.2590     367.8295     315.2870    2673.4997     524.4554     397.8304     262.5927     396.8442    1303.2746     563.6455
     227    7684.0587     448.5411     385.9869    3197.1004     346.5865     269.6506     322.5531     537.5822    1571.2168     604.8413
     228    6900.3155     335.9104     323.1362    2413.9172     488.8172     333.5644     402.6900     431.6287    1458.0813     712.5701
     229    8921.6461     484.7941     400.2582    3348.4036     578.8085     392.4830     426.4356     494.5664    1994.3831     801.5136
     230    8584.1004     749.4154     616.0322    3499.2864     417.3415     373.8386     300.5632     311.3171    1429.4926     886.8134
     231    7166.7442     477.6507     336.1717    2480.6430     582.0764     406.3347     334.0962     368.0818    1630.6618     551.0278
     232    6775.5761     393.9035     406.9049    2578.1163     430.2311     276.1678     277.0594     413.2527    1425.7255     574.2150
     233    6783.2439     346.4639     407.2504    2644.9882     364.7728     227.2784     252.9244     255.2830    1465.4158     818.8669
     234    8053.7667     494.9881     313.5227    3420.2033     598.8373     360.2518     252.9739     257.9411    1205.6254    1149.4230
     235    6201.8214     402.4377     310.2005    2753.4373     326.6555     214.0534     176.3261     197.0224    1104.0199     717.6687
     236    7677.6928     528.4295     512.0825    3051.4854     294.4370     219.5903     259.3393     438.5138    1591.2872     782.5278
     237    5733.1108     334.0990     314.8214    2219.3992     408.6694     309.0696     250.7080     270.5919    1132.6828     493.0695
     238    6022.0809     415.5802     342.8035    2225.3656     403.5345     345.2586     282.8313     291.1952    1045.7401     669.7718
     239    9617.8456     573.4378     521.8860    4190.9002     576.8524     752.0017     435.9202     356.3302    1483.1766     727.3406
     240    7822.3180     358.0750     434.0469    2854.1091     510.7149     434.9270     318.0505     243.1994    2022.6355     646.5596
     241    6133.0944     437.8217     389.3341    2361.7100     278.6349     264.1163     235.7533     236.8221    1255.6419     673.2600
     242    8395.5651     485.5373     472.2194    2834.2544     776.1945     490.8432     524.0695     485.0285    1392.5324     934.8859
     243    5814.6587     375.0890     341.8837    2283.4588     421.3130     213.3495     195.2753     225.2402    1083.8355     675.2137
     244    9001.6562     531.9144     433.2523    3325.4216     790.6244     473.5123     388.8779     409.4331    1614.2067    1034.4135
     245    8654.4267     558.1965     493.0592    3404.3342     673.8542     379.0803     304.6206     280.7478    1600.1900     960.3439
     246    8528.9474     795.3233     683.2564    3307.1261     360.9049     321.5101     456.1015     491.6731    1344.3883     768.6637
     247    9019.3758     341.3223     332.2171    3900.3213     377.3165     327.1788     435.9062     649.2944    1801.9152     853.9041
     248    6973.5643     597.3369     424.6581    2206.9433     596.2037     458.9830     340.0255     342.2747    1362.8864     644.2527
     249    8106.4744     746.9240     572.7795    3325.6300     415.3168     336.2259     271.4691     278.0567    1337.9518     822.1205
     250    6913.6783     424.8747     364.6629    2495.6532     442.2207     337.8021     338.8065     353.0577    1399.8395     756.7610
     251    7197.2393     506.4385     456.9136    2880.4190     413.1251     276.4372     334.1744     470.3782    1270.8657     588.4873
     252    6946.9466     439.4216     368.9332    2498.0456     512.1683     389.1774     414.8591     507.7121    1189.9354     626.6939
     253    8278.1209     639.5328     408.7098    3210.2445     611.0108     503.3565     371.6133     359.4382    1452.5240     721.6909
     254    6687.2467     304.0678     226.4977    2314.7291     527.0329     374.0333     338.4255     540.1656    1462.8853     599.4095
     255    7968.7686     341.4817     412.9104    2976.4744     568.7004     487.7327     361.9002     336.7853    1691.0523     791.7311
     256    7421.4886     439.2549     547.2562    2839.0687     351.4523     245.4339     264.3064     289.0490    1724.3962     721.2711
     257    7086.3076     444.0571     387.6692    2846.3611     554.8092     446.1875     355.2177     340.5546    1055.9079     655.5432
     258    7424.4735     350.5966     382.9554    2952.1032     539.9445     408.8467     322.0088     382.1506    1514.1671     571.7006
     259    9684.2108     857.6743     611.1259    3466.2828     559.6659     313.6978     313.4797     438.9434    2122.5715    1000.7695
     260    7337.3247     661.2619     530.4796    3043.7255     406.8289     319.8829     249.1218     283.8751    1211.5386     630.6104
     261    7975.5284     404.8539     378.5114    3128.6511     587.7568     495.6786     454.3034     419.7249    1495.7373     610.3110
     262    7272.2184     655.4614     487.3176    3109.6790     565.8093     299.2704     233.8969     240.2956     997.6266     682.8616
     263    5305.4974     509.1081     369.7592    1874.5909     287.0452     215.3946     245.8897     272.2889     886.0568     645.3639
     264    5947.0387     390.2956     362.8439    2445.0603     360.1410     356.1216     317.8179     274.3123     877.8161     562.6302
     265    7687.5601     540.5351     332.1463    3346.1362     319.5329     310.7465     436.2507     344.0738    1320.8729     737.2657
     266    8295.2390     573.2332     843.4367    2657.4763     641.7396     397.5261     381.9650     294.7145    1434.8315    1070.3162
     267    8129.7686     439.8304     331.8953    3487.9319     518.6353     301.4081     246.0846     298.3121    1524.6276     981.0433
     268    5786.5912     312.0081     250.9221    2319.5899     351.9461     245.4745     233.0968     282.0799    1082.8745     708.5993
     269    8898.5873     394.0692     442.2628    3754.8400     462.9666     326.9158     425.6290     697.7297    1545.4664     848.7077
     270    6993.3454     560.6171     324.0439    3093.6111     476.9337     236.7825     205.5752     210.6288     979.6781     905.4751
     271    8721.3918     428.6791     293.7148    3574.1319     605.3279     406.1126     358.3109     408.3998    1556.0971    1090.6176
     272    7825.0026     403.4125     310.8074    2937.8991     568.0025     453.3719     383.5192     453.3812    1512.4888     802.1202
     273    9238.2047     806.9146     563.1640    3352.8749     491.2117     471.1942     347.0930     469.8086    1904.8812     831.0625
     274    7533.1449     446.0063     424.3378    2588.3586     649.3152     367.6688     313.5158     411.3615    1541.5149     791.0659
     275    7019.7990     653.9768     513.1876    2128.8646     382.4247     415.2204     429.0641     412.9169    1384.9062     699.2376
     276    7697.2446     420.1654     368.1449    3143.4791     461.1604     303.9299     228.3055     287.4359    1627.3054     857.3181
     277    6409.5445     449.0360     530.7346    2138.9254     314.7652     321.1005     293.8610     259.4061    1327.1650     774.5507
     278    7789.2842     464.0732     469.7249    3138.6954     469.8802     593.7131     485.1395     365.8114    1255.6836     546.5629
     279    6908.8920     400.5333     339.4559    2175.7423     468.2065     444.1861     503.4662     561.9645    1360.0135     655.3237
     280    9160.6626     557.3203     531.5189    3780.8690     467.4419     350.3599     445.7522     489.5152    1460.5826    1077.3025
     281    5697.5570     351.2057     303.7899    2429.7489     346.0050     251.1757     243.9215     233.1008     841.6698     696.9398
     282    8628.6536     500.5358     499.6752    3435.6925     547.7681     548.3174     630.1335     461.8248    1191.9316     812.7748
     283    8514.0476     476.1788     502.9424    3460.4059     377.2488     309.4285     441.4852     707.6614    1560.0089     678.6876
     284    7451.1553     482.4790     437.6034    3290.0372     387.0113     413.2287     344.8644     307.2913     887.3937     901.2462
     285    6613.1764     352.1737     358.6835    2872.8800     380.3160     223.3106     249.5003     376.8763    1300.7222     498.7137
     286    8760.7169     413.1486     442.9765    2888.9576     687.3407     521.8408     646.5694     687.2930    1513.8521     958.7381
     287    6424.7124     491.8663     465.9535    2340.4633     392.3302     299.1507     338.1232     429.9983    1068.5361     598.2908
     288    6445.0580     370.2147     481.1107    2107.4340     357.2794     344.1159     438.6302     475.7604    1353.8768     516.6359
     289    7915.0208     474.6106     530.3447    3009.6445     434.3864     335.2303     243.1207     263.8307    1702.0870     921.7659
     290    6539.8619     381.5278     339.3041    2967.1997     440.5018     309.5036     248.2961     294.3644     967.0678     592.0965
     291    5662.5261     317.8863     253.8338    2143.5140     385.1672     258.0594     196.9065     230.5934    1303.1120     573.4537
     292    5744.3266     468.4801     479.7351    2193.4041     267.7418     213.0304     260.2346     249.3266    1017.4099     594.9641
     293    8610.6292     479.5322     421.8316    3186.5599     690.7427     586.5326     557.0051     385.5368    1497.4599     805.4284
     294    9440.3587     547.4535     532.1990    3818.4331     641.0325     629.8873     534.1509     554.8271    1439.4183     742.9570
     295    7752.3897     462.3810     496.8105    2966.7079     367.3863     337.0430     372.9503     490.5520    1623.8959     634.6628
     296    7123.5669     382.4729     445.1971    2338.3751     402.1091     414.6344     431.5061     506.3711    1423.2277     779.6733
     297    8550.4930     518.2987     587.4481    3349.8227     357.9929     282.9203     307.1310     333.6244    1765.0897    1048.1652
     298   10818.8909     507.0260     483.1436    4318.2218     607.0567     493.7958     439.6584     712.4442    2185.2794    1072.2650
     299    9451.3888     370.5836     499.1270    4160.3395     674.2395     492.8328     391.9404     337.4039    1418.2104    1106.7117
     300    7461.6371     407.8898     320.9336    2795.5152     624.8755     514.9535     334.7627     272.1450    1334.7094     855.8524
     301    8645.2322     590.5388     561.5419    2920.0245     597.0812     425.2644     354.0852     444.2183    1733.3475    1019.1304
     302    8436.6548     745.9387     768.6839    2847.0727     608.3034     335.0364     347.9528     394.5169    1501.7277     887.4222
     303    8494.6810     935.4768     689.2397    3254.5197     350.2333     246.2406     319.1800     388.7288    1370.7460     940.3161
     304    9002.7231     519.1264     637.2764    3343.4809     619.0044     434.4645     281.8297     326.2491    1874.4541     966.8377
     305    7589.6031     358.9330     318.6985    2592.4353     702.8438     511.5220     366.3328     314.3231    1521.0580     903.4567
     306    5058.7788     363.5606     357.7802    2008.3081     348.2439     238.9966     190.7619     217.0356     852.4115     481.6804
     307    9378.4122     478.5841     590.0877    3609.5098     626.7931     478.7549     477.6123     531.5522    1902.9337     682.5842
     308    8067.7947     434.4207     344.1783    3392.6526     435.0735     438.7625     501.1536     376.1603    1424.3855     721.0078
     309    8725.4938     585.9660     602.2080    3412.2145     391.2924     270.3010     293.7022     365.0930    1624.9838    1179.7330
     310    9049.5049     935.8314     639.9220    3420.8068     490.6160     519.8194     536.8424     388.5890    1203.1461     913.9319
     311    6395.7645     313.4844     323.5231    2406.8736     455.8995     384.6703     259.1677     309.4573    1157.9587     784.7299
     312    8213.7866     468.1407     680.8032    2872.6949     410.1364     476.4845     416.9300     443.9539    1830.5907     614.0523
     313    6738.9744     386.4113     459.2455    2676.4890     474.3984     338.7961     226.8885     220.6583    1311.4682     644.6190
     314    6758.1666     357.0522     364.5944    2609.9584     505.8235     264.9211     199.0955     205.4495    1452.1953     799.0769
     315    7896.1889     355.2051     435.4768    3037.7009     477.9759     314.3667     315.8858     312.6810    2021.0699     625.8268
     316    7648.1942     597.0715     514.2833    2612.9766     506.0227     331.6862     285.5021     567.6251    1686.6106     546.4161
     317    7508.7216     461.4090     532.3744    2972.3538     430.3114     361.3489     252.2478     264.6626    1584.6524     649.3611
     318    8991.1882     535.9653     524.7181    4219.1860     541.7923     408.6276     245.3305     334.8626    1155.1062    1025.5995
     319    8049.1714     587.6816     365.4359    3235.1367     464.8531     374.0638     275.5572     240.8356    1449.7863    1055.8212
     320    7101.8429     487.8105     471.2828    3032.2856     420.4072     276.0261     303.1477     369.6172    1096.7942     644.4717
     321    6242.1376     342.8325     321.1038    1994.9135     509.4158     455.9718     417.9148     351.0307    1053.6067     795.3480
     322    9412.4066     609.5616     608.3353    3576.6504     664.0662     436.9121     384.8241     414.0009    1660.8276    1057.2285
     323    5548.0474     589.2525     406.6620    1756.0560     266.5799     211.6821     252.5670     317.7887    1047.3838     700.0754
     324    8082.3165     629.7389     505.0599    2793.5094     465.0311     338.7412     383.1827     355.2630    1942.5115     669.2787
     325    7529.3550     385.1106     363.9474    2812.4354     496.2776     345.4684     399.8346     496.1192    1449.6407     780.5211
     326    7039.8251     465.2304     432.9960    2643.2825     635.5037     377.5897     307.6052     328.2532    1101.4887     747.8758
     327    6949.6449     329.6896     267.7887    2245.2360     547.4958     538.2460     369.4410     460.5273    1249.6561     941.5644
     328    8259.2273     495.4200     569.3704    2638.3087     470.3591     376.7013     408.1040     590.9450    1964.1431     745.8757
     329    8880.1829     735.5861     533.3712    3524.8194     444.9872     355.5120     435.0277     440.6321    1472.9528     937.2943
     330    8447.8433     540.5977     538.9262    3528.1032     404.4724     334.6882     380.9124     318.0977    1370.7894    1031.2561
     331    6968.7986     454.6818     397.7350    2372.6875     375.7087     305.2436     405.3221     415.8674    1398.2938     843.2588
     332    8795.5986     594.7974     509.0211    2841.9929     651.1757     459.3385     384.9216     777.5392    1743.9010     832.9113
     333    9067.8042     467.3507     335.1764    3452.5932     723.5675     468.9672     331.4226     359.5412    1859.1335    1070.0520
     334    6296.2369     370.7679     435.1326    2432.9002     378.5876     369.8795     364.8173     281.7930    1061.4643     600.8945
     335    7832.0381    1001.4818     653.7926    2668.6500     442.0912     283.8996     324.4766     502.1114    1250.8251     704.7099
     336    9848.2479     525.4633     400.6350    3958.0121     617.9178     538.3264     468.3827     461.7894    1906.9845     970.7367
     337    6807.0719     395.6077     397.3867    2645.3673     318.3573     255.6762     321.9712     468.5587    1373.1053     631.0414
     338    8519.1386     596.4993     487.6384    2702.4542     569.2888     448.2531     516.8617     588.2702    1533.9350    1075.9380
     339    9849.5348     432.6931     506.0352    3450.8236     670.8481     403.9895     480.4748     782.3118    2117.4645    1004.8942
     340    8151.3618     506.4817     418.9571    3230.4467     446.9562     371.1974     257.0713     368.7606    1771.0898     780.4010
     341    8664.9161     549.9385     581.1106    3585.4244     569.6747     409.6714     332.7223     492.1314    1514.9436     629.2992
     342    7420.2112     519.7894     416.4451    2540.0423     537.0130     383.3806     237.6332     257.8467    1734.8966     793.1642
     343    7784.4021     395.7662     542.5385    3564.4656     279.0806     247.0095     276.7733     305.7187    1275.0134     898.0362
     344    8985.6068     598.7964     427.8202    3685.2893     519.8344     538.5348     475.9823     373.1135    1387.8127     978.4232
     345    7437.3694     371.6269     452.1771    2915.1397     486.5497     289.2535     313.3082     346.7435    1454.4863     808.0845
     346    5970.5512     367.2205     287.6708    2520.4879     347.4097     355.7890     432.9753     343.6834     837.8853     477.4292
     347    8951.7417     362.7702     358.7706    3458.4838     550.8685     362.0745     428.5873     647.1584    1789.5507     993.4778
     348    5540.3844     395.2540     359.4519    2086.1528     338.2593     266.0361     240.0058     277.1757     961.5478     616.5011
     349    9048.3081     561.8447     461.7555    3119.8720     661.3131     559.3251     436.8527     682.8880    1711.7093     852.7476
     350    8178.2266     423.2295     469.4054    2646.4460     530.6169     442.2946     478.9839     384.2723    1925.3850     877.5931
     351    9070.5433     349.4653     433.0968    3235.7670     719.9561     637.6491     452.7047     434.6918    1682.8083    1124.4042
     352    7911.0508     642.3910     636.4241    3052.8439     469.9276     404.4111     326.7801     321.6138    1249.5720     807.0872
     353    7638.2254     622.3631     483.3925    2952.4455     685.4390     396.6565     282.5001     269.4608    1301.4085     644.5596
     354    6759.3044     495.0006     501.7279    2699.4843     406.9468     434.5983     350.4483     319.1554    1064.9285     487.0144
     355    7957.6952     597.7129     615.9372    2831.2573     463.2108     312.4396     409.2630     368.6014    1840.5443     518.7286
     356    7531.5367     627.7557     326.3899    2753.3794     363.7499     390.2622     505.7426     459.1477    1142.6954     962.4141
     357    6430.5907     329.8190     334.1354    2045.9426     490.6849     370.4298     421.6595     369.8604    1423.3500     644.7092
     358    6067.8673     519.7403     420.5567    2126.7386     438.4760     265.6827     314.2850     333.2928     985.8959     663.1993
     359    6420.7771     320.6963     318.2858    2618.6959     322.9774     293.6610     331.5714     378.5344    1147.3290     689.0258
     360    7125.4666     334.9088     310.1302    2155.0210     372.9985     355.5810     568.1647     634.5924    1628.0577     766.0124
     361    8178.7550     458.6512     470.6910    2860.1699     613.3968     379.0295     403.6375     596.7846    1501.7389     894.6555
     362    8824.6874     366.2879     384.3060    3638.6089     407.3585     379.4604     343.9476     574.9566    1755.4037     974.3577
     363    8869.4482     881.0354     358.5537    3720.7275     362.6760     317.1889     287.6598     354.7068    1745.2947     841.6053
     364    8091.7485     978.6627     565.1066    2856.6426     331.5714     265.5897     257.6729     315.6335    1647.7261     873.1430
     365    8053.7290     435.8278     368.2122    3258.0653     578.2420     420.7782     361.1082     343.5766    1639.3187     648.6000
     366    8581.8986     547.5522     439.3413    3431.3570     419.3716     286.6355     280.3357     380.2367    1820.5456     976.5230
     367    7533.7059     403.8643     363.7932    2809.7202     560.9578     371.3948     295.8202     376.5043    1497.1037     854.5474
     368    7036.5633     341.2745     260.3265    2924.0439     383.9510     320.7758     367.4989     462.4336    1185.4998     790.7594
     369    7427.3442     474.5539     381.8652    2735.3286     482.4987     349.9602     325.3686     325.9287    1813.5213     538.3191
     370    9040.4160     413.6085     451.5242    3509.8334     608.6788     496.9467     463.2241     504.9466    1524.4588    1067.1950
     371    6494.2215     324.6898     288.1404    2037.3045     485.5455     372.9387     391.4357     466.8223    1446.3350     681.0094
     372    7649.8432     547.1369     538.4637    2769.7555     425.6673     248.1150     262.0654     393.7149    1629.1254     835.7992
     373    5397.6532     385.6386     309.5764    2285.2180     382.0421     298.9163     213.1683     230.8972     824.3936     467.8027
     374    6743.1840     478.5567     333.1846    2729.4228     414.8957     264.3480     298.2422     320.0179    1330.9584     573.5578
     375    8243.3176     548.1874     454.6339    2861.6966     510.2825     453.0154     516.6708     452.1808    1474.5467     972.1035
     376    6902.6491     307.4042     220.8290    2833.0154     320.8029     279.1562     396.9737     472.4155    1517.6960     554.3562
     377    6158.2186     356.8628     306.7073    2235.4193     511.6386     421.6826     344.3982     264.8545     932.4125     784.2427
     378    6140.2508     391.5232     285.8457    2672.4223     346.3691     276.5680     255.1923     235.3183    1031.6761     645.3358
     379    9092.5075     710.9500     599.8779    3724.4378     440.4001     329.2529     354.1594     308.3946    1634.7716     990.2631
     380    8492.3339     344.1609     339.1635    3044.8783     669.7919     361.2607     371.6606     390.3371    2082.2654     888.8156
     381    8949.3047     512.7116     575.3424    3765.6654     753.4045     504.5003     320.6727     260.9236    1463.7335     792.3508
     382    6626.1461     658.3909     509.4210    2177.1334     322.3992     271.6876     251.5183     243.3730    1310.8636     881.3593
     383    8994.5516     550.7615     623.7761    2905.0003     866.8232     661.9888     418.4649     440.8043    1553.6530     973.2796
     384    8355.2696     709.9028     547.4636    3060.5127     430.7509     338.1672     313.7013     547.5381    1722.6147     684.6182
     385    9151.0055     435.9310     474.2913    3441.5024     626.0172     459.3903     346.9171     527.7643    2010.0517     829.1402
     386    6873.4340     440.4686     410.2916    2418.1163     649.8332     486.6097     377.4305     367.9771    1099.8972     622.8098
     387    6838.6081     355.9095     365.7035    2248.6570     574.2722     403.0921     450.7268     462.2864    1166.6060     811.3547
     388    7180.1570     631.3801     388.8907    2593.8536     308.4045     239.4728     382.8527     639.0357    1411.5944     584.6724
     389    8825.2668     455.1509     443.0114    3226.2598     549.7463     420.9785     389.8477     334.7758    2125.5464     879.9499
     390    7814.5930     390.3298     254.2682    2910.2741     619.8216     366.3455     461.4585     453.3145    1238.9022    1119.8787
     391    7331.4821     406.8061     377.3131    3153.7202     464.6432     293.5975     403.3605     375.0766    1043.0158     813.9492
     392    8059.9043     871.9055     426.8976    3273.2071     375.9557     348.2359     314.2142     431.5357    1240.4189     777.5337
     393    8171.3128     372.8415     373.9698    3601.2987     492.2289     378.6933     360.4116     420.6090    1338.3028     832.9571
     394    8914.0927     595.1455     407.9162    3516.3037     475.2727     632.0784     568.8327     410.9760    1560.4915     747.0759
     395    6995.6489     425.4760     307.9827    3118.2621     332.8331     269.8625     374.8689     466.3451     979.1940     720.8246
     396    7645.8374     353.6085     339.6946    2605.8661     633.4561     376.6073     390.3060     333.5603    1572.0179    1040.7206
     397    5732.9087     313.8464     292.2259    2004.3096     395.7920     233.9522     213.7637     285.4217    1378.7708     614.8264
     398    5785.2867     315.2226     232.0712    2355.9576     325.0669     269.8999     295.6278     333.7172     981.0705     676.6529
     399    7561.2318     435.5780     429.6702    2734.6068     504.2671     308.0061     363.1806     529.0377    1533.8835     723.0018
     400    6693.7190     313.2801     230.8478    2536.2560     373.4305     390.7325     420.3673     318.0179    1453.7176     657.0693
     401    7895.9152     639.9925     386.0595    3067.0162     478.6983     438.4975     339.1239     360.2657    1399.1658     787.0959
     402    7471.6039     468.8848     418.7150    2500.9766     535.2846     368.6402     341.9156     433.4277    1570.9380     832.8213
     403    6663.4306     493.1124     395.3858    2687.3641     382.0054     396.6684     325.0040     314.2598    1078.0594     591.5714
     404    6963.6554     406.4413     362.4225    2421.6623     524.2939     417.0087     387.3680     398.9405    1194.4255     851.0928
     405    8076.9634     680.1330     476.8297    2977.4149     361.0478     265.9668     318.9303     478.0683    1621.2037     897.3687
     406    7884.4542     351.9730     339.2517    2895.7707     649.9131     390.2124     323.4157     348.4819    1606.6658     978.7700
     407    8168.8482     463.1951     504.8118    3097.1277     670.7245     351.3409     365.6628     553.1871    1359.7710     803.0274
     408    8885.6109     441.9403     441.0749    3964.0250     486.0059     438.1023     304.5730     348.8395    1487.6508     973.3992
     409    7519.4554     771.7232     537.2884    2952.2360     530.6021     562.0187     309.5843     260.2417    1015.4074     580.3536
     410    8388.2841     451.7199     358.2349    3176.3623     562.0228     467.5071     415.7076     412.4766    1754.1104     790.1425
     411    8136.2032     775.4413     585.0940    3217.3183     308.8186     219.3519     227.4608     350.1204    1319.6967    1132.9013
     412    8098.1190     749.8043     578.6557    2923.4177     500.8805     318.1900     369.3969     383.1065    1339.6952     934.9724
     413    6233.1013     334.5566     369.0992    2519.5367     369.9567     345.9671     302.9220     316.7436    1193.5935     480.7259
     414    7092.0740     380.0467     407.2986    3147.5774     423.5747     313.6983     304.0461     458.9717     924.2491     732.6114
     415    8597.9962     627.5019     620.5163    3208.7855     523.2423     395.4800     521.9642     552.3148    1394.2656     753.9257
     416    6923.6515     349.0397     374.2562    2597.2421     446.4986     287.0868     304.5254     507.3429    1528.1913     529.4685
     417    7180.0042     326.7955     312.8184    2831.9273     487.6466     458.2040     345.6106     313.2856    1158.8118     944.9044
     418    6843.7838     461.7224     361.0119    2181.1692     449.1667     420.9852     395.4566     350.3904    1438.8060     785.0753
     419    7946.3850     554.7160     422.0691    2700.0744     457.2266     397.2689     387.3757     592.9935    1725.8754     708.7854
     420    7131.2098     452.7351     358.8574    3177.9964     280.0071     216.6928     278.2470     409.5268    1131.8860     825.2611
     421    8409.2223     635.3042     540.7456    3447.6996     583.7771     607.9074     342.4324     297.4746    1192.4485     761.4328
     422    6645.1996     561.2317     421.3601    2796.4638     407.3854     306.5681     348.5203     282.4637     899.4585     621.7480
     423    8512.1075     708.9914     688.2728    3370.6529     418.1649     299.6876     213.3322     237.5380    1493.0034    1082.4641
     424    7557.8356     434.9367     443.8307    3054.5016     496.2941     377.8839     408.5442     465.7446    1268.2870     607.8129
     425    9223.5565     516.7333     482.1620    3655.5699     445.2967     382.7371     404.2540     776.1365    1593.1305     967.5363
     426    7586.4210     633.1468     511.3869    2996.6234     301.1063     248.1662     290.3769     284.4787    1256.3169    1064.8189
     427    5723.6883     392.7555     304.0832    1905.6490     230.9415     228.1856     373.3362     340.8721    1286.0970     661.7682
     428    7716.2267     374.6675     437.8223    2949.7125     503.3327     434.1470     291.8707     268.4074    1421.2614    1035.0053
     429    5955.3853     319.9464     267.8041    2205.3670     513.5546     375.2840     292.5187     279.0521     971.8288     730.0297
     430    5971.6874     311.3742     303.0393    2239.4302     523.1435     431.1229     255.2500     240.9394     981.7213     685.6666
     431    6079.3204     456.6128     329.2692    2265.0679     420.5877     324.0866     273.1902     360.3581    1122.8242     527.3238
     432    8457.9693     436.6842     442.9688    2708.1321     752.3552     548.0703     486.9773     512.0540    1720.2679     850.4595
     433    7869.0713     606.5731     506.8182    2806.2944     488.2820     335.1592     332.0739     400.3569    1653.2117     740.3018
     434    8179.0451     409.8631     379.4600    2791.4489     662.3198     393.3266     535.2655     591.5982    1533.3658     882.3971
     435    7313.1377     401.5129     371.0585    2584.2308     615.4455     474.9559     461.4736     482.4871    1390.4457     531.5277
     436    8612.7638     474.4080     485.6279    3175.9228     539.3919     494.4439     719.9045     606.3379    1364.6087     752.1181
     437    8079.4562     772.2942     594.2318    2557.3496     431.0267     350.4622     390.4156     338.7161    1976.2819     668.6783
     438    6272.4241     686.3928     489.1359    2172.6585     383.0375     229.7455     219.8253     304.6911    1107.5763     679.3612
     439    8107.0763     485.5748     390.5527    3289.6556     522.7508     328.2736     324.5166     269.5261    1477.4786    1018.7475
     440    6421.9020     589.8847     377.4347    2353.9221     335.9876     292.2840     308.6888     352.5196    1267.7444     543.4361
     441    8759.1450     562.1086     443.7349    2903.4927     415.2205     460.5084     816.0742     794.7163    1461.4473     901.8420
     442    6800.9519     388.8543     274.8531    2535.6251     388.3008     423.4138     515.5046     454.3072    1179.9781     640.1148
     443    7629.4486     637.5750     466.2194    2606.7020     557.0900     355.4631     320.8348     421.5446    1200.5717    1063.4481
     444    7959.8267     487.2200     395.8918    2870.5140     620.8355     453.8816     332.3853     362.4505    1543.6700     892.9779
     445    8509.6210     451.5152     463.0078    3449.0884     615.1877     580.0579     317.2929     284.1612    1383.8403     965.4696
     446    6346.1642     372.5628     377.1533    2264.1737     383.2030     297.8812     406.0310     569.4560    1010.7303     664.9730
     447    5716.0737     375.8796     332.8252    1895.7926     303.8050     274.0462     314.9054     346.9986    1351.0863     520.7347
     448    8016.4928     522.1665     648.3757    2991.9295     528.9720     365.2551     268.1983     399.7829    1262.0505    1029.7624
     449    6820.0541     342.1614     382.1933    2356.1826     572.0031     428.7155     289.7430     258.8202    1235.8202     954.4148
     450    7303.3324     650.9130     481.9009    2737.0557     324.1554     296.7276     302.5711     256.0222    1220.5853    1033.4013
     451    8370.1474     496.5509     572.0962    3161.6579     461.4837     388.6551     664.4149     654.6985    1172.8085     797.7817
     452    9582.3554     583.5666     628.8765    4432.2050     460.3578     483.4670     393.8051     300.7128    1273.1525    1026.2120
     453    8025.9326     412.3372     405.9893    3183.5486     415.2791     508.4010     601.9590     516.4028    1154.7416     827.2742
     454    9033.6470     493.5648     474.6581    3768.6200     493.9657     495.0468     444.6283     360.5280    1415.9845    1086.6508
     455    8158.1996     507.2121     460.2391    3324.3462     360.7322     277.5003     461.2958     537.3780    1427.6793     801.8168
     456    7899.6232     452.6500     448.5293    2583.8773     437.5023     451.8892     476.0601     532.5008    1638.8186     877.7957
     457    7618.6183     500.3473     368.9685    3213.1480     506.4681     458.1521     307.6427     305.1142    1273.0654     685.7119
     458    7403.4193     426.2508     367.1417    2894.7420     511.6477     488.8704     416.6978     344.5021    1160.4147     793.1520
     459    7697.8022     557.7467     367.9355    3671.5540     350.7387     259.6733     186.5809     205.0313    1437.4639     661.0780
     460    8641.4876     718.4932     579.8874    3138.4718     813.9599     402.3135     291.5549     255.5192    1586.4693     854.8185
     461    6647.9141     326.0919     310.1433    2424.9964     556.8593     519.2913     417.9963     357.3160     965.4350     769.7847
     462    5935.7518     308.6977     301.7706    1950.1192     328.5873     299.4896     364.7874     409.7845    1232.7736     739.7419
     463    8337.8950     499.8967     522.1828    3520.4981     391.0327     303.0946     292.7014     610.4799    1313.6932     884.3158
     464    8115.6395     876.9519     499.6584    2892.5070     410.7329     408.4446     371.4384     529.2089    1438.9977     687.6995
     465    7206.9453     446.3666     356.0139    2864.3741     435.9580     409.3220     402.7633     332.8231    1044.9037     914.4207
     466    8068.6306     613.8936     633.2636    3037.2265     508.4602     353.0056     270.5006     484.0635    1474.0331     694.1839
     467    9129.5994     363.8661     373.9657    3646.3896     670.9620     346.8384     328.9982     466.0845    1886.4376    1046.0573
     468    7784.5486     501.3308     372.2853    2958.2402     627.8290     460.3445     479.1723     386.1973    1241.8561     757.2932
     469    7070.9319     524.4967     519.5435    2528.6658     488.8186     244.9526     238.7164     231.9338    1186.2608    1107.5438
     470    8166.9601     532.2101     554.3992    3107.9375     389.4971     271.1750     418.7606     582.0417    1202.8717    1108.0671
     471    7689.5160     527.1377     497.0843    2987.0624     487.7282     419.1897     314.2848     303.3740    1209.0562     944.5988
     472    8883.2537    1012.8677     555.1460    3323.2400     443.5956     350.1793     320.2190     383.6890    1693.6117     800.7053
     473    8605.9471     644.4438     451.3753    3702.7726     333.3932     288.1191     392.6013     356.2697    1358.1525    1078.8195
     474    6793.9536     309.4488     255.2884    2708.4288     408.8309     404.2828     340.4232     319.8917    1283.9678     763.3913
     475    5237.8002     351.0481     307.1954    1881.4749     277.2581     280.9089     326.4613     295.2278    1048.1109     470.1147
     476    8362.1698     587.8464     517.3969    3065.7833     517.1634     418.9256     406.7195     516.3864    1581.1360     750.8123
     477    7623.2045     657.6948     460.9226    3102.4737     252.9357     193.1720     212.7438     386.7447    1461.6311     894.8862
     478    7469.3854     511.2685     475.4261    2751.2756     414.0219     240.3839     294.2301     338.7725    1608.3985     835.6083
     479    8238.7313     585.9635     322.0778    2765.8016     763.1670     634.1126     339.9156     320.6466    1693.8013     813.2454
     480    9153.3401     726.4680     599.5246    3452.8996     419.9785     257.5996     249.6833     396.1070    2042.4836    1008.5958
     481    5690.2712     322.2446     267.5458    2108.6870     474.6992     320.9843     298.5143     304.8022     846.2597     746.5341
     482    7852.9183     494.6257     453.5943    3055.5780     393.3086     248.3465     273.9087     409.0501    1669.5757     854.9308
     483    7563.7099     494.8685     312.6138    2844.8852     438.5337     345.2394     312.4139     338.6983    1797.9763     678.4808
     484    9579.0236     431.0720     280.6455    3908.2317     456.1958     602.4793     869.2822     657.8727    1365.1873    1008.0571
     485    6252.2800     312.5025     232.4636    2418.7119     420.2489     334.4142     349.0030     325.9829    1142.2572     716.6958
     486    5808.8379     373.5505     299.2023    2661.8538     419.2938     302.9900     195.4308     220.6194     880.9320     454.9653
     487    7035.7192     330.7960     252.8976    2918.4186     306.1205     252.5757     244.2445     291.7519    1663.4215     775.4929
     488    7307.7327     455.4433     429.7650    2665.0725     551.0575     641.0381     528.5199     314.5109    1039.6935     682.6319
     489    7477.0118     410.6616     408.7004    2561.2286     414.7080     344.9636     454.6015     583.4885    1696.8300     601.8297
     490    8783.0489     381.5385     404.3009    3209.9876     821.4791     515.4996     494.4395     673.1596    1588.6832     693.9609
     491    7199.6961     451.1235     297.9040    2321.2213     546.6664     556.5921     440.6857     443.6699    1483.1856     658.6475
     492    6311.1930     390.1714     436.5432    2230.8216     301.0254     295.1166     358.8677     414.5353    1296.9155     587.1965
     493    8683.5677     452.0676     549.9024    2777.7299     570.2662     452.3842     420.2821     494.5797    2142.3972     823.9584
     494    8249.8505     495.8865     424.6197    2862.8652     556.6708     444.5835     546.8447     729.6182    1520.9697     667.7921
     495    8182.9084     574.7951     449.2631    3369.7705     442.8181     475.3916     510.3998     468.5773    1047.2415     844.6516
     496    6298.8082     373.4256     400.9492    2145.5070     429.1124     398.0165     343.4767     325.9331    1176.0408     706.3470
     497    8738.6194     383.2305     451.8282    3532.8046     632.4676     427.0921     342.7299     624.6528    1527.5066     816.3072
     498    6523.0341     384.0259     334.7530    2296.6896     483.6760     560.1237     389.9816     306.3761    1114.0139     653.3943
     499    9165.8369     608.8576     409.3655    3698.0525     602.9040     737.1009     596.5819     502.4824    1169.0745     841.4178
     500    7214.2845     370.4887     365.2121    2535.0259     613.1513     478.1251     369.8740     424.1084    1193.8817     864.4174
