#Frame   RMSD_TIP_noH
       1       0.0000
       2      20.0972
       3      14.0377
       4      20.6417
       5      14.9529
       6      18.3114
       7      27.8369
       8      18.6201
       9      21.9483
      10      16.3742
      11      14.2812
      12      19.5699
      13      11.6578
      14      16.8061
      15      21.7196
      16      24.5146
      17      15.3704
      18      16.7504
      19       9.9432
      20      13.7290
      21      20.8254
      22      12.9949
      23      19.5884
      24      10.7954
      25      13.8876
      26      14.7139
      27      17.7304
      28      12.7999
      29      15.9859
      30      17.4444
      31      21.6293
      32      17.9698
      33       9.4156
      34      18.3492
      35      14.4435
      36      13.4831
      37       9.0273
      38      18.9895
      39      11.2623
      40      17.3268
      41      10.3868
      42      11.0869
      43      16.0978
      44      18.5254
      45      13.1998
      46      20.1318
      47      17.1767
      48      24.6494
      49      19.2963
      50      20.4825
      51      19.4660
      52      20.1990
      53      22.5312
      54      21.8041
      55      14.9577
      56      15.4968
      57      21.5291
      58      16.9640
      59      11.1434
      60      17.2200
      61      19.8243
      62      23.5372
      63      17.8177
      64      27.7417
      65      21.5238
      66      23.8831
      67      16.9674
      68      23.2285
      69      21.8542
      70      16.7578
      71      16.2583
      72      14.5149
      73      15.6869
      74      14.7946
      75      19.8665
      76      13.1636
      77      17.6289
      78      19.5276
      79      19.7048
      80      20.8702
      81      21.6860
      82      15.7286
      83      13.9989
      84      15.2495
      85      12.7951
      86      21.4943
      87      17.9182
      88      18.5588
      89      19.6751
      90      20.1785
      91      18.3748
      92      22.6418
      93      11.9979
      94      13.2684
      95      20.5470
      96      16.4871
      97      12.9698
      98      23.8065
      99      15.9395
     100      16.6152
     101      12.4780
     102      13.8595
     103      12.3061
     104      20.0898
     105      21.0764
     106      22.0916
     107      23.0264
     108      15.3602
     109      23.5501
     110      21.8887
     111      18.4405
     112      21.0497
     113      22.3352
     114      13.1573
     115      22.2941
     116      15.8242
     117      13.8024
     118      16.2285
     119      21.4438
     120      19.7975
     121      19.8978
     122      14.0507
     123      13.0700
     124      15.1188
     125      16.7192
     126      14.5465
     127      21.0653
     128      19.5213
     129      11.1436
     130      15.4103
     131      16.6228
     132      15.5779
     133      14.8323
     134      12.2294
     135      15.1171
     136      20.3757
     137      20.1993
     138      24.4699
     139      15.9419
     140      19.9656
     141      21.8839
     142      15.1291
     143      12.1534
     144      17.3081
     145      12.9734
     146      15.5976
     147      14.8522
     148      23.6925
     149      14.3106
     150      18.0081
     151      14.6938
     152      14.8670
     153      10.9135
     154      18.8208
     155      10.5609
     156      21.0386
     157      20.6057
     158      19.1827
     159      16.2400
     160      16.9185
     161      25.7773
     162      16.7053
     163      12.8510
     164      18.2039
     165      16.8483
     166      20.7826
     167      16.5620
     168      14.9306
     169      12.3886
     170      17.8706
     171      19.8647
     172      17.9201
     173      17.7720
     174      18.4502
     175      14.3558
     176      14.3833
     177      14.7340
     178      24.3255
     179      14.0288
     180      23.3028
     181      21.0828
     182      14.8129
     183      20.7311
     184      22.8838
     185      15.7492
     186      19.5645
     187      19.6153
     188      15.2905
     189      17.6271
     190      14.5036
     191      13.6124
     192       9.1432
     193      18.9489
     194      21.0410
     195      13.0444
     196      21.6425
     197      18.7147
     198      20.4785
     199      15.9346
     200      17.9043
     201      15.6154
     202      21.3374
     203      18.0180
     204      16.6259
     205      14.4691
     206      15.5151
     207      14.2863
     208      22.9704
     209      15.3470
     210      11.3272
     211      16.9520
     212      14.4538
     213      21.2550
     214      17.4087
     215      21.1772
     216      12.4978
     217      15.6267
     218      11.1355
     219      15.1729
     220      12.6376
     221      24.0459
     222      15.3481
     223      13.1382
     224      23.3061
     225      19.4190
     226      17.7213
     227      19.0276
     228      21.8437
     229      20.5331
     230      22.5895
     231      10.0620
     232      13.6992
     233      10.3042
     234      15.7368
     235      16.8912
     236      23.0145
     237      20.5020
     238      14.7859
     239      20.8498
     240      14.3194
     241      15.2226
     242      22.3768
     243      18.6672
     244      15.0901
     245      15.7928
     246      22.1577
     247      15.6704
     248      23.2582
     249      11.9476
     250      25.7055
     251      15.5352
     252      22.6413
     253      20.3807
     254      16.2833
     255      18.4095
     256      17.5415
     257      20.7289
     258      19.3443
     259      18.7257
     260      21.7682
     261      21.2995
     262      15.9862
     263      20.5291
     264      19.9195
     265      16.2801
     266      15.1073
     267      16.4734
     268      12.8363
     269      21.8726
     270      11.9135
     271      16.2213
     272      16.7036
     273      15.2508
     274      16.6456
     275      18.4196
     276      14.9668
     277       9.6077
     278      13.5337
     279      22.8720
     280      23.8446
     281      24.2324
     282      16.7520
     283      19.5675
     284      14.3802
     285      17.7841
     286      19.8147
     287      19.3736
     288      23.2999
     289      11.3831
     290      25.1761
     291      13.5115
     292      14.7937
     293      12.9905
     294       9.1453
     295      16.6381
     296      14.0321
     297      14.8014
     298      15.2867
     299      16.8001
     300      14.3295
     301      23.7939
     302      22.2281
     303      12.1080
     304      12.2348
     305      14.9977
     306      23.7096
     307      22.8121
     308      23.5922
     309      24.7031
     310      19.8622
     311      10.8730
     312      16.9650
     313      25.2474
     314      22.2446
     315      22.4290
     316      18.3584
     317      17.6594
     318      24.1720
     319      15.2298
     320      13.9215
     321      15.9188
     322      16.0240
     323      18.5052
     324      14.5694
     325      19.7565
     326      20.7168
     327      21.8232
     328      22.6013
     329      15.9823
     330      16.9355
     331      15.4961
     332      24.1691
     333      19.1964
     334      18.1978
     335      19.8726
     336      16.0581
     337      18.3967
     338      15.4828
     339      18.2185
     340      20.0720
     341      18.3671
     342      19.0071
     343      11.4706
     344      22.0503
     345      12.6642
     346      19.4493
     347      20.6729
     348      21.1874
     349      14.8704
     350      20.7353
     351      12.3309
     352      10.5352
     353      13.4812
     354      21.6759
     355      18.2051
     356      14.4406
     357      16.3837
     358      19.0381
     359      12.7451
     360      23.4202
     361      11.1109
     362      12.8041
     363      21.2097
     364      16.9574
     365      17.1724
     366      27.4981
     367      23.9746
     368      20.9993
     369      23.9234
     370      20.9061
     371      21.2628
     372      10.1901
     373      11.0899
     374      23.6798
     375      13.8295
     376      27.3528
     377      21.5768
     378      16.7688
     379      22.7364
     380      18.5289
     381      21.0038
     382      18.3331
     383      22.8745
     384      18.1320
     385      16.3465
     386      18.3032
     387      15.6421
     388      22.6363
     389      19.3727
     390      13.1207
     391      21.6850
     392      17.9185
     393      18.0285
     394      15.9827
     395      11.5692
     396      18.9925
     397      11.6970
     398      16.6212
     399      14.9114
     400      18.5607
     401      22.7307
     402      25.0465
     403      18.1869
     404      19.7080
     405      18.9496
     406      12.7139
     407      23.4802
     408      17.3761
     409      18.9604
     410      19.4447
     411      12.9013
     412      18.6897
     413      19.3580
     414      10.5107
     415      20.1734
     416      12.4177
     417      12.0157
     418      21.8718
     419      15.4932
     420      22.3708
     421      12.2381
     422      14.8400
     423      15.2761
     424      20.6531
     425      16.7153
     426      16.8413
     427      18.7808
     428      20.7758
     429      20.8969
     430      18.4019
     431      11.6240
     432      14.8104
     433      16.7901
     434      19.1554
     435      21.9754
     436      19.4403
     437      10.9624
     438      19.6697
     439      17.5325
     440      13.8792
     441      14.8115
     442      19.3018
     443      11.8503
     444      23.5186
     445      12.1663
     446      19.4763
     447      22.5001
     448      17.3744
     449      13.9861
     450      23.9377
     451      22.8564
     452      21.1846
     453      18.2742
     454      19.0207
     455      12.4393
     456      18.4196
     457      19.7502
     458      21.7642
     459      23.3980
     460      16.0258
     461      18.4878
     462      11.6532
     463      16.3507
     464      21.2012
     465      13.2658
     466      24.6140
     467      11.7348
     468      21.6742
     469      20.1048
     470      22.9235
     471      20.8974
     472      17.0281
     473      16.1233
     474      14.3338
     475      15.9917
     476      18.4021
     477      18.8572
     478      20.7485
     479      12.9734
     480      14.6654
     481      18.6448
     482      18.9548
     483      17.6084
     484      16.8124
     485      10.9343
     486      17.0042
     487      11.7139
     488      13.1021
     489      18.4458
     490      17.9504
     491      12.0277
     492      17.7953
     493      15.4421
     494      15.8038
     495      16.9435
     496      23.4950
     497      13.8837
     498      13.1076
     499       9.5153
     500      15.4361
