#Frame         global     SA_00002     SA_00003     SA_00004     SA_00005     SA_00006     SA_00007     SA_00008     SA_00009     SA_00010     SA_00011     SA_00012     SA_00013
       1    8566.8914     416.9386     384.9911    3054.5219     532.8824     335.5426     289.9723     371.2318     337.9256     228.2906     475.1316    1460.0387     679.4242
       2    7591.9179     325.8462     372.8499    2400.1280     265.3223     212.4607     336.2677     422.1049     270.4562     254.4253     295.4427    1527.2932     909.3206
       3    9382.4032     605.5726     649.4624    3344.9086     364.1073     243.8193     336.4793     301.7207     271.4214     222.7271     237.2740    1657.3373    1147.5731
       4    7967.9695     701.5978     486.8894    2258.8928     407.7929     275.7259     267.5843     264.2928     299.0428     319.3291     304.9722    1582.6444     799.2051
       5    9028.3369     393.6648     376.8801    3307.1675     570.2544     506.0550     314.0076     300.4225     355.5064     269.7005     299.9486    1617.0078     717.7218
       6    9319.2225     544.1676     630.5543    3156.4225     537.0628     483.2156     483.7995     265.4667     273.1556     409.5482     454.0477    1311.0825     770.6996
       7    8616.5134     557.4870     547.4269    2517.2584     521.3929     461.2965     351.2442     257.4428     290.6700     342.7274     331.2395    1408.6322    1029.6956
       8    6924.4345     545.5391     489.7713    1884.8436     309.2704     220.0495     209.7870     233.0098     279.4413     351.7832     378.3005    1214.9964     807.6424
       9   10246.0065     491.8100     502.1497    3835.5231     579.3698     442.1831     275.2137     295.5878     348.7458     391.1718     402.1946    1667.7703    1014.2868
      10    8154.4438     361.6027     597.8194    2605.0025     404.3635     336.9508     261.6702     218.7759     206.1384     280.0015     430.4666    1638.7833     812.8691
      11    8680.2122     425.7187     281.8368    3193.0031     360.6644     259.7226     218.8324     204.2569     275.8911     474.5391     468.5311    1525.1166     992.0993
      12    9815.2063     576.3176     543.0565    2769.3411     721.1855     458.7660     282.6918     277.2870     232.7989     271.0764     606.3090    2239.8201     836.5564
      13    9630.1170     582.1480     355.6057    2713.6473     640.2917     528.6788     430.6917     460.8962     499.7757     428.4284     414.1629    1516.8686    1058.9222
      14    8299.0416     306.0032     281.3082    2487.0420     312.3281     335.0082     488.3898     389.7967     450.0399     542.4191     440.6588    1427.3173     838.7303
      15    7529.1527     414.8733     355.2871    2807.4256     543.8357     409.0452     400.0984     298.0198     237.8075     244.9095     281.9951    1025.0250     510.8306
      16    7140.3789     310.3210     261.3261    1981.4672     403.1937     300.1229     306.6493     223.7063     187.5648     254.6273     460.3405    1681.9755     769.0842
      17    7754.7668     587.9396     468.7939    2655.3198     424.9399     293.8676     215.1010     259.2004     288.3145     397.0896     377.5975    1184.9799     601.6231
      18    7795.9745     607.5615     637.1556    2358.7323     351.1800     331.1226     320.7388     282.2937     272.5585     306.4959     299.8585    1199.5422     828.7350
      19    9848.3225     515.1951     459.1620    2731.1136     638.6260     467.0654     415.8598     329.1304     398.7115     493.8745     817.5372    1872.5200     709.5270
      20    7952.6252     474.3963     384.9771    3241.9946     267.3696     223.6726     231.6906     204.2735     212.6461     236.4272     276.5437    1291.0598     907.5742
      21    8429.6789     612.9714     456.1263    2967.6324     343.1010     251.5640     314.4071     387.7884     362.5070     447.9050     393.3819    1136.7472     755.5471
      22   10591.5598     620.0061     496.5367    4133.6880     799.4127     582.1854     245.3302     220.2737     272.7790     248.4903     383.3516    1527.5832    1061.9228
      23   10406.1570     623.7925     448.0412    3234.0907     527.5093     422.4970     472.4045     502.0355     458.6950     397.4640     422.8369    2011.9853     884.8052
      24   10060.8334     737.4736     498.9411    3829.1314     559.5568     317.2178     223.6633     192.1067     181.0597     248.4483     347.3968    2081.8427     843.9953
      25    9300.8391     380.6140     293.6263    3434.8447     457.9773     385.1765     381.7808     337.2867     364.8640     291.0328     328.5085    1724.5335     920.5940
      26    6986.0281     498.9490     441.1605    2621.6206     373.4608     302.6878     279.6757     231.4993     251.7421     283.4320     298.3016     919.4143     484.0845
      27    8790.5426     629.6678     420.5022    3249.7331     503.3882     408.6006     285.8416     213.9778     210.2315     326.7523     496.0198    1367.5585     678.2692
      28    9749.4927     850.8905     494.2250    3254.7391     507.0815     332.7834     286.7800     359.5206     504.0307     502.4014     359.9586    1635.0406     662.0415
      29    9463.2012     615.3371     525.6084    3192.2586     641.1151     378.7064     257.6122     279.9870     414.7368     516.3634     407.1539    1354.5474     879.7748
      30    8391.5672     583.2646     385.9717    3234.2224     254.4848     200.9359     176.1839     177.8107     219.5286     412.5237     471.3191    1296.3210     979.0007
      31    8768.5015     496.1453     442.9790    2997.5141     501.6245     263.8734     257.8904     294.0426     298.6349     277.4315     289.4103    1970.1124     678.8430
      32    7795.9798     448.3660     439.4982    2813.4110     508.1662     365.2408     257.9547     235.1878     245.5287     288.6539     364.7745    1178.9474     650.2504
      33    8439.9728     373.2007     441.9216    2903.0984     617.5683     321.1802     244.0390     257.9707     413.2841     451.6929     518.9792    1228.3102     668.7276
      34    8773.3062     420.3311     405.0954    2883.2658     699.5585     509.3116     360.2306     215.9325     197.3243     259.6656     499.6173    1409.6377     913.3359
      35    8858.3053     588.8928     361.1240    2729.1245     578.0424     505.6263     400.8443     387.2824     412.2737     331.0008     320.4684    1422.5963     821.0294
      36   10714.3882     405.9973     472.7803    3659.6715     366.8998     334.3062     431.4999     537.4587     488.6594     804.9981     826.1340    1443.5372     942.4459
      37    8878.0911     526.0972     640.6210    3299.8857     371.2202     219.9656     178.4818     178.1330     239.2344     336.2034     353.5049    1718.3010     816.4429
      38    7451.5601     384.6477     349.6887    2107.2847     393.7658     309.3999     269.8780     233.7645     331.3432     528.9019     624.2921    1297.6217     620.9720
      39    7086.6289     405.4639     369.3953    2507.5633     370.7400     329.8845     351.7640     473.7220     330.5679     247.0085     270.5623     920.7807     509.1766
      40    9563.5412     315.4650     280.9136    2849.4062     861.5574     597.3277     324.6831     324.6623     308.1450     293.1753     474.9962    1791.2698    1141.9398
      41    8162.1561     540.4550     511.7166    3080.9950     593.0805     369.3286     244.5993     294.3612     336.8902     348.5674     321.9850     921.1176     599.0597
      42    9004.9019     497.8328     494.3610    3253.8786     470.9155     273.7101     275.7279     233.3153     263.7071     282.5520     282.5564    1749.1801     927.1650
      43    7312.6532     555.9371     621.7204    2295.2760     261.9920     200.3761     192.9833     232.9758     309.6579     357.2750     333.2023    1172.0031     779.2543
      44   10369.6489     572.4179     614.3710    2905.8950     588.2262     608.5791     474.4310     381.3434     350.4464     520.4028     531.1521    1714.9047    1107.4792
      45    8728.9057     382.4816     391.2076    2867.3404     472.8172     428.3270     380.9146     376.8997     332.1540     345.8318     398.6259    1597.7183     754.5877
      46    9121.0943     560.6482     365.2247    2923.7247     812.2724     549.9414     329.7782     287.5917     218.0515     230.8552     432.2499    1590.1452     820.6112
      47    8204.7362     723.6576     537.9252    2947.2824     372.2418     401.6978     367.2960     235.7416     202.3803     220.1234     280.6806    1245.6737     670.0359
      48   11134.6434     619.4883     628.8943    3491.7394     825.3373     677.1474     621.9414     517.0612     393.1016     285.5951     306.6400    1715.6800    1052.0174
      49    9039.2500     553.8558     727.6463    3042.6748     417.6189     343.0304     221.2518     238.2926     365.1191     345.4222     352.1904    1314.5861    1117.5618
      50    9209.6667     323.5905     245.3201    2972.1283     543.1329     455.0096     385.5681     461.9527     408.0938     571.0685     796.5125    1381.4955     665.7942
      51    8910.6222     777.4039     656.4446    2489.9355     422.2296     234.6559     204.5219     321.7938     625.4729     485.5147     459.5180    1470.5735     762.5579
      52    8321.2623     337.1801     318.0879    2496.5601     593.4651     459.0025     329.9910     384.7190     394.2039     363.3139     323.3590    1455.3170     866.0627
      53    8489.4827     499.5492     491.1644    2680.5677     382.3020     329.3180     420.6101     374.1372     198.8439     231.9502     248.1471    1467.8221    1165.0707
      54    9262.8766     506.2958     377.3372    2787.3061     538.5677     467.7805     420.6990     406.7064     388.0739     313.2779     390.2947    1796.4430     870.0945
      55    7640.4217     322.9469     256.1149    2302.0334     409.2308     375.2824     322.6178     405.8896     601.7331     521.0461     370.9358    1030.9594     721.6316
      56   11095.3884     451.2347     509.7027    4280.3866     497.7753     400.1528     386.2321     342.2085     375.4222     398.3404     437.4729    2015.5748    1000.8853
      57    8006.5184     471.3896     493.3458    2452.2601     427.9746     353.0267     321.7018     257.7100     242.2602     270.6014     299.4258    1552.8631     863.9593
      58    9174.3452     595.2209     518.3927    2594.1149     603.1327     420.4949     302.6053     293.0249     423.8913     539.8777     468.5353    1300.7061    1114.3484
      59    6423.7077     503.0393     282.9041    1942.0643     402.3495     201.7119     167.2788     169.7408     155.7767     174.9601     222.1939    1418.6836     783.0047
      60   10082.8199     354.3197     459.0954    3543.3918     469.6648     345.1206     286.3163     437.0995     461.9487     508.4974     428.4847    1672.0979    1116.7830
      61    8600.0769     312.3039     304.1568    3002.7049     476.3742     333.8261     283.8843     348.0619     410.4098     568.2096     570.9465    1157.9963     831.2025
      62    8354.3219     375.5476     327.1382    2945.7647     605.1705     448.5444     311.4811     240.4405     271.1042     487.7327     453.9418    1129.9441     757.5121
      63    9772.8192     722.8910     518.9154    2835.0588     504.7359     439.2647     480.6270     323.0855     301.8909     326.8412     434.8017    1908.3641     976.3430
      64    7244.8181     529.1526     472.1660    2338.6897     316.4383     233.4128     223.9657     247.9019     299.7958     275.5383     321.6184    1435.5732     550.5654
      65    8532.9734     506.8858     388.6745    3051.2578     372.1512     249.1462     213.6619     250.5897     400.1242     488.5749     368.6429    1227.2041    1016.0603
      66    8053.6168     416.4227     287.5056    2839.0982     459.3042     311.9056     208.5260     232.1086     319.9075     403.7741     439.5647    1156.1853     979.3142
      67    8895.0707     484.1483     492.0076    2742.9095     496.4934     379.3145     569.8160     446.7138     269.1258     232.3198     272.1689    1488.7188    1021.3346
      68    7210.0605     475.5431     333.6341    1903.8613     403.0167     349.1872     378.4927     280.9150     350.2677     459.1963     469.6926    1144.2351     662.0188
      69    8314.3272     475.1089     314.7482    2612.6375     497.8558     461.1821     270.6923     205.7361     215.1813     346.8179     452.2602    1721.9942     740.1128
      70    8900.9143     629.4720     550.7010    2775.0458     300.2960     268.0867     341.5389     327.4744     291.6706     347.3057     493.7403    1660.7673     914.8156
      71    7904.3077     396.0612     324.8523    2444.0024     433.1901     447.6680     327.7072     269.0029     345.7015     498.5294     453.3720    1156.2871     807.9334
      72    7703.4520     335.5540     305.6386    2419.3923     588.7698     504.9905     448.1170     245.8341     192.9818     214.8397     367.0409    1364.7605     715.5329
      73    9470.5369     414.2030     413.2970    3204.5046     582.7069     390.5490     331.0628     522.0644     680.1490     552.6972     387.0253    1411.9442     580.3335
      74   10012.8240     632.1135     438.4022    2709.5177     721.4338     702.6310     524.3446     523.6482     409.1607     333.7992     383.6675    1568.7783    1065.3276
      75    8724.4625     337.3826     309.8800    3054.5199     505.7284     325.3174     284.6708     307.2124     343.0172     398.5800     503.2844    1254.4060    1100.4633
      76    8634.5557     457.4645     354.8858    2505.4462     408.2552     374.5300     558.2695     716.6030     535.9041     323.2950     308.4203    1165.2198     926.2624
      77    8845.7699     449.7234     378.6315    3464.1462     634.2585     730.2355     490.3872     246.2135     197.7353     190.2234     220.6996     912.7929     930.7229
      78    7253.1294     462.1495     503.4177    2434.3463     285.6405     232.6308     211.0360     202.5932     189.9093     248.2615     300.8184    1292.5012     889.8249
      79    7864.5161     516.8719     322.4853    3081.9771     423.0063     320.3105     275.5028     258.7201     401.3656     402.7741     284.1295     879.2011     698.1717
      80    9994.4473     562.9091     691.7463    3081.3681     459.4764     291.2009     392.1155     459.8082     450.4007     397.9030     660.0801    1655.9380     891.5010
      81    7900.1991     571.8053     460.3983    2437.3080     394.0331     351.5375     296.7726     272.2521     384.5673     599.9666     540.3641     967.1591     624.0352
      82    8359.4118     347.8880     277.6152    2911.2327     730.7398     591.4682     365.4018     260.3889     371.5829     339.0249     319.0186    1081.8791     763.1718
      83    9427.6282     634.4251     569.6849    3198.4528     326.3488     255.0779     345.0978     300.7082     318.6015     299.6718     346.8399    1805.6669    1027.0525
      84    8516.3250     592.3994     456.2929    3088.5764     475.9679     345.6530     341.4740     321.7761     429.3844     328.1489     399.4967    1098.8085     638.3467
      85    8732.9475     551.7587     378.4181    3365.4143     357.1293     256.9730     310.7791     360.5580     309.0436     277.6422     328.8802    1351.1192     885.2319
      86    9673.8965     507.4214     492.8128    2943.4339     590.0252     425.7804     329.4284     396.7470     519.6088     402.4534     341.7410    1909.9872     814.4569
      87    6345.2264     428.2260     381.9260    1997.9110     357.6663     293.6626     236.6080     268.0650     276.2231     278.0905     264.9180    1081.3353     480.5947
      88   10321.4754     644.3869     515.3051    3687.2099     475.8043     446.1282     283.4562     312.5753     462.7741     744.0743     508.7529    1186.2798    1054.7283
      89    7989.4409     495.6739     447.9905    2857.4128     492.5079     271.6993     295.0520     446.5404     489.6652     277.2295     275.5066    1005.1641     634.9988
      90    9817.5710     374.4394     358.6567    2855.3217     647.1765     438.6980     488.5501     498.5354     401.4577     497.3229     427.7100    1771.5837    1058.1188
      91   10134.7737     844.0571     741.3570    3001.7694     487.9324     443.3110     426.2216     491.2906     348.0468     339.5241     446.0002    1649.9830     915.2805
      92    8558.5806     588.4144     581.9049    3039.4981     451.0875     387.8872     322.3795     265.5601     273.9671     333.8765     467.2720    1130.8411     715.8922
      93    8348.5759     335.2304     305.0194    3130.9843     546.5649     423.5481     306.7737     416.7601     499.2444     400.5983     323.7841    1099.5213     560.5469
      94    8876.6953     664.7037     505.4760    3343.4979     531.9117     616.9146     383.0376     342.0463     248.9449     227.4894     260.1043    1126.3831     626.1858
      95    8369.3924     441.6895     414.2263    3443.8490     243.9922     185.6924     168.7821     170.4848     231.8807     311.8107     298.2372    1593.6972     865.0503
      96    9548.4121     483.8186     350.3589    3399.0331     560.1565     441.9607     388.9279     309.2934     260.1158     312.5221     330.8955    1709.4513    1001.8783
      97    9576.1164     544.7953     593.5677    3070.9975     468.6942     378.1331     297.8822     233.6314     398.8145     501.9672     377.8292    1614.3939    1095.4103
      98    8983.1855     625.3366     575.7755    3135.6657     463.1659     310.5362     312.3256     346.9227     251.9687     225.6147     359.4432    1460.3095     916.1211
      99    7713.9989     337.6580     464.9848    2305.9551     386.1095     346.1997     308.5107     326.5791     353.0629     337.0097     344.7086    1352.9989     850.2219
     100    8651.4566     366.2514     311.7809    2931.5579     412.5600     241.5345     232.0041     319.8421     537.6325     644.8591     484.1274    1379.3332     789.9736
     101   10556.0682     639.8153     524.4296    3586.6980     527.0609     436.6131     321.7981     317.6525     428.5488     343.6154     379.3094    2086.3762     964.1507
     102    7723.8541     481.9712     310.0663    2725.5107     308.3968     234.4981     192.1778     216.0080     342.5156     434.2944     495.8945    1325.4498     657.0709
     103    7759.2922     353.6557     344.7781    2597.9806     258.8234     193.1931     205.7110     309.1450     431.7991     429.4467     486.4059    1157.4233     990.9302
     104    7951.8822     512.9565     403.2991    2236.0612     329.7095     275.4724     333.0467     432.7851     543.1117     555.8845     489.7567    1179.8986     659.9003
     105   10060.2561     417.1494     341.8701    3666.5526     551.5093     311.4122     261.0419     447.0012     503.1121     380.9414     433.9160    1795.4232     950.3268
     106    9308.3255     635.3720     647.7762    2775.6701     418.7467     337.2011     320.0818     395.2449     551.6736     479.2257     599.9713    1555.6034     591.7587
     107    8252.7757     517.9452     468.7882    2809.4398     564.7755     327.4273     295.6699     423.4742     326.7856     218.8549     280.7102    1228.2170     790.6879
     108    8711.5887     513.9640     371.6652    2805.1484     476.3432     378.4464     443.7011     664.7640     659.7094     480.0335     382.6616     912.4920     622.6598
     109   11283.7520     596.0659     467.8366    4198.5398     707.0063     365.4438     388.0871     370.9812     308.2472     313.5539     391.8003    1971.8412    1204.3488
     110    8755.3627     708.3760     702.3052    2679.2041     430.9762     414.6485     382.0838     294.7434     375.1755     293.0130     311.9217    1371.4128     791.5024
     111    8834.7648     424.8246     442.9479    2729.1329     545.5589     429.3766     385.9464     330.4152     295.8124     420.9879     433.1581    1542.7092     853.8948
     112   10579.2244     451.5560     466.8742    3290.5328     604.7025     549.8016     516.8725     548.4631     472.7695     472.6606     373.4073    1984.0392     847.5452
     113    8665.6839     435.0318     553.2270    3276.1694     403.9529     319.2142     243.8651     233.5773     260.1260     350.5739     332.9897    1333.9853     922.9715
     114    8724.4633     432.7349     463.6172    3179.5369     477.3006     262.0074     245.0330     370.7156     541.7293     499.8538     451.6225    1110.2817     690.0304
     115    8887.7284     559.2453     507.8295    3417.2253     622.8535     457.2652     230.7004     201.5032     231.6148     275.5808     301.4449    1369.0119     713.4535
     116    7274.7981     304.8746     260.4404    2563.1490     384.6346     293.1706     283.2855     201.1689     181.3790     178.6671     235.6326    1653.0616     735.3343
     117    8600.0281     668.8388     501.3085    2615.9700     291.3244     200.6541     202.1745     317.2241     594.3532     627.0537     451.2110    1508.5667     621.3490
     118    8662.1986     468.8773     490.6486    3055.7845     518.3975     289.3325     323.6296     454.8267     484.6999     297.7767     274.9919     958.8306    1044.4027
     119   10183.4408     528.8624     432.0765    3769.1721     457.4788     355.4300     362.7594     289.8162     265.7290     289.4282     431.1200    2003.3963     998.1719
     120    9844.2442     418.8990     411.6745    3010.2790     563.9585     547.6999     438.7323     347.2588     367.9426     454.3782     513.4934    1679.9994    1089.9286
     121    7700.0908     394.8728     382.0594    2491.6221     484.6878     381.8144     446.9517     422.4917     300.8422     330.0048     411.5048    1105.1188     548.1203
     122   12282.3892     725.4472     698.7181    3649.4955     604.3140     671.0366     416.9181     389.7421     440.7435     544.7749     559.7296    2377.0663    1204.4033
     123    8897.5433     717.3269     748.3328    2866.5713     340.6802     258.1697     279.4984     390.5556     383.7914     497.8177     446.7431    1193.6094     774.4468
     124    8926.2802     515.4210     455.3741    2889.9540     380.4305     277.4353     338.9019     380.2944     402.9312     414.5393     473.8207    1615.7632     781.4145
     125    8977.3711     467.2969     325.5626    3319.8426     529.1369     354.1028     275.1808     218.2368     218.2053     295.5293     464.7341    1661.4716     848.0712
     126   10181.9769     470.4424     545.0302    4118.0912     415.2543     449.4552     335.3449     281.1748     288.6907     464.4335     665.6313    1175.1153     973.3131
     127   10597.6972     598.3255     671.8819    3169.7719     590.1273     351.8472     254.7736     291.6852     382.3154     439.2054     419.5883    2318.5655    1109.6101
     128    8228.4551     394.4452     434.7862    2734.6628     530.7364     277.9543     218.5800     235.9158     285.5075     340.9628     427.7265    1655.4374     691.7403
     129    8554.2412     553.5921     420.5008    3227.7226     465.7849     268.2962     236.0350     201.8836     252.2635     364.8050     492.3757    1126.6877     944.2942
     130    8864.7774     490.4809     344.2028    3150.2350     499.9878     380.6230     432.0882     290.3090     243.5760     361.3795     566.8828    1393.5081     711.5042
     131    9734.3508     431.5802     410.3507    2916.2836     499.9638     484.3073     466.8735     502.8356     537.4166     459.6213     455.6524    1879.7695     689.6963
     132    8697.9149     621.3935     542.5360    3087.7544     683.4142     376.6887     362.3558     377.2669     282.9818     222.7187     255.1862    1054.7684     830.8502
     133    7240.2236     365.9558     394.4403    2650.3624     333.4775     306.0014     284.4679     255.7814     235.9106     271.1705     350.0181    1217.5889     575.0488
     134    8431.2669     516.8954     591.4363    2541.7948     471.3533     277.2675     287.5456     268.1125     260.1094     344.5345     402.0458    1815.7773     654.3944
     135    7382.7112     449.2702     501.0075    2274.7487     597.9456     364.9674     315.2532     336.9365     351.6183     299.3978     249.2875     917.8946     724.3839
     136    6746.3730     517.1205     325.9930    2016.1118     231.7678     184.6897     232.9872     374.5796     354.2251     390.6937     398.4327    1080.8884     638.8835
     137    9025.7762     359.6475     351.3499    2687.4886     329.3882     356.9331     571.4061     759.6454     546.0173     401.9835     336.4477    1520.2167     805.2523
     138    9556.2508     804.7690     744.9061    3753.2950     344.0068     275.8158     333.5320     264.1951     224.3549     211.3087     317.3977    1286.2109     996.4587
     139    8316.4360     659.4223     513.6306    2718.4856     381.6758     260.8295     235.7914     318.5554     547.1113     384.8119     289.0470    1396.6530     610.4222
     140    9222.4029     527.3018     592.1222    3339.7823     483.5559     270.6373     252.3290     271.5425     261.4082     392.6168     361.9869    1442.1597    1026.9603
     141   10204.7868     452.3904     390.9062    2984.6232     695.3771     558.5960     633.9829     598.6327     442.9163     353.8491     424.3494    1663.9747    1005.1887
     142    8834.6027     426.7028     473.4544    3576.9670     370.1288     339.8231     260.6740     215.2087     208.0011     215.8951     262.7304    1401.8611    1083.1563
     143    7951.1911     462.2496     424.5943    2414.3646     416.4189     397.8462     488.2130     355.3495     332.7790     281.1366     293.4650    1402.6673     682.1071
     144    9104.5652     737.2889     372.3788    3612.0198     327.0251     307.2810     236.4512     285.1429     286.8989     364.6864     346.1865    1256.6353     972.5704
     145    9276.1737     569.4635     409.0127    3153.8059     374.8679     360.0632     312.8674     359.7086     368.2563     581.4675     457.4613    1371.2432     957.9562
     146    9483.2155     364.1554     354.9469    2681.3119     631.0213     467.4387     335.9050     286.3035     304.8346     383.0650     480.5589    2139.3327    1054.3418
     147    9778.3209     549.5381     348.4737    2988.9937     532.7000     529.2677     568.7067     709.4976     736.8368     366.7306     300.5449    1480.5851     666.4459
     148    8429.9311     671.1718     589.1526    2869.8903     428.5271     381.4271     273.2019     215.4226     185.2356     168.4206     203.7333    1374.0818    1069.6663
     149    9716.4342     351.9126     380.1886    3370.3275     528.6616     333.0713     280.6106     355.0299     419.4554     566.0073     500.6001    1606.6676    1023.9018
     150    9030.1152     358.2924     466.5623    2217.5043     736.8384     582.8198     294.0697     246.8717     356.0851     459.3293     514.2080    1950.8615     846.6725
     151    8565.9941     419.1731     447.3180    3195.5491     579.9312     441.0624     331.2809     329.8112     253.6045     223.6260     272.8014    1368.6124     703.2239
     152    6798.3123     553.1498     387.8042    2019.2943     265.8416     171.6945     183.7451     192.8234     245.0673     373.9363     440.5050    1309.9094     654.5415
     153    8031.4963     474.3910     461.8740    2677.6389     529.2129     522.7777     394.5987     338.7414     291.8981     359.1295     332.1079    1133.4461     515.6803
     154    8434.8761     675.7761     663.7693    2825.6363     379.5960     244.9999     232.1696     247.7509     278.7762     435.2986     436.8090    1093.3803     920.9138
     155   10576.8304     503.9305     562.1427    3748.6636     707.1834     524.4532     395.6819     373.7564     358.0879     414.0112     432.7095    1719.1436     837.0665
     156    9865.2719     494.1642     490.1245    3984.2593     457.9766     245.8030     225.3502     280.3866     376.0852     429.9297     501.1078    1334.3888    1045.6960
     157    7042.5810     375.8353     346.8375    2669.1821     355.0500     351.5996     278.7910     257.1310     229.0017     241.8724     277.6759    1157.7279     501.8766
     158    7807.6209     304.9310     227.5848    2323.8890     584.4891     321.1072     309.1369     416.9140     534.4364     506.9495     408.5034    1099.1672     770.5122
     159    8358.9636     331.0598     360.4925    2619.5789     345.0553     258.6478     247.5773     276.5206     547.0329     687.7860     466.1452    1371.1450     847.9222
     160    9299.4959     519.6315     711.1902    2905.1026     397.7187     397.2382     388.7366     462.7847     432.2409     333.1175     338.1142    1623.2615     790.3593
     161    7095.6217     365.7114     345.0303    2380.0906     432.9902     260.0526     247.6866     275.1019     241.1211     250.5676     407.4000    1315.0920     574.7774
     162    8840.9859     710.6084     584.2361    2241.0386     534.9340     379.6980     367.5909     423.9457     418.3712     364.6851     341.5080    1502.6842     971.6858
     163    9566.2751     674.4971     631.9436    3008.2612     524.4895     268.1209     209.3867     243.3590     564.4565     645.9062     430.3218    1466.3860     899.1465
     164    8211.6403     636.3444     656.8527    2441.3836     333.9456     322.9401     470.3148     497.7490     285.3948     251.8418     275.4178    1265.7885     773.6673
     165    8018.3896     323.8258     322.7497    3007.0963     354.5687     219.2294     232.1728     335.5765     374.0708     315.5130     314.3847    1181.1352    1038.0667
     166    7886.1946     356.6648     389.8557    2947.3522     539.1386     374.4489     362.0358     267.8355     307.6720     276.7428     369.1666    1202.3133     492.9682
     167    7838.8760     596.3236     507.6014    2758.4624     283.5018     199.2390     190.2191     237.3743     359.6949     444.7019     414.6232     967.9960     879.1384
     168   10383.6019     391.6251     445.9628    3758.0659     639.7807     631.7296     322.2314     237.0286     267.3005     345.4506     347.1218    1942.6569    1054.6480
     169    8128.3820     678.9928     502.4247    3138.2684     486.2883     439.9155     340.4050     217.2648     229.6891     317.6298     327.2801     879.6385     570.5851
     170    8999.4788     591.3956     448.0162    3422.6478     447.6730     389.7588     292.1232     347.0209     417.5569     264.6773     298.9109    1349.5931     730.1051
     171    7279.1233     417.3300     362.9062    2554.9051     478.0516     268.4517     198.6543     179.6152     191.0178     217.8323     367.9026    1403.0701     639.3865
     172    7331.2706     355.3713     291.8718    2681.7703     332.1279     216.7459     201.6078     198.1366     309.0265     378.4809     505.0346    1151.9999     709.0971
     173    9941.7799     424.0327     436.5156    3194.9990     809.7203     515.7910     367.4446     434.0248     420.8441     367.7072     410.5155    1442.4079    1117.7773
     174    7926.2384     459.1362     442.0805    2546.5073     496.6968     413.4353     312.5825     359.4155     372.4449     347.0930     345.0495    1158.4534     673.3434
     175    7402.4322     476.0234     391.2696    1998.3952     446.0083     330.7112     342.9636     279.9144     230.6518     313.4644     533.4702    1541.8142     517.7459
     176    9311.7351     739.5612     774.3803    2944.1310     689.4782     554.8533     445.2198     228.9812     194.1055     202.8131     256.3284    1321.1911     960.6920
     177   10301.9473     481.4939     409.0302    2978.1268     574.3408     621.1358     507.9839     347.8927     422.0164     490.2884     545.4678    2123.1698     801.0009
     178    9631.3159     601.1738     606.2256    2604.0365     504.7332     389.4245     411.3507     508.0310     471.3040     344.6917     392.8979    1930.6511     866.7961
     179    9163.6116     392.2183     388.1411    3287.7462     599.8023     372.0389     334.3447     413.0614     509.6545     646.8632     452.4954    1132.5710     634.6747
     180    9226.0873     376.4697     388.3611    3590.5006     381.7004     328.1298     232.7750     263.4657     396.1298     664.8665     504.1459    1424.9184     674.6245
     181    9662.1766     834.7725     496.8312    3052.1929     462.0092     347.1311     305.9976     263.7190     341.4707     615.7984     547.7265    1710.5467     683.9807
     182    9438.3517     435.2618     377.4473    2646.0809     574.8074     504.7346     287.4299     270.4736     454.3712     673.1951     713.6459    1752.4123     748.4918
     183    7876.5090     309.8563     225.1816    2827.5184     459.9204     303.5472     244.4887     284.2426     484.7036     570.6111     395.4589    1077.9029     693.0774
     184    9408.2608     557.4642     382.6564    3315.3771     581.7184     353.8090     234.4797     220.0535     323.2144     364.0433     308.3708    1519.8918    1247.1822
     185    6537.0945     540.0710     512.6913    1956.9552     321.7370     224.7329     216.1281     227.7097     204.1104     204.0477     280.8130    1309.2845     538.8139
     186    5686.7421     318.0310     268.2942    2072.4361     270.7441     211.4036     197.3443     218.6619     223.9151     215.9975     237.8138     946.3243     505.7761
     187    7055.9580     453.1744     357.5739    2891.0399     328.1472     200.6408     174.3709     153.3800     162.9773     197.3961     269.4905    1201.5816     666.1854
     188    6826.5488     362.3923     387.5714    1979.9235     343.5948     214.2925     221.2234     324.0537     331.7251     365.8266     331.8882    1036.6481     927.4092
     189    9713.2557     774.4913     470.7424    3091.5677     453.4047     305.4584     293.1524     295.6944     313.4814     317.3969     479.9296    2206.9522     710.9844
     190    7389.6869     660.3875     323.3082    2161.2968     416.0675     276.9820     228.2376     284.8865     279.9405     348.2018     516.1397    1253.2813     640.9575
     191    9827.4333     442.8919     399.1381    3676.5991     565.4371     361.6843     309.4532     412.6392     374.9111     297.9552     335.2277    1597.2864    1054.2099
     192    8660.0012     648.7064     324.4212    3370.2343     327.9864     238.8064     309.0646     271.7028     201.0562     259.3197     363.9547    1264.5852    1080.1634
     193   11016.8662     674.0043     508.0565    4388.4620     499.4656     649.6301     581.7530     429.8359     381.3362     283.4300     321.7512    1242.3057    1056.8359
     194    7457.2051     679.3997     463.7167    2412.7475     396.5088     332.0521     240.4337     219.0728     261.8421     355.9598     340.3127    1183.8307     571.3284
     195    9341.6566     437.3790     690.5235    2937.9019     490.5594     246.6822     212.9553     249.7283     416.6621     566.7782     681.1521    1541.5652     869.7694
     196    9387.8695     330.1583     336.7428    2945.3812     738.3165     449.4326     484.3579     578.1641     430.2380     315.5997     338.1374    1694.2852     747.0558
     197    8762.3912     402.6129     528.3398    2620.2958     665.2081     495.1370     285.8799     270.2576     227.7901     244.7682     412.2731    1838.9585     770.8703
     198    8161.3487     810.1147     557.0839    2681.7395     353.0660     260.4933     215.0544     224.5443     357.9205     580.0403     406.8274     980.3721     734.0922
     199    9681.2520     567.5087     529.2588    4100.0589     343.5824     319.6831     316.7720     370.9776     354.6502     315.7289     306.3845    1055.5666    1101.0803
     200    9327.7363     487.0564     463.7845    3557.2901     473.2867     387.2891     334.4553     359.1687     292.3949     434.2526     509.1701    1234.5836     795.0044
     201    9961.3215    1000.0837     497.4736    2592.7009     893.0626     478.4376     325.0286     476.1548     450.9774     248.5742     262.4866    1841.3383     895.0032
     202   10248.3566     551.3631     425.0783    3846.2304     489.6824     684.7166     494.7434     352.9291     249.6666     297.1527     493.3305    1487.5971     875.8664
     203    8312.5819     373.9540     389.1146    3011.8348     732.0811     571.8085     279.6339     230.6967     205.0100     222.3107     256.1337    1095.3898     944.6139
     204    9678.9490     686.7373     549.3402    2849.7571     584.2388     439.9504     409.6686     314.0608     363.1319     380.0505     334.5873    1805.4163     962.0098
     205    7966.5148     407.5620     335.8611    2870.7172     518.3438     383.0906     361.6845     305.1453     204.6611     187.0736     214.8469    1080.9640    1096.5647
     206    9371.8665     522.7372     442.5421    2913.1359     502.7746     397.6123     402.6166     450.0397     349.4728     277.3763     383.7479    2007.2896     722.5216
     207    8048.8840     398.1338     374.1948    2435.5316     385.6713     291.7027     368.2768     562.7658     542.5397     461.6678     369.4937    1237.3435     621.5625
     208    8854.4499     414.8850     470.6479    2796.3399     650.6404     272.1793     213.2430     184.1201     186.6749     271.3197     388.0357    1986.0684    1020.2956
     209    8173.7717     384.4223     370.4885    2385.3346     524.1169     488.8608     329.5821     272.2867     268.4921     444.3709     490.5358    1513.4062     701.8747
     210    9472.2773     331.5397     271.2473    2923.6646     774.9169     387.6645     276.5578     411.5221     365.5937     272.9135     446.6559    1768.2427    1241.7585
     211   10490.5724     498.6603     574.7099    3461.4141     692.1099     395.9297     388.9269     404.0194     543.5742     495.7773     507.8505    1615.2527     912.3475
     212    9556.4049     374.3060     384.7739    3559.7932     575.6832     332.4366     215.0669     216.6388     278.5177     375.4743     570.3579    1643.1691    1030.1872
     213    7710.1385     480.6946     444.2116    2352.8944     540.4705     403.8106     276.4284     241.4574     256.7830     263.2236     240.7034    1480.8065     728.6545
     214    6985.1015     330.3576     233.6339    2131.1743     477.1911     356.5310     301.5434     202.0737     218.0035     275.7385     273.3866    1344.7856     840.6823
     215    7774.9575     360.3177     295.0074    2482.5123     411.2490     473.8702     385.4714     424.6163     532.6450     542.4758     388.6763     879.0241     599.0921
     216    7238.3472     315.9025     367.6496    2358.0087     323.3475     234.0930     231.2050     286.3690     363.8406     357.3073     449.1196    1323.1237     628.3807
     217    8797.3603     391.1747     436.8934    3112.4176     784.3335     511.0193     423.0970     307.4151     272.4863     257.6624     322.7305    1257.1958     720.9347
     218    8446.5181     624.1682     640.5783    2330.4398     539.6824     380.3208     320.4236     339.6998     296.1158     222.0546     302.9975    1354.2010    1095.8363
     219    9841.4344     474.3003     470.2237    3592.5310     457.3633     464.9418     381.4300     361.2698     371.5871     233.2326     300.6915    1982.6223     751.2410
     220    8739.3744     828.1445     461.7340    2512.6518     511.4361     256.5952     212.0060     259.2553     268.1264     343.5789     373.1754    1688.2460    1024.4249
     221    8174.3220     322.3848     282.4724    2929.7677     337.4526     236.6067     226.6672     268.2670     424.6122     455.2438     329.4245    1450.7806     910.6427
     222    9035.9571     560.2912     492.9765    3235.2329     483.0974     293.1783     235.4217     285.8766     223.6796     242.6048     307.7841    1914.3069     761.5071
     223    8813.2462     396.4552     299.4175    3763.7655     303.6704     220.7256     195.1885     194.5062     212.6694     439.5283     578.2778    1313.9049     895.1370
     224   10614.2043     459.6492     398.4558    4581.5703     512.7522     538.6082     248.7980     195.2181     193.9764     259.1958     452.4998    1570.4917    1202.9887
     225    9318.2170     764.0947     451.1710    3212.2585     485.3764     410.1593     293.5378     304.6281     384.0045     321.9765     451.2708    1552.7758     686.9636
     226    7185.9009     413.7915     262.9394    2480.9038     363.5099     321.1920     331.0588     309.7282     373.8950     464.5452     414.2549     963.4707     486.6115
     227    8617.7981     321.9890     336.9900    3345.5497     465.1458     276.0585     204.5052     202.7819     236.4514     506.2168     690.2026    1311.4842     720.4230
     228    8652.1507     450.4899     457.1829    2564.3020     483.3338     259.3181     230.4324     327.9449     494.8422     471.9005     504.9872    1476.5084     930.9084
     229    7748.2483     681.6819     579.0335    2334.8808     394.5751     315.2645     351.6937     298.1360     254.1629     245.1330     292.2970    1147.7576     853.6324
     230   10471.9763     791.0143     639.6681    3496.4027     411.7584     309.1706     302.4940     298.3225     291.0243     333.5422     340.3601    1985.6857    1272.5332
     231    7681.5771     316.7008     332.6010    2811.7395     509.9704     403.8020     289.8725     216.5707     203.0086     201.4813     267.3481    1173.4210     955.0612
     232    7588.2657     473.0314     299.1530    2620.4640     589.0248     300.6592     279.8399     186.4361     166.0252     194.4155     226.0565    1393.7080     859.4522
     233    8912.7309     681.9626     603.7636    2611.2199     574.8124     389.9784     288.6267     243.1805     341.0932     377.6727     370.0712    1625.5515     804.7983
     234    8080.5612     444.0863     328.7823    3195.0406     412.2272     338.6239     263.0372     324.2271     367.7614     301.6967     256.2570    1128.7865     720.0350
     235    8880.4576     321.6847     262.3097    2407.7628     792.1686     536.4595     452.4899     378.0405     375.3572     427.3529     620.1302    1533.6550     773.0465
     236    9514.6316     608.2129     508.1224    3062.7802     444.5866     552.8298     426.6531     342.0098     310.5092     345.0545     310.1902    1828.4670     775.2160
     237    9879.5705     583.5343     617.0450    3758.5054     414.8740     322.1657     302.9705     372.1272     386.4169     537.6753     384.1324    1344.3140     855.8097
     238    8823.0185     350.5291     353.5929    3304.0137     343.6826     247.7381     298.5023     323.2544     434.5431     356.5243     362.8922    1654.3926     793.3532
     239    8839.4252     554.4542     463.9136    3063.8412     523.3052     494.0870     345.5726     298.1806     273.6302     310.3747     293.8574    1352.7315     865.4771
     240    8949.7030     319.7766     332.4403    3145.2460     617.2660     438.7185     257.3555     295.2063     256.8061     251.1210     344.5482    1908.7889     782.4295
     241    8374.0402     598.9710     615.2032    2573.8123     366.8794     266.0635     272.2236     300.1415     361.7447     392.6563     524.5127    1415.7517     686.0802
     242    7263.2736     402.8182     410.3290    2758.9831     302.2309     231.7835     239.9131     290.0053     313.5124     413.1669     301.7156    1061.0254     537.7902
     243    7986.5332     447.2066     496.9121    2522.9599     354.0020     325.8954     345.1070     293.0769     262.8812     295.1592     388.2201    1387.3415     867.7714
     244    5930.3373     317.7208     255.9253    1787.0234     273.3529     221.6429     253.1714     268.2939     251.1863     342.9796     326.4058     998.3966     634.2384
     245    9097.2217     454.1624     434.2648    3172.7013     397.6191     475.8122     481.1044     554.6677     713.6929     481.6817     326.2305     920.3668     684.9178
     246    8525.0431     403.3037     496.0848    2784.3760     440.2157     358.3547     377.0100     245.7433     230.0415     279.8358     381.8925    1390.2909    1137.8942
     247    7853.4830     387.7319     499.1811    3067.2278     485.1740     267.8603     212.0243     186.6435     183.0692     253.5991     379.6976    1034.2533     897.0209
     248    7158.2707     346.0005     432.5199    2635.2312     463.1433     290.9753     209.7971     179.7185     165.1620     172.3096     228.6076    1197.0585     837.7472
     249    7958.3027     494.4459     322.8654    2277.8902     411.9904     330.2190     297.7404     269.9710     423.8623     418.2980     415.6852    1529.8993     765.4356
     250    6931.4369     515.7966     380.7610    2439.5312     298.7801     269.9064     314.3535     251.5460     216.7868     282.0174     343.2579    1052.2538     566.4462
     251    6882.8293     524.3072     300.6184    2528.7631     394.1163     345.4319     359.6196     385.7266     220.2964     199.8509     256.7174     875.9280     491.4537
     252    9540.7347     352.5537     345.4679    2981.9248     686.8659     565.6612     443.8905     390.4911     376.2233     499.4413     453.8558    1234.2541    1210.1050
     253    7827.5067     379.4738     363.9201    2361.6722     488.1867     308.1784     268.7505     275.2997     317.9034     441.6359     626.7849    1418.9357     576.7654
     254    9531.7611     661.2620     626.0834    3403.1167     532.8147     585.3256     387.5882     245.0967     240.4527     352.2777     351.1542    1505.0427     641.5465
     255    8180.6652     481.5485     400.5442    3261.2084     415.7473     338.3135     249.6435     181.9512     178.4305     177.2820     219.2983    1416.6953     860.0025
     256    7963.8658     429.6514     578.7435    2884.6525     264.0985     206.0992     193.3925     213.9456     315.5078     373.2334     469.1891    1242.5384     792.8139
     257    7707.6902     328.4267     258.3838    2328.1731     442.6698     411.6425     295.6546     291.0611     325.1942     563.0808     631.7052    1143.9070     687.7915
     258    7827.8365     435.6931     418.4733    2399.9809     373.3570     296.6993     372.6140     377.6487     330.2260     266.7456     274.6530    1516.9069     764.8387
     259    7690.6265     545.6834     322.4697    2992.8346     278.9752     215.0185     221.0356     284.2491     328.7208     271.1811     401.2593    1271.2280     557.9711
     260    7935.5133     622.3288     509.2406    2750.8047     349.0709     226.2768     227.8472     269.3209     366.0479     367.2532     415.6509    1170.2591     661.4124
     261    8919.6139     636.7002     604.1955    2709.4663     501.9772     544.1850     433.2172     261.4529     216.4656     221.4840     309.8343    1689.5513     791.0845
     262    7929.1532     457.2393     482.2778    2734.8897     297.3108     192.9437     201.3922     233.1504     266.8554     359.9995     364.2663    1340.8641     997.9642
     263    6933.8839     418.8315     366.7111    2368.3887     313.5840     212.2903     179.4839     171.3683     180.5556     202.9043     312.4829    1286.9963     920.2870
     264    8585.9366     378.4835     332.0272    2687.9055     526.2385     427.0352     444.6056     530.1324     411.9862     445.3027     397.6203    1442.5989     562.0007
     265    8167.9697     367.2750     372.9533    2924.9392     517.2187     302.0695     316.1522     306.2467     383.4228     285.9718     306.6761    1401.8362     683.2084
     266    7992.6923     316.1591     338.1413    2734.2641     423.5969     291.9834     239.1045     245.8900     367.0002     447.8728     429.0928    1367.7167     791.8704
     267    8133.6168     660.8971     574.9520    3061.0420     288.7941     245.9449     216.3476     200.5788     222.0460     255.4138     310.4371    1432.9203     664.2431
     268    8197.4853     559.8406     307.6127    2870.8949     359.1309     333.1645     300.4699     408.6119     531.6422     491.3694     417.7252     973.3206     643.7025
     269    8648.4401     455.8851     391.3581    3021.5752     630.0860     327.4411     265.3507     280.5424     337.0740     353.1516     345.9721    1303.5809     936.4228
     270    9303.0318     600.1873     456.7696    2732.8219     565.9288     439.6959     339.4097     328.6187     467.5361     402.7221     655.9981    1430.0899     883.2537
     271    9065.0685     475.7372     357.4805    2835.8836     648.0450     500.7329     544.9856     641.8259     508.9250     366.4404     391.2022     952.6139     841.1963
     272    7675.6540     450.6215     343.7651    2623.1929     483.6634     278.0569     241.6714     298.0259     254.7309     229.9378     355.0818    1432.5103     684.3962
     273    8486.3376     503.3537     387.0932    3271.8758     339.8752     233.6178     240.3511     288.3219     425.9044     527.3184     397.0032    1239.9832     631.6397
     274    8884.2775     699.9854     522.7725    2911.9701     451.7631     317.7022     395.2694     473.2435     326.3870     246.6097     274.0604    1383.0295     881.4849
     275    9311.1510     701.2139     500.2732    2675.8816     443.4656     345.4758     319.6475     321.7367     440.7879     544.9623     617.8355    1434.9794     964.8915
     276    7390.0504     474.8752     418.9856    2498.7098     286.8302     227.8936     245.4315     274.3876     411.4411     417.9974     396.9652    1120.2206     616.3127
     277    9605.3522     550.9207     491.2485    3452.7680     379.4111     234.6598     210.6957     301.9149     480.3893     399.8732     401.1782    1700.2861    1002.0068
     278    7155.9224     379.1080     321.9189    2130.0716     352.1932     242.6345     371.6470     351.5922     326.6693     318.6287     363.1864    1455.9266     542.3459
     279    6686.9297     389.6557     390.2441    2133.8422     353.3170     270.8187     216.5729     224.8427     296.4757     329.9010     346.7764    1216.8122     517.6709
     280   10067.5858     414.1491     356.5106    3027.0606     722.2413     666.0384     678.9293     641.0436     400.9919     318.9798     374.0905    1578.8208     888.7301
     281    9360.6306     565.8586     418.8591    3698.2096     372.8769     331.7391     388.3530     403.3552     350.3651     302.8747     480.2216    1325.3235     722.5941
     282    7732.2859     621.9248     410.4375    2642.4836     369.7835     241.9238     206.4911     198.1941     227.4622     373.6197     485.6602    1346.2350     608.0702
     283    9342.4183     453.5107     338.3363    2415.3461     428.2295     344.7015     585.0013     775.2507     696.2897     610.4437     619.5895    1296.2883     779.4310
     284    8992.1595     495.7752     345.5483    3338.6262     540.3720     225.6458     222.9812     295.1018     291.6235     331.4600     427.8018    1457.5763    1019.6475
     285    8053.2018     648.0616     689.5277    2491.6372     387.0549     334.5714     273.7621     290.5820     280.6500     337.8120     463.5978    1092.0966     763.8485
     286    8663.2662     565.7524     595.8754    3222.4141     397.7589     413.5587     377.4659     266.7614     188.3649     179.3314     200.1344    1299.3286     956.5201
     287    6886.8520     530.7348     392.6571    2386.1640     444.5044     335.9638     208.5866     180.9473     173.5877     189.0931     270.3227    1149.0755     625.2148
     288    7983.6713     473.9680     427.8555    2789.1264     483.4948     335.7022     428.6380     412.6712     379.9455     337.3181     360.5905     917.9138     636.4475
     289    7074.7551     310.3763     282.3675    2117.5567     460.4920     334.8264     231.8300     218.2676     311.0577     477.9559     498.0188    1115.0088     716.9974
     290    7055.5741     349.5756     330.7101    2805.0941     275.6814     225.4941     248.3129     244.2462     260.7192     340.1654     371.6753     940.1526     663.7473
     291    8667.3073     412.6170     363.8952    2690.5748     502.2859     344.9636     300.7034     241.5411     365.9714     413.5618     332.2166    1640.3202    1058.6562
     292    7550.7316     747.7541     535.5277    2474.2255     392.0551     320.2151     231.6818     186.3952     172.6272     189.9956     221.6760    1398.1185     680.4599
     293    8233.1721     555.2821     492.7649    2596.9014     355.1846     317.0590     299.7726     377.7244     369.8438     289.8580     338.8207    1498.7123     741.2483
     294    9821.3238     521.9753     674.1870    2822.9417     686.6669     446.2330     452.8606     592.1087     392.0083     316.0636     437.0605    1593.9268     885.2915
     295    8871.8728     403.8268     496.7771    3680.0119     531.4770     294.0062     235.2042     269.1923     281.9429     235.2750     314.3052    1115.4931    1014.3610
     296    9423.2847     370.8547     394.4767    3498.9715     403.9084     257.9179     262.6481     280.5925     406.7616     429.7375     367.2358    1732.9025    1017.2774
     297    9507.1177     497.7876     472.8696    3416.7378     641.7817     426.0936     406.8403     300.8830     227.9548     226.8372     289.2185    1542.4471    1057.6665
     298    7859.8046     407.9955     444.2652    2542.6531     357.8539     259.1589     300.0767     451.9291     585.1742     442.1910     448.6048     992.0602     627.8419
     299    7507.9296     403.2389     341.2024    2362.0093     340.2842     269.5687     238.8118     247.5824     320.2248     427.5529     449.7023    1435.7089     672.0428
     300    8711.7696     683.0432     555.9273    2877.0701     416.2459     446.8141     411.0734     366.5359     370.5814     430.5486     373.2755    1094.6988     685.9555
     301    7997.2763     351.7310     375.5611    2895.0563     453.3462     296.3485     247.9405     303.2371     374.6845     273.4955     396.2155    1233.9326     795.7275
     302    9274.2381     757.6058     618.7535    2761.9371     416.1269     314.0622     409.2218     517.3383     658.2234     611.2475     385.3119    1188.4775     635.9322
     303    9144.0731     502.6881     437.6466    2859.6077     410.2884     371.5457     441.5161     380.2614     405.8515     284.1284     303.3711    1851.5106     895.6577
     304    8266.1332     436.6093     349.0875    2790.9029     395.9258     419.7378     361.3077     392.2831     320.1358     265.9658     358.3858    1276.7739     899.0179
     305   11195.9817     686.6528     552.2169    3373.2585     537.2036     569.5638     368.9523     449.7004     447.7446     454.2115     498.3277    2023.7242    1234.4254
     306    7271.0987     402.9902     345.4997    2305.8604     389.9423     317.8114     282.5614     293.7978     295.8684     332.3691     326.2610    1177.1826     800.9546
     307    8229.5401     531.8748     314.9321    2878.5665     594.0314     384.8158     231.2744     197.4739     182.3936     208.6140     311.5793    1406.7415     987.2428
     308    9225.0986     380.8124     407.3840    3116.3734     408.2289     372.2781     499.4475     601.2307     531.9391     421.3054     418.5426    1488.2180     579.3384
     309    8487.9526     395.5945     371.3293    2904.2830     568.7165     332.6930     296.1882     372.9967     517.3827     456.3293     346.3320    1062.0861     864.0212
     310   10707.5647     759.1575     678.1830    3513.6562     462.5539     288.3907     372.4297     532.5915     459.4464     471.0881     621.0258    1775.7576     773.2843
     311    9181.6975     425.5808     436.5004    2925.7368     670.6655     591.0896     307.1790     314.9800     323.0166     282.3988     452.4814    1735.5796     716.4890
     312    8914.9895     602.6426     520.5728    2519.4795     448.7370     260.8731     223.5241     248.4106     267.4035     345.2266     447.2890    2226.1334     804.6974
     313    9556.8301     484.4616     516.2539    3354.6601     426.1837     312.6858     289.7788     405.2228     323.8819     312.9224     307.7250    1706.4372    1116.6169
     314    9791.9637     454.6910     448.8993    3417.7069     448.9244     282.6610     416.5107     403.2523     431.7760     466.2511     587.2664    1641.0618     792.9627
     315    8051.2706     339.0093     362.5800    2844.3791     325.5130     293.4464     344.9037     376.5553     329.1826     281.7459     323.6473    1358.2902     872.0179
     316   10601.2557     822.4069     859.2265    3432.0246     421.1914     295.2124     311.1817     483.2867     542.9061     395.2128     360.2686    1569.3174    1109.0205
     317    8137.0583     483.9625     475.6201    3166.2196     489.1328     281.9194     217.3854     229.1057     293.1140     425.1774     395.3729    1166.7575     513.2911
     318    9155.7346     488.0163     707.2270    3194.1924     368.9673     268.4465     219.8639     215.7911     306.1814     393.5960     508.0759    1624.2093     861.1675
     319    9033.9905     381.6471     417.9873    3125.9279     384.4769     386.5211     341.3598     365.7239     382.5432     281.2137     372.5398    1631.6730     962.3768
     320    8177.1156     737.7877     634.1134    2703.0132     669.6588     418.6433     224.2051     223.1717     283.6524     308.9258     273.5193     860.8281     839.5968
     321    9639.6347     613.2454     888.3993    2936.0767     576.4547     540.4548     517.4833     354.4903     311.3033     254.3356     275.1880    1598.7303     773.4732
     322    9982.0059     486.3874     443.2685    3136.5119     723.3489     493.5063     359.2449     560.8825     546.3253     359.8270     455.0840    1547.4978     870.1214
     323    7370.6469     436.2251     352.5393    2678.2229     349.0922     250.8620     276.5933     276.4735     299.0444     328.4551     424.7808    1174.2921     524.0662
     324    7959.6476     332.7876     333.8049    2839.3899     597.7323     290.0625     292.0263     380.3173     229.8284     273.9954     435.2080    1084.7794     869.7155
     325    7414.5529     462.7023     363.9760    2051.8293     365.3102     305.4681     315.6319     411.4179     402.4889     406.9520     397.9343    1276.4912     654.3508
     326    9283.9818     495.1670     311.5546    3222.5313     296.5088     231.4518     219.5957     329.4394     497.7598     609.7999     654.9735    1546.1411     869.0589
     327    8054.3722     315.4949     259.9621    2499.2682     448.7048     470.3970     459.5577     434.4601     458.6002     346.3175     339.6657    1267.8755     754.0683
     328    8621.2537     570.0192     459.7323    2219.4852     386.3521     375.2541     361.2893     318.5081     393.1794     535.4603     517.9311    1603.2477     880.7949
     329    8136.0898     897.9819     442.3119    2607.6266     398.9375     418.8554     261.7265     256.0355     343.8091     489.2805     358.8842     953.2786     707.3621
     330    8925.1887     328.3680     300.9694    3090.7095     504.8724     352.8059     438.2587     352.7576     391.3583     614.4437     649.7785    1287.9134     612.9535
     331    9779.8963     519.7922     454.4964    2984.0780     635.2462     343.4920     245.4354     308.6650     498.8376     577.2236     589.5909    1935.9258     687.1134
     332    7007.7850     741.6544     282.6845    1821.3632     334.7964     265.4420     246.1454     310.7108     369.2294     354.5102     369.2074    1135.0299     777.0113
     333    9108.3216     529.5299     459.8542    3095.1151     663.1589     525.4846     363.8061     279.7531     264.1758     219.0121     257.5612    1472.7125     978.1581
     334    9673.6545     559.5054     427.5910    3459.0092     638.9587     354.1145     230.7324     273.9563     503.6838     486.4301     372.4858    1455.6180     911.5693
     335    9345.8193     698.7975     502.5746    2681.8722     481.9306     304.6765     418.9731     363.1846     331.0234     493.8110     781.2518    1671.8582     615.8658
     336    9051.8787     373.0826     335.4076    3266.8057     504.6750     394.4641     348.7519     475.8358     505.5792     340.3919     309.1134    1502.9433     694.8282
     337    9080.7519     426.8726     441.3138    3276.1686     493.7830     333.9020     335.4038     387.5379     448.0466     345.6800     401.8248    1482.8481     707.3707
     338    8163.2303     448.5050     363.8360    2214.4785     639.3583     322.4338     307.7759     335.2829     510.6451     379.9538     354.0898    1535.2058     751.6655
     339    9198.4237     574.4597     646.7516    3472.8822     494.8421     388.2423     281.1665     281.4455     294.8736     469.3608     433.3002    1190.9780     670.1214
     340    6698.9791     402.1286     363.9667    2226.7898     409.8627     263.6052     194.2162     240.1453     245.0679     234.3391     269.1869    1289.5029     560.1678
     341   10194.8331     320.5432     279.6008    3626.1361     788.9992     410.8381     321.8054     368.0514     326.4650     252.9821     262.8933    2027.3717    1209.1469
     342    7216.4407     540.8712     478.9601    2146.6960     438.8924     316.7841     252.8813     236.6363     251.2800     327.6442     408.4952    1175.8758     641.4242
     343   10558.2030     587.9681     497.2017    3547.7294     503.9462     384.0368     376.1728     390.5851     440.0571     501.7420     531.2607    1645.2928    1152.2103
     344    9789.8096     617.6912     591.5929    3298.8182     397.4143     292.2562     401.0180     506.0277     423.8406     427.7741     649.3103    1383.0062     801.0598
     345    9862.0330     531.0269     387.9827    3912.3590     328.6572     242.0935     254.7611     368.1724     509.9568     391.3806     365.2735    1681.8450     888.5244
     346   10147.8683     428.0883     448.9542    3491.8711     599.2010     706.9915     543.1077     385.0509     294.7931     287.0760     343.4911    1682.8079     936.4355
     347    8941.6449     516.8732     587.7487    3335.4787     331.9441     241.9775     222.3895     247.2752     272.4149     286.7338     383.5938    1733.9008     781.3145
     348   10100.1509     696.0596     506.0592    3318.5652     853.1766     457.7319     287.5146     358.9999     290.4898     442.1208     556.4312    1257.0138    1075.9884
     349    7444.4778     577.5381     508.7222    2454.0495     461.5754     361.4118     232.3418     210.4070     219.2337     261.7857     267.2398    1049.6999     840.4728
     350    8936.3660     549.5993     535.9152    2836.1793     462.5568     290.1123     293.3323     376.6260     370.4046     420.5590     346.0518    1587.3879     867.6415
     351    9955.9208     592.3725     530.3441    3782.6124     520.5430     258.3618     252.4441     384.2286     436.0098     294.8397     279.5240    1404.7469    1219.8937
     352    6763.4080     642.8645     429.4200    2605.7235     461.5983     317.6549     174.4854     181.7194     161.0822     182.7077     188.4204     795.8005     621.9313
     353    8329.6123     633.3151     382.9015    2629.0702     405.5821     398.4062     334.8744     261.3434     289.1908     295.7402     372.6625    1682.4916     644.0343
     354    7340.2412     515.0559     312.8985    2701.5279     408.2382     384.7224     306.2946     300.7295     281.0918     282.6616     316.8669     967.0721     563.0820
     355    6994.5712     306.3475     252.1304    2151.0413     424.1349     265.7638     267.1108     281.4870     349.2423     334.9741     335.4590    1237.9610     788.9191
     356    9347.6069     501.1481     550.9636    3187.4250     635.0564     430.7092     392.1395     545.1072     380.1419     349.8136     335.0960    1243.1550     796.8514
     357    7732.6851     336.9229     359.4814    1964.8241     595.0130     542.1591     327.0004     284.4300     346.1773     389.3550     456.7957    1484.9075     645.6187
     358    8983.6430     776.3499     606.1420    2692.3116     516.2362     303.2810     343.4749     303.7726     302.8260     257.7473     273.8475    1770.7988     836.8550
     359    8123.2214     319.7120     394.6805    2299.3730     637.7352     337.9819     256.0156     355.8381     415.9798     533.7134     440.5264    1462.2349     669.4305
     360    8373.3607     324.4322     349.9116    2900.8786     277.1015     211.0310     217.0558     313.9842     496.5916     572.5372     521.1090    1358.5817     830.1463
     361    7579.5098     339.0926     291.6796    2435.5248     513.4547     275.2106     214.2749     216.9247     266.6795     320.6329     303.5054    1546.1724     856.3576
     362    9503.3164     456.7250     514.2544    3213.8623     478.2963     492.0261     594.4878     346.1471     453.2836     312.0864     289.1909    1693.4770     659.4796
     363    8947.2036     389.1243     354.9609    3396.5706     498.5513     355.2852     342.5207     279.1263     388.8951     500.3282     474.0081    1360.4837     607.3493
     364    7505.4017     318.7587     235.0133    2415.8563     484.5110     341.3142     345.5075     413.8399     434.9747     404.3762     334.2830     991.3482     785.6187
     365    9985.3200     644.1503     405.9909    3008.7788     664.2091     568.0169     445.1693     442.1288     362.9653     308.4917     347.3583    1914.5765     873.4841
     366    8290.9592     523.7471     379.9365    2578.0309     395.7393     291.1058     244.5027     292.6562     338.9955     407.1106     429.3432    1618.1472     791.6441
     367    8064.0361     610.2897     467.3032    2585.4778     308.3955     233.4772     279.1331     278.8131     303.7486     355.7773     398.2240    1577.9316     665.4649
     368    9608.4223     604.6681     491.5180    4023.4767     533.2238     475.6800     287.0903     213.0225     246.7518     356.2234     469.2817    1275.1492     632.3368
     369    8624.9362     496.5614     442.5537    2892.1800     700.1288     515.7016     372.0512     270.0382     292.3217     315.9304     458.3617    1326.4867     542.6208
     370    9924.0176     572.8377     401.2015    3675.8914     604.6244     354.7343     279.9113     290.8809     306.2996     359.8079     369.9586    1760.6620     947.2082
     371    8686.9036     417.6057     474.8502    3091.4196     449.3175     421.4165     434.1667     320.5370     205.5107     210.2110     386.3808    1619.3518     656.1362
     372    9178.1175     749.5454     570.0440    2950.4882     420.9164     389.7703     277.2166     195.0504     233.5828     497.2232     837.3430    1366.6770     690.2601
     373   10356.9524     328.7366     330.6763    3331.6282     495.8199     547.5132     434.8315     391.8068     610.1332     572.1953     649.6622    1966.7806     697.1687
     374    5553.6911     453.9680     312.0410    2088.2084     256.9350     172.7462     160.5119     155.0108     153.9260     159.9383     187.4862     937.1219     515.7974
     375    6544.4756     481.7237     393.5844    2563.7852     314.6436     272.3373     215.7896     208.7380     217.5314     219.6166     242.1748     930.7659     483.7851
     376   10622.9865     866.1094     742.8832    3437.2185     528.0276     430.8117     611.0312     510.9901     346.5474     234.0132     280.1635    1499.8198    1135.3709
     377   10745.2938     465.0965     689.5092    3209.5873     503.7479     385.2073     486.6373     520.7265     480.6694     433.9971     439.2395    1850.3563    1280.5194
     378    8936.1057     398.6253     444.5945    2968.5468     551.1973     350.9321     266.9731     271.6893     349.1476     391.8264     361.4799    1533.4301    1047.6635
     379    8093.4645     369.9764     361.8793    2511.6092     477.6268     361.8899     376.2934     521.1971     474.2871     324.6034     375.5970    1185.7432     752.7619
     380    8231.3397     388.2159     363.8548    3106.4378     369.0631     274.6492     290.5286     411.2752     388.5038     354.5852     402.8306    1211.1150     670.2807
     381   10108.9811     659.3176     393.8002    3781.0071     670.4120     420.5651     407.1616     283.8146     255.1018     267.8699     285.8715    1644.0079    1040.0518
     382   10120.1753     412.7073     594.5414    3720.4259     446.5131     260.8291     205.6628     239.3940     382.8526     511.3755     467.9904    1698.5953    1179.2879
     383    8055.6051     530.0551     688.1904    2446.2099     361.7199     423.3013     429.8314     323.0975     247.3245     240.4294     284.8015    1106.4803     974.1640
     384    7562.1362     573.6692     437.3405    2311.1732     346.9460     226.3311     243.9026     322.2725     345.9094     459.4177     479.3052    1205.3242     610.5443
     385    9483.6664     405.5413     390.6940    3738.4843     412.0957     265.5030     253.6975     212.5481     232.9101     599.0393     701.7917    1357.3711     913.9901
     386    8432.5616     589.5463     373.6462    3100.9197     374.4856     248.9196     290.9336     307.8490     287.7972     294.3813     308.5472    1492.3809     763.1548
     387    8545.8615     578.0491     421.7891    3011.8580     425.4653     310.4974     334.3241     288.5847     389.8533     485.4579     433.4441    1110.9163     755.6220
     388    7360.8162     433.1106     438.2317    2537.7316     453.2652     300.2643     164.6937     180.9001     302.5581     382.3221     379.1051    1126.1760     662.4577
     389    9677.2377     334.3611     326.7890    2713.5654     624.4384     664.4854     823.4652     580.0382     382.6193     447.4635     606.8692    1445.9075     727.2355
     390    8793.6188     320.6767     287.9531    2889.8232     620.7098     453.3244     428.7658     514.2913     612.2569     371.2900     333.3297    1408.0417     553.1564
     391    9428.1964     470.0539     452.4613    3114.7101     674.7413     470.7366     501.8483     535.6349     410.3383     379.3240     318.3587    1191.0906     908.8982
     392    7863.3241     337.7383     327.0175    2888.3376     373.1077     322.1902     409.2849     523.5494     382.1803     235.2077     271.6546    1005.3359     787.7199
     393    8937.3731     562.5206     489.4947    2817.8683     484.2491     346.2143     483.1896     409.8460     333.4090     438.3034     454.5507    1474.3446     643.3829
     394   11271.7645     594.6430     874.1166    3036.8635     567.6956     668.0434     533.7395     681.0106     581.7347     408.9888     591.3064    1809.0012     924.6210
     395   12141.7925     445.4357     509.1078    4334.2373     724.5983     875.2198     426.9799     371.3380     515.9038     812.8542     478.6328    1490.2101    1157.2750
     396    7031.3633     446.8174     355.0470    2901.0483     276.9295     201.6933     195.0416     207.9060     298.2187     310.3481     399.7526     922.9301     515.6307
     397    9855.6912     489.8400     438.2492    3468.4117     487.4305     480.2722     408.6300     432.0741     667.3763     456.5710     461.3273    1169.2207     896.2881
     398    8897.6206     411.4706     543.2904    2707.1619     594.2706     325.3096     315.9696     327.0530     406.3647     469.2887     628.1497    1337.7905     831.5014
     399    9000.4837     435.5949     423.8834    3097.7749     460.6605     277.7650     212.3538     286.9846     607.6325     528.5834     343.3300    1350.7029     975.2177
     400    9303.3473     722.1782     408.6473    2742.9780     371.2317     337.7930     459.4928     280.4841     301.1497     432.7958     522.9761    1868.8724     854.7483
     401    9966.5366     683.8969     522.0710    3283.5345     587.6781     323.1868     332.3225     337.5775     287.0000     279.7505     307.7982    2214.3090     807.4115
     402    9166.1146     482.8848     380.6360    3147.1207     562.9450     346.2777     282.3790     402.5439     562.0144     480.5491     537.7182    1077.1849     903.8608
     403    6396.0003     433.3043     369.9425    2085.4544     389.1701     294.1614     213.4426     167.1149     174.7710     244.4197     352.6313    1062.7370     608.8510
     404    7007.1273     334.1415     353.9748    2066.8505     320.9124     235.7674     252.0540     373.4867     508.4806     451.3081     421.3714    1044.3981     644.3817
     405    9022.9701     716.0862     407.8328    3024.1460     407.6922     289.7517     353.7428     407.8511     388.6899     314.4408     271.6189    1739.5594     701.5582
     406   12143.8361     720.2261     529.1983    4288.4500     737.3408     571.1437     407.3116     396.8758     392.5812     538.6925     531.0658    1784.4723    1246.4780
     407   10379.9224     465.4440     442.0126    3594.1873     551.0068     517.2107     404.5262     402.5493     357.3232     297.2053     420.8421    1904.8643    1022.7506
     408    8916.4514     516.5567     546.1310    2927.6816     536.1420     427.1351     288.1129     254.7494     358.6349     430.8707     387.0850    1313.9883     929.3638
     409    8542.3430     350.7381     526.2220    2488.3286     364.9132     338.6950     427.2885     481.0026     406.9857     388.3280     455.1422    1344.6270     970.0722
     410    7567.5946     366.6195     377.2151    2917.4337     406.0131     275.7922     290.1886     445.4689     323.0216     376.0695     299.9781     868.3226     621.4718
     411    9355.6932     540.3493     672.6466    3320.2513     354.5870     330.8828     448.1048     515.1053     326.3529     376.7407     388.6882    1300.4827     781.5015
     412    9674.0429     337.3003     288.8896    3236.7844     548.6499     496.3768     435.1386     355.9565     366.2590     296.5129     351.0425    2107.2991     853.8332
     413   10120.9520     581.0161     418.7076    3686.8222     450.8467     256.8228     255.5009     279.8954     280.5107     365.7905     435.4717    1972.8642    1136.7031
     414    8224.4506     605.9822     392.4176    2950.6213     446.0489     437.9360     331.9934     204.1167     197.5841     282.8802     466.2665    1353.3724     555.2312
     415    7468.9426     327.2018     311.0972    2118.5891     415.2672     288.3397     314.3146     344.3071     306.6815     301.0052     307.1126    1697.8136     737.2129
     416    7266.1521     538.1090     475.9649    2728.9098     429.1705     305.7568     188.0961     183.8834     221.2718     267.4430     303.4029    1095.6874     528.4566
     417    7218.1994     478.8874     422.9339    2719.7582     391.8145     339.6520     233.2322     231.9011     252.3941     312.3835     299.3324    1022.3323     513.5778
     418    7726.7664     366.1544     357.4345    2842.4162     462.7331     224.4985     196.6494     190.3911     213.3154     307.1180     464.8851    1419.7303     681.4405
     419    8396.4474     343.6522     455.8837    3059.8709     504.2162     373.9711     262.5966     220.6301     295.5323     274.5295     357.2133    1579.8406     668.5109
     420    8096.1567     471.8761     367.3259    2399.8225     614.2701     492.5097     459.2147     377.1596     334.6642     415.6050     494.9474    1135.7550     533.0064
     421    8625.2621     362.3296     494.7148    2859.7375     427.5049     276.0922     260.3273     388.9250     323.5957     500.8546     557.5994    1355.0820     818.4992
     422   10084.5000     542.4442     455.1604    3399.2791     537.8747     293.0760     352.6348     533.4927     371.2306     347.9887     391.9501    1890.6895     968.6792
     423    8284.2057     517.5290     442.2800    2836.4506     509.7799     284.9174     208.5827     235.6703     368.5731     573.3153     497.2507    1171.5500     638.3066
     424    7609.6642     368.4087     319.9706    2766.9988     458.2715     372.8469     383.1660     307.7761     330.1234     264.7900     292.7797    1095.6607     648.8717
     425    7346.6338     506.7624     368.4353    2453.1252     533.2009     386.9108     381.9858     255.7495     231.8637     244.3929     219.1319    1056.4933     708.5821
     426    9007.6510     590.0837     601.1605    3003.2313     451.8749     264.5884     197.2523     191.0622     335.2429     615.2035     537.1837    1325.8546     894.9130
     427    8033.2524     306.0628     285.5055    2744.6169     567.6551     311.0485     288.7167     477.3517     461.5404     434.9931     359.3495    1111.1614     685.2508
     428    8721.0949     491.6773     348.7276    2696.1527     436.0910     286.7863     352.2917     446.9686     395.4406     459.3570     484.4736    1680.5191     642.6095
     429    7633.6365     552.0167     463.2668    2614.7319     449.0256     287.3968     192.3301     189.4441     201.1198     245.5033     351.5441    1274.8487     812.4086
     430    8640.3441     582.6021     465.3243    3013.8875     415.8082     325.8785     355.6604     457.2495     486.1873     386.9949     299.1876    1228.4809     623.0829
     431    6492.8380     439.4127     371.3244    2620.5548     431.8508     273.3913     208.6882     167.1995     181.2831     213.5006     254.4406     823.4441     507.7479
     432    9324.7647     413.9148     390.3900    3144.0355     763.5137     636.7754     429.2441     388.7306     351.6644     416.9061     469.0630    1139.5091     781.0181
     433   10249.6756     478.1889     424.1707    3158.8841     675.3479     485.5074     403.8187     534.7173     869.9201     631.1774     409.8609    1221.5164     956.5657
     434    9196.2232     650.5493     632.0842    3235.4286     310.9009     211.8854     210.2467     229.5891     226.2795     230.4474     281.3175    1693.5726    1283.9219
     435    7662.2315     511.2296     412.6030    2782.0391     350.8158     305.3385     289.4771     455.8118     387.1460     277.8680     259.5933    1129.6597     500.6498
     436    8905.6610     709.8749     673.3389    2466.3302     389.7865     276.8326     347.2342     419.0077     527.6440     462.0043     467.4170    1055.1313    1111.0595
     437    9480.4385     511.6738     585.8785    2982.2516     467.2758     313.8853     472.4808     548.1188     351.5005     357.4940     427.8905    1536.2796     925.7094
     438    8453.7838     477.8362     479.0220    3007.1953     392.2217     250.0577     237.9096     203.8364     203.4837     357.8540     558.8138    1542.4967     743.0567
     439    8908.3143     404.1280     383.2935    2915.9125     423.6712     401.4923     393.3214     386.7555     352.1288     408.5499     451.4426    1702.0963     685.5225
     440    9600.6491     421.4557     497.4018    3334.1811     472.9083     327.7913     327.6193     340.6071     482.2806     433.1955     448.4164    1759.1136     755.6784
     441    9681.6536     764.9725     556.3586    2686.4082     502.8461     421.8624     575.7404     599.7700     406.6099     296.5641     308.9940    1915.7236     645.8037
     442    9774.9203     555.9325     531.9082    2800.3910     496.9916     346.0434     374.2813     408.9811     471.9839     377.2827     725.5998    1982.7632     702.7616
     443    6904.5267     365.2914     362.4580    1983.8935     372.3138     357.0209     310.2602     280.1033     314.2503     314.9855     336.0222    1164.0674     743.8601
     444    8828.4690     518.2146     509.6894    3643.4082     443.4318     322.8986     230.6488     270.3575     321.6992     325.6308     362.4812    1076.9688     803.0399
     445    8087.0448     307.5929     254.6668    2567.0814     594.4147     354.8447     251.6075     275.8312     321.7120     331.1650     382.3073    1607.1047     838.7168
     446    8814.1862     612.9918     554.4793    2696.3619     391.8156     326.0062     311.1822     340.3804     401.2406     436.8777     489.8223    1362.1142     890.9140
     447    8921.3939     302.4366     246.3794    3038.7345     579.8237     351.0860     444.1494     359.9367     334.2981     293.3067     370.8201    1592.6039    1007.8187
     448    8546.7629     375.3781     350.0840    2938.2133     295.7115     205.4376     199.1767     245.9656     490.8753     742.0563     545.2518    1286.4650     872.1476
     449    7720.4152     506.1734     422.4559    2256.9288     497.6467     289.9563     252.3965     319.8529     396.5234     301.0649     324.9939    1581.2730     571.1495
     450    6201.7350     396.0076     325.5975    2330.6728     358.8906     284.1125     246.6113     200.6353     176.5513     181.6895     272.9859     894.0584     533.9223
     451    7783.5532     698.3705     641.5585    2528.3608     346.6397     234.8535     261.2382     246.3670     215.6552     295.9686     361.1066    1197.4932     755.9413
     452    7404.7421     671.9497     385.2037    2585.1858     333.6034     304.7597     276.9972     248.2813     291.8234     300.6527     273.4414     967.7451     765.0988
     453    8300.2237     324.1155     355.4086    2182.6800     536.4476     472.0624     426.4180     330.4394     356.0458     514.4433     427.5740    1276.5864    1098.0025
     454   10479.3182     462.2956     501.2034    4164.5476     421.8213     364.9118     397.5172     296.3957     248.1875     286.4938     485.4320    1851.2392     999.2732
     455    9253.6205    1133.6100     536.8044    3018.7204     444.3749     250.6695     209.2741     210.2743     332.9696     505.0862     514.3100    1362.8510     734.6761
     456    8873.2805     433.8205     506.8081    2415.5643     696.0458     331.7976     209.6371     216.1898     303.1771     486.9965     606.2322    1805.4557     861.5557
     457    7506.8826     415.0018     312.5183    2181.9887     391.7661     276.6477     368.3840     407.3461     421.7493     358.0375     328.5726    1295.3095     749.5609
     458    7780.6394     409.5089     316.0689    2870.8110     324.2549     258.7530     262.9100     428.6953     473.3261     291.1868     287.1964    1292.9622     564.9659
     459    9608.7992     350.0905     293.2244    2949.1181     664.3550     387.0093     412.6630     416.8138     421.8120     462.2361     363.9610    1748.1920    1139.3240
     460    8234.3315     719.6459     587.5586    3026.4696     547.4971     454.0282     281.1998     219.2325     211.7299     240.5268     343.1874    1033.3921     569.8635
     461    8345.8107     359.5585     355.4519    2710.8149     401.3849     391.7584     401.2852     366.4249     452.0035     342.4582     344.6853    1409.4314     810.5537
     462   11360.6157     712.6146     545.9115    3376.8159     693.5017     452.0737     301.3840     443.0339     394.8893     320.6220     401.8274    2399.7287    1318.2130
     463    8482.3717     352.2178     417.6216    2454.5495     561.3114     376.8374     293.9343     235.5804     271.1513     424.8756     510.7365    1597.0991     986.4568
     464    9826.6630     505.8488     406.8823    3569.5890     637.3826     593.1826     445.4135     343.0988     241.1208     222.9521     326.9152    1643.9459     890.3314
     465    7226.2672     337.2393     294.7711    2231.5632     417.6784     275.5257     231.6798     225.7994     261.5416     373.0707     415.4016    1484.7821     677.2144
     466    9451.2888     612.1960     674.3972    2700.5474     563.1060     405.5339     275.5606     238.1408     341.9490     458.0798     403.9637    1723.5925    1054.2220
     467    9507.9557     765.1852     498.4701    3022.3890     482.1620     564.9444     398.1282     377.1660     322.8167     425.1402     377.6503    1301.4632     972.4403
     468    7150.9639     407.0590     327.6150    2270.1784     298.3973     242.7202     350.4087     395.7701     387.8077     363.5460     346.1449    1067.7690     693.5477
     469    6829.9049     321.9555     250.5672    2025.1892     299.2342     189.8207     187.3194     237.6483     306.5961     305.3466     342.5113    1675.5569     688.1596
     470   11341.2881     644.9473     594.8817    4727.7197     582.5747     405.0446     329.5915     266.1664     217.9775     267.4727     490.9465    1661.8641    1152.1013
     471    9143.2447     483.5611     431.4980    2778.8148     539.6590     371.8018     463.5341     438.3053     371.2233     347.2519     360.0306    1613.2736     944.2911
     472    9305.5420     725.0577     568.6317    3064.3303     379.3544     236.8365     276.5226     374.9683     372.9071     343.8303     378.0404    1518.0638    1066.9988
     473    6948.0132     397.4912     346.0192    2873.1572     318.2288     267.7411     332.2609     218.0472     185.3407     197.5961     216.5194     968.7058     626.9055
     474   11173.9338     996.8856     393.2346    4646.6262     332.2149     213.8773     208.2364     360.0488     497.7137     481.9538     551.9134    1462.3688    1028.8604
     475   10208.4388     670.6954     452.1070    3155.5799     676.3057     632.7974     424.4149     448.4140     493.1511     353.7146     370.9154    1454.0341    1076.3092
     476    9563.7883     682.6365     633.2592    2771.3580     556.6896     475.1510     301.3974     214.7667     214.2723     277.2248     455.0307    2065.1064     916.8957
     477    9287.3491     407.2715     444.4803    3764.1827     468.6921     394.1664     289.4853     386.5309     272.0700     251.8800     303.1028    1540.4332     765.0540
     478    9835.5051     496.1567     422.3101    2997.3950     731.5076     604.8938     431.1391     601.9338     653.1933     365.7953     339.2832    1418.1225     773.7746
     479    8149.1012     523.3052     312.5300    2578.9425     293.5253     267.3183     226.0175     269.0866     366.8397     423.6923     450.3419    1620.2462     817.2555
     480    8789.0541     382.2575     343.8265    3022.7990     594.0085     430.6399     314.4149     299.2408     304.2091     271.6735     271.6430    1699.1309     855.2106
     481   10299.5468     524.2241     371.1491    3732.4083     528.9205     305.2977     259.6434     271.0140     408.6394     447.9700     482.4851    1681.7532    1286.0421
     482    8670.3080     405.1539     385.8379    3405.2808     379.6805     288.3715     415.2781     363.1789     297.2025     307.8701     430.2715    1143.6559     848.5263
     483    8540.1517     487.2537     599.7969    2677.0906     449.4346     434.7124     488.1513     361.0084     307.7753     343.9523     341.9573    1067.3640     981.6548
     484    8603.3234     406.2184     353.9495    2258.6283     564.9749     395.1625     452.4749     572.0238     538.7387     493.0607     470.5431    1316.1735     781.3752
     485    8869.2195     333.7773     273.7892    2801.3257     684.8772     420.4538     342.9164     391.7231     288.0430     248.1360     345.5852    1681.1224    1057.4702
     486    9707.9838     620.2687     548.5822    2839.7142     390.6186     488.8514     551.0061     482.3768     396.2446     325.0774     362.3593    1787.3724     915.5120
     487    9623.1199     606.6551     605.2224    3243.5784     568.0290     398.9203     221.0076     222.2747     354.0869     337.0373     420.1321    1921.6593     724.5169
     488   11137.3091     656.3165     550.3238    3603.3235     633.7749     462.1694     387.5015     352.7367     343.0410     406.0859     441.2274    2057.8680    1242.9406
     489    8171.1950     334.1244     342.2354    2871.9685     633.7489     490.7491     293.6098     223.5293     224.6678     249.9901     280.7302    1264.1591     961.6824
     490    8415.4139     490.9811     409.8109    2740.8267     676.0708     361.7967     404.7178     428.5937     284.8257     220.4378     281.4909    1289.3660     826.4957
     491    9522.3037     519.1151     520.5388    2795.8657     755.1993     447.7739     499.1471     382.2111     257.3308     222.6459     291.3181    1956.9881     874.1699
     492    9584.2969     457.2766     418.1867    3126.1594     566.8336     420.1016     286.1726     254.6315     286.5972     315.4373     328.2679    2336.0871     788.5454
     493    8560.2327     443.0217     483.2824    2403.0747     590.0866     512.4050     431.1951     354.6614     309.5885     276.1213     557.8545    1479.6682     719.2731
     494    9784.2639     706.5752     559.4790    3254.1016     528.5979     337.6322     425.4062     369.6405     273.6808     305.7800     327.7273    1675.5690    1020.0742
     495    9669.1627     711.6998     427.5567    3711.1538     623.1454     388.6423     252.6682     213.0081     219.9789     338.1801     435.9715    1386.1244     961.0336
     496    7371.9618     584.1059     357.7509    2249.5390     519.0475     368.1477     252.6482     187.7521     181.0575     231.5668     315.8514    1313.3231     811.1717
     497    7749.1796     509.1377     312.2422    2561.0804     346.1387     391.2416     385.9113     415.2063     428.8525     385.7391     312.8197     991.9435     708.8667
     498    9413.6881     535.2857     472.8421    3026.3407     537.1500     336.0783     276.4274     269.5624     345.2505     315.2951     348.7637    1847.0867    1103.6053
     499    8001.3056     416.1717     485.8840    2386.7122     404.2562     269.0399     264.2665     294.2540     343.3199     532.6057     511.2357    1130.4752     963.0847
     500    8471.5485     481.7153     437.1260    3357.9375     403.3577     313.7205     321.8377     220.5030     222.6846     376.0617     349.0481    1096.1822     891.3742
