#Frame   RMSD_TIP_noH
       1       0.0000
       2      15.1744
       3      12.7288
       4      12.7362
       5      14.4231
       6       9.4913
       7      13.8176
       8      10.8275
       9      14.3599
      10       7.1219
      11       9.4746
      12      14.6176
      13      16.1362
      14       9.6124
      15      15.8234
      16       6.1696
      17      11.8475
      18      13.5053
      19      15.6298
      20       8.8857
      21      12.4322
      22      13.6751
      23       9.6087
      24      13.1362
      25      10.9499
      26      18.3153
      27       8.8010
      28      14.5598
      29       9.9380
      30      17.8263
      31      12.1275
      32      16.4296
      33      12.7959
      34       9.2877
      35      10.7694
      36      12.2688
      37      10.6416
      38      14.0091
      39      13.3654
      40      13.4851
      41      11.1703
      42      14.0783
      43       7.1047
      44       8.3246
      45      12.2103
      46      12.7551
      47      14.3963
      48      11.3342
      49       9.3356
      50      16.6183
      51      13.2939
      52      11.7624
      53      12.3867
      54       7.4921
      55      10.6824
      56      14.4929
      57      10.6963
      58      12.2675
      59      13.3615
      60      14.3395
      61      18.4088
      62       8.8045
      63       9.2196
      64       9.2374
      65      10.9041
      66       8.5237
      67      16.7452
      68      13.6712
      69      10.1610
      70      11.9279
      71      11.5031
      72      12.9706
      73      10.0698
      74      11.3518
      75      12.9590
      76       9.1531
      77      11.7211
      78      10.7173
      79      17.1817
      80      14.2486
      81      14.6996
      82      13.0551
      83       8.7556
      84      10.5380
      85       9.7763
      86      11.9258
      87       6.0352
      88      13.7275
      89      10.7538
      90      11.6384
      91      15.8859
      92      13.8490
      93      10.8913
      94      16.6457
      95      11.4410
      96       9.4936
      97       8.0281
      98      10.1975
      99      13.2669
     100      11.0417
     101       9.2626
     102      14.6550
     103      12.2451
     104      14.6748
     105      12.7087
     106       9.3534
     107      11.4519
     108      16.8755
     109      12.0681
     110      12.6571
     111      13.5122
     112      10.5891
     113       8.1673
     114      10.3664
     115      11.5352
     116       8.4898
     117      11.8149
     118      11.7547
     119       9.2435
     120      12.0503
     121      11.1893
     122      16.5700
     123      10.6369
     124       9.4642
     125      10.8149
     126      13.8657
     127      17.9055
     128       9.4857
     129       8.7384
     130       9.3959
     131      14.9576
     132      13.2470
     133      10.1982
     134      10.8917
     135       9.4572
     136      10.3015
     137      12.5194
     138      11.5203
     139      11.5873
     140       9.5407
     141      16.3933
     142      11.1502
     143      12.3487
     144      12.9036
     145       7.5668
     146       8.6450
     147      10.7161
     148      13.5712
     149      15.7691
     150      12.0847
     151      13.1186
     152      14.1345
     153      12.8910
     154      13.3204
     155      13.9390
     156      14.6938
     157       9.2187
     158      10.0517
     159       9.2353
     160      14.1992
     161      12.6693
     162       8.8528
     163       9.3071
     164      11.4066
     165      16.4025
     166      10.4848
     167      12.3656
     168       7.6277
     169       7.1336
     170      13.1407
     171      11.0717
     172       9.6053
     173      11.1121
     174      11.2616
     175       6.7939
     176      13.6834
     177      11.4585
     178      12.6325
     179      10.7117
     180      12.3557
     181       9.3231
     182      17.0980
     183      13.8594
     184      14.0704
     185      14.5756
     186       9.0384
     187      10.5730
     188      14.8400
     189      15.7238
     190      13.8979
     191      10.5969
     192      11.1070
     193      11.0540
     194      11.2763
     195      14.2277
     196      10.9616
     197      11.6257
     198      10.9539
     199      11.8953
     200       9.4383
     201      14.7684
     202      15.1060
     203      13.8291
     204       5.8699
     205      11.4450
     206      10.2410
     207      10.4643
     208       7.5305
     209       9.1517
     210      14.5737
     211      15.4947
     212      13.4052
     213       8.4300
     214       8.3763
     215      11.0078
     216      13.5712
     217      15.9508
     218      15.4275
     219      10.6356
     220      10.0886
     221      15.5874
     222      13.1480
     223      12.4456
     224      14.9543
     225      12.5764
     226      13.5511
     227      11.0001
     228      13.9813
     229      10.2428
     230      10.2706
     231      12.5433
     232      13.0467
     233      14.7477
     234      11.7186
     235       7.2029
     236      12.5600
     237      16.8240
     238      15.0051
     239      11.8815
     240       8.6335
     241      11.0958
     242       9.4662
     243      16.0105
     244       9.4976
     245       9.5228
     246      19.8435
     247      12.4100
     248       9.1299
     249      13.4988
     250      18.1636
     251      10.8136
     252      12.6797
     253       9.5364
     254      10.1969
     255       8.3344
     256      10.9170
     257      13.0826
     258      13.2291
     259       7.7054
     260       9.5452
     261       8.4400
     262      12.0774
     263       9.8020
     264      13.1591
     265      16.8237
     266       9.1652
     267      12.1985
     268      12.9788
     269      11.2187
     270      17.5436
     271      15.2544
     272      11.4601
     273       8.2228
     274      11.3918
     275      13.1686
     276      11.9884
     277       7.6757
     278      10.9242
     279       9.4410
     280      12.5211
     281      13.8574
     282      12.1480
     283       9.7651
     284      10.6174
     285      12.8848
     286      11.0823
     287      11.9810
     288      14.9011
     289       9.5227
     290      14.8324
     291       9.3166
     292      14.5060
     293       9.5217
     294      12.5713
     295       9.1525
     296       9.5061
     297       9.4856
     298      13.9047
     299      11.0876
     300      12.8378
     301      13.9632
     302      15.7172
     303       6.6377
     304      11.7035
     305      13.7468
     306      12.3129
     307       9.8222
     308       8.5297
     309      15.6202
     310      11.3918
     311       9.8468
     312       9.1383
     313       8.2636
     314      14.0862
     315       4.6071
     316      11.0400
     317      14.6252
     318       7.9239
     319      11.3088
     320      14.1682
     321       7.7311
     322      12.3148
     323      19.0681
     324      12.6176
     325      10.0767
     326      12.6429
     327      12.0862
     328       9.3268
     329      10.3072
     330      12.9304
     331      10.1150
     332      13.7791
     333      14.6779
     334       6.8997
     335       7.7844
     336      12.3182
     337      10.5356
     338      13.9156
     339      10.1884
     340      12.3429
     341       9.4494
     342      13.7741
     343       8.5459
     344      13.4424
     345      17.1174
     346      13.0415
     347      12.5219
     348      12.1662
     349      12.0603
     350      10.5631
     351       6.0629
     352      10.8270
     353      16.0020
     354      13.8352
     355      13.9348
     356       8.8637
     357      14.1641
     358      16.1587
     359      11.2148
     360      12.8082
     361       8.5015
     362      10.7963
     363       8.7719
     364      13.9035
     365      12.1328
     366       7.5483
     367      14.3536
     368      12.8781
     369      14.2127
     370      10.3068
     371       7.4842
     372       8.0298
     373      13.8538
     374      12.8981
     375       8.6872
     376       8.7479
     377      11.7452
     378       9.1600
     379       9.5154
     380      11.5285
     381       8.0315
     382      12.8920
     383      14.9524
     384       9.7222
     385      10.4787
     386      12.4530
     387       9.7407
     388      11.6231
     389       8.6548
     390      17.2039
     391       8.0128
     392      10.7688
     393      13.3676
     394      11.5266
     395      10.8424
     396       9.8912
     397      12.6472
     398       9.9240
     399      11.4257
     400      15.3691
     401      11.5214
     402      14.0937
     403      16.5254
     404      12.7726
     405      10.1341
     406       8.8360
     407      11.4967
     408       7.9783
     409       6.4530
     410      11.8530
     411      10.6931
     412      13.2471
     413       9.4123
     414      11.9251
     415      13.0144
     416      14.5855
     417      14.0794
     418      11.9757
     419      18.5846
     420      12.9413
     421      10.4414
     422      10.2165
     423      14.0827
     424      12.4806
     425      12.4070
     426      10.0177
     427      14.2858
     428      11.4264
     429       9.0058
     430       5.0091
     431      13.6643
     432      12.2300
     433      12.0668
     434       7.9850
     435      14.4544
     436      15.2114
     437      10.1884
     438      10.9201
     439      12.9076
     440      14.0561
     441       9.9515
     442      17.4628
     443       9.6397
     444       8.3265
     445       9.7386
     446       9.7712
     447      10.2354
     448      11.1519
     449       9.6957
     450      11.1162
     451       9.4620
     452      17.0219
     453      14.9835
     454      11.4303
     455      17.7185
     456      11.8833
     457      14.5531
     458       9.7971
     459      10.9907
     460       9.9871
     461      14.2546
     462       8.8983
     463      11.4533
     464      15.8521
     465       6.8531
     466       7.2266
     467      15.2795
     468       9.6122
     469      13.6166
     470      10.0066
     471      10.1060
     472      11.1620
     473       9.8953
     474      10.4498
     475      11.6435
     476      12.1878
     477       9.4745
     478      13.1339
     479      14.1937
     480      11.7929
     481      13.8803
     482      10.1299
     483      13.2840
     484       4.7045
     485       7.5960
     486      10.8989
     487      13.5491
     488      11.7767
     489      12.6788
     490      12.3485
     491      12.8650
     492       8.9426
     493      12.3017
     494      10.9027
     495       9.0823
     496      14.7500
     497       9.2242
     498       9.2889
     499      14.4111
     500      12.9574
