#Frame         global     SA_00002     SA_00003     SA_00004     SA_00005     SA_00006     SA_00007     SA_00008
       1    6630.2467     653.3755     500.4337    2473.4351     303.8480     344.1109    1577.8777     777.1658
       2    7287.7804     379.5472     350.4574    3179.5040     567.9399     538.2258    1393.5706     878.5357
       3    5031.6609     568.3024     417.0991    1901.3968     272.9762     232.4993     923.7267     715.6603
       4    6132.2407     792.4405     436.7015    2201.1429     495.2721     355.7765    1058.6425     792.2648
       5    7436.1768     639.1054     420.8722    3281.9615     631.9443     471.2000    1168.3752     822.7181
       6    7199.5626     759.9661     587.8093    2634.5309     559.1799     585.9004    1457.9159     614.2601
       7    7865.1894     501.8618     397.1777    3635.5790     456.0530     486.1703    1678.1871     710.1606
       8    6739.8683     616.2151     545.8570    2824.0224     343.1967     349.3048    1329.9619     731.3104
       9    6857.1390     468.2828     350.4803    3455.0231     377.3208     305.2845     979.7338     921.0136
      10    7240.1023     654.6761     578.9902    2428.9835     426.8678     374.6226    1714.9540    1061.0081
      11    6689.6969     329.8511     307.1580    2697.4526     656.2284     554.0214    1292.4112     852.5743
      12    6214.3541     497.4179     360.3421    2770.9604     416.8162     472.8362    1137.6833     558.2981
      13    6993.7084     338.8123     324.2308    3248.3075     538.0100     381.0099    1236.5593     926.7785
      14    5571.4469     741.8902     413.6613    2069.1828     284.0223     234.8416    1094.6047     733.2439
      15    5522.2690     317.1233     293.0917    2243.9883     561.0577     410.1326     957.5392     739.3362
      16    6752.1213     455.3696     437.6583    2849.0005     376.2321     362.1666    1525.0885     746.6058
      17    7214.1602     413.0299     515.0706    2755.9425     601.8359     508.3334    1694.5890     725.3588
      18    7829.4111     423.8222     491.1615    3527.8590     417.2542     351.9062    1699.7522     917.6558
      19    5614.3079     456.0381     341.3449    2398.2420     332.0665     250.5308    1360.2087     475.8768
      20    6597.9616     376.8296     577.4902    2654.9983     412.5902     335.2693    1438.5548     802.2293
      21    4891.9453     312.9086     262.0853    1834.9469     469.3254     355.5778     947.4670     709.6343
      22    5568.9069     314.8215     341.1386    1987.9321     394.7232     328.1142    1469.0538     733.1234
      23    7168.5173     376.8980     363.6729    3413.2506     389.3801     372.7257    1523.4370     729.1530
      24    8156.7669     730.8398     527.9682    3373.4852     450.5857     431.9474    1746.0238     895.9168
      25    6336.0516     421.4104     457.0621    2599.9629     497.3660     368.3195    1252.4574     739.4733
      26    5640.6296     363.1267     269.4567    2423.8142     404.4753     376.7111    1148.8590     654.1865
      27    8001.7299     600.4772     482.0228    3461.9500     462.2324     439.7413    1990.7279     564.5783
      28    5752.3381     384.6050     305.4947    2681.6092     322.1578     377.6041    1008.1488     672.7185
      29    7351.0961     383.9780     414.2986    3337.2432     455.4306     343.2625    1436.7256     980.1575
      30    5682.9814     347.0638     296.7388    2420.7409     382.2925     347.5299    1276.5880     612.0275
      31    8251.1904     442.4990     417.6275    3894.4715     600.7464     497.5439    1324.1836    1074.1185
      32    6861.1378     403.2492     368.0810    2554.6982     592.2413     501.5208    1691.6521     749.6953
      33    8369.2236     905.3849     558.6751    3622.5678     439.7391     388.1146    1510.6203     944.1217
      34    7850.2367     554.2145     493.0717    3601.9952     501.5859     584.2226    1206.6233     908.5236
      35    6101.9974     459.4807     320.9509    2536.0598     498.6770     404.1285    1102.8696     779.8308
      36    7426.3395     756.8526     465.0122    3118.6988     534.3101     454.2048    1238.4665     858.7946
      37    6156.5111     374.2212     322.1306    2447.5124     494.0405     384.4548    1350.2133     783.9383
      38    7151.5480     413.8320     405.3194    3325.2147     549.3352     449.9743    1457.5730     550.2994
      39    7101.6164     637.8193     515.7321    2519.0105     713.4458     635.4375    1516.2031     563.9681
      40    7443.0179     603.6474     424.5379    3021.6729     575.5022     402.5389    1658.7680     756.3506
      41    7627.0812     608.7144     515.1171    3108.8502     614.5721     480.2449    1305.0270     994.5556
      42    5942.1204     357.9822     312.0389    2436.8072     471.3874     433.6623    1383.3372     546.9052
      43    6492.7684     355.0161     353.1897    2869.8157     380.9670     360.1079    1632.2036     541.4683
      44    7276.4520     483.8709     391.9481    3091.8285     536.5019     594.6598    1319.0433     858.5994
      45    7861.5841     676.6216     453.3960    3618.8920     318.8331     373.0759    1436.5216     984.2439
      46    7460.7316     413.1192     444.9841    3429.8639     459.2952     361.5140    1378.6256     973.3297
      47    7259.5436     407.1433     377.9707    2931.1451     692.0235     592.0636    1355.5596     903.6379
      48    7723.0740     581.1904     508.1204    3346.4803     752.1207     598.5317    1176.8556     759.7750
      49    5978.6521     421.3106     424.3596    2014.7645     560.5781     489.5077    1187.2531     880.8785
      50    5114.6214     391.4800     282.9771    2046.8164     290.7011     238.8739    1203.9696     659.8033
      51    7202.4063     413.4393     393.3635    3185.6940     578.9456     511.7222    1227.7735     891.4682
      52    7938.8837     458.4183     410.0310    3462.1284     783.1143     704.4973    1222.7833     897.9112
      53    7065.3931     403.1051     361.7452    2797.5831     691.0900     607.0305    1332.7474     872.0918
      54    7067.4767     478.7166     579.6756    2391.1156     514.2531     358.2471    1759.4837     985.9850
      55    8451.0335     633.6965     500.7755    3524.6800     484.4071     372.9505    1732.8376    1201.6862
      56    6152.7780     491.1842     318.7202    2685.8109     358.9173     446.4157    1169.1721     682.5577
      57    7379.1627     494.6341     484.7930    3046.9572     521.8811     366.0351    1782.6053     682.2569
      58    7484.1455     406.6956     379.9933    2986.0530     593.9485     527.3797    1569.0175    1021.0580
      59    7185.6832     674.1578     344.9838    3069.3297     361.4851     314.9173    1559.2476     861.5619
      60    6784.8581     665.6019     641.4600    2530.3353     485.0144     423.0021    1416.9256     622.5188
      61    4960.9716     362.8933     323.4911    2246.2977     344.7733     295.9452     921.2987     466.2722
      62    5359.3494     403.2132     368.4920    2364.5254     299.6314     309.6768    1006.2240     607.5866
      63    6677.9074     492.7634     441.8908    3023.0922     400.5320     298.6857    1336.1008     684.8424
      64    7255.0225     521.7923     538.7641    3072.4073     471.8208     336.2215    1449.4427     864.5738
      65    6212.1157     313.4915     265.2927    1991.7739     633.8174     520.7244    1662.1867     824.8292
      66    8007.6096     707.7599     508.2557    3039.0361     576.3501     418.6745    1941.4072     816.1260
      67    6593.0664     361.7421     333.7743    2462.1820     591.3588     452.6371    1516.1414     875.2308
      68    7725.9372     395.2692     362.3438    3469.6649     579.3335     511.7147    1449.7639     957.8471
      69    8082.7173     431.4676     496.6705    3677.0702     641.8030     477.5479    1388.9888     969.1692
      70    7605.9316     403.9770     342.6173    3341.4654     608.1251     544.1006    1301.9348    1063.7114
      71    7314.2071     399.7798     376.8726    2932.2908     639.0814     616.7880    1394.1920     955.2025
      72    6687.4509     579.3508     372.7639    2765.5681     581.7291     454.6884    1154.2962     779.0543
      73    8079.5128     491.2248     418.1246    3385.2902     554.5544     566.9922    1746.6175     916.7090
      74    4951.5945     321.6675     240.7222    1866.9785     390.5526     379.9336    1188.2120     563.5279
      75    8366.0445     838.1501     472.0130    3646.7991     589.2611     727.3733    1440.1520     652.2958
      76    7104.9953     701.3783     573.0002    2949.4232     447.8166     391.9938    1191.5419     849.8413
      77    6109.3898     469.6806     441.8916    2022.6925     423.3238     379.8170    1408.7399     963.2444
      78    8123.4261     865.5323     649.3538    3287.2910     501.2667     369.9090    1472.7190     977.3542
      79    6595.7119     433.4161     353.4591    2773.7813     578.8790     449.2684    1175.7804     831.1276
      80    5768.6116     331.8819     306.4639    2237.7893     470.2740     348.9852    1436.9158     636.3016
      81    6513.1640     328.2105     235.7220    2864.3723     398.1909     466.0319    1461.5709     759.0656
      82    6390.1773     328.0733     351.1001    2825.6249     402.2136     442.7953    1429.4478     610.9223
      83    5835.2278     396.6586     347.0009    2170.0382     508.7473     423.8737    1153.8697     835.0392
      84    7161.7195     315.8322     250.7395    2985.4232     618.9524     588.5149    1670.8321     731.4251
      85    5566.5879     440.7007     328.2610    2446.3343     350.7310     330.6975    1102.3268     567.5366
      86    5955.3069     823.0311     369.0827    1892.0123     460.9167     454.7201    1332.6354     622.9085
      87    6847.5271     327.8357     306.2125    3253.9161     509.4061     579.6132    1310.3461     560.1974
      88    6084.4365     523.9451     313.4760    2366.1701     381.0356     400.1761    1364.1086     735.5249
      89    7944.3839     519.5463     357.7688    3427.8655     504.1139     416.9722    1828.6047     889.5126
      90    7728.7381     797.3676     629.2664    2582.4897     471.7754     353.8353    1981.1624     912.8413
      91    7405.6002     386.1639     324.3199    3598.5916     547.6252     388.4987    1206.4507     953.9502
      92    5864.2884     387.4078     321.1827    2329.7093     512.7804     416.6859    1112.8809     783.6415
      93    6330.0297     697.1111     431.9305    2683.2241     440.0975     452.1689    1111.2054     514.2922
      94    8214.5368     544.0303     446.7878    3284.8549     764.3603     633.1726    1695.2991     846.0318
      95    7433.6779     336.7168     364.8137    2917.2846     637.1366     476.0392    1537.1046    1164.5824
      96    7491.4220     475.7967     456.1588    3280.8540     599.7851     490.0005    1238.1477     950.6792
      97    7533.7557     586.3512     505.7687    3273.4429     458.1895     442.3599    1502.5535     765.0899
      98    5525.5360     419.3594     314.1909    2072.1256     540.2793     422.7915     991.3671     765.4223
      99    8110.7876     433.6356     458.8520    3505.6629     754.3145     628.8312    1611.0975     718.3938
     100    6287.7902     573.5573     445.2602    2581.4100     520.9019     350.8530     983.5441     832.2637
     101    6349.4839     315.7408     313.9223    3146.3385     454.9152     427.0330     935.2012     756.3329
     102    5691.1786     394.1856     331.7473    2343.5759     398.1631     366.1515    1358.4533     498.9018
     103    6604.0176     389.4291     339.3467    2790.9550     511.5839     348.5601    1316.1728     907.9699
     104    5281.3310     581.8248     345.9733    2226.5355     359.3082     291.4930     935.1148     541.0815
     105    6166.1178     474.1618     326.8576    2927.0856     283.7044     251.7110    1041.9483     860.6491
     106    7551.6385     612.9803     456.0156    3084.2797     513.6568     427.5550    1652.8326     804.3185
     107    8401.5517     424.6578     354.0071    3987.9348     614.6098     474.0980    1557.9844     988.2598
     108    4851.1167     331.9542     246.9620    2014.1273     336.7831     260.0086    1077.1170     584.1645
     109    6870.1299     326.7829     477.2637    3130.4493     412.1256     329.4265    1411.9786     782.1033
     110    6420.0826     395.3760     490.9617    2781.6441     474.2243     370.1079    1376.0671     531.7013
     111    5246.5960     510.4015     373.1768    1867.5311     350.9685     313.5043    1167.4472     663.5665
     112    6883.9430     623.6037     621.2316    2369.3679     585.5115     521.2479    1425.5673     737.4131
     113    6020.0180     508.3392     291.6241    2832.0970     388.4307     305.4604    1075.8598     618.2068
     114    5784.9060     341.8087     330.0944    2357.2616     471.5550     363.2161    1196.0485     724.9217
     115    5267.3315     433.7046     324.9454    2108.2853     431.0140     399.5839     905.2534     664.5448
     116    6819.4042     489.1942     418.0612    3082.3551     547.2047     440.9097     985.3224     856.3568
     117    6368.6877     489.7505     356.6374    2531.4751     467.5016     332.4213    1458.7752     732.1266
     118    7371.0908     370.3750     532.1549    2900.6916     443.6088     362.1118    1797.0297     965.1190
     119    4902.9080     311.2376     284.6655    1930.2618     406.7970     283.3037     976.8201     709.8223
     120    5499.7457     390.4256     338.6756    2386.7043     379.8970     360.2538    1168.2949     475.4945
     121    5556.3211     343.8877     300.0878    2371.6701     526.2908     356.9118     965.7989     691.6739
     122    5835.6694     405.1365     336.2858    2514.6432     362.7713     276.3801    1410.1117     530.3408
     123    6256.5990     530.7628     454.7478    2566.7625     336.9298     279.3607    1217.8794     870.1560
     124    7237.9972     533.0921     401.0264    3490.1622     433.6203     422.0332    1070.0338     888.0292
     125    6220.6204     546.3831     496.9486    2545.0614     438.0020     316.3969     987.2722     890.5562
     126    6716.6236     402.0789     424.8548    2759.6834     443.9349     358.6784    1395.8016     931.5916
     127    5300.5537     353.9013     318.8488    2201.3883     312.1048     295.3204    1210.6401     608.3499
     128    8779.0269     723.9747     528.6395    3901.0100     529.7389     577.2542    1382.3074    1136.1022
     129    7748.0714     346.6119     341.3787    3496.6564     544.8595     628.9348    1582.3232     807.3070
     130    7055.2856     789.8566     432.3209    2819.0560     488.4531     666.4286    1259.3763     599.7942
     131    7623.1186     473.0260     436.9635    3601.4165     618.3888     450.6324    1023.4704    1019.2210
     132    8261.1376     636.2103     541.4239    3364.8935     581.2514     599.8399    1403.1820    1134.3366
     133    7464.8741     440.7615     431.9801    3311.4023     711.2548     523.1163    1195.7322     850.6269
     134    7351.0296     541.7918     474.0744    2909.4831     533.7048     505.2933    1536.3603     850.3217
     135    6188.9716     503.3199     419.5527    2486.9891     622.3796     429.1986    1027.3507     700.1811
     136    6770.8023     377.1738     395.3305    3081.8549     552.8342     433.5226    1038.0937     891.9926
     137    8180.8582     497.8531     557.7135    3407.3521     466.3343     432.6010    1799.2456    1019.7585
     138    6355.6310     384.1164     369.8276    2649.2893     392.5160     360.7621    1435.9062     763.2134
     139    6957.3101     633.6299     601.7264    2960.0133     356.4848     262.4247    1180.3567     962.6743
     140    7789.0188     557.1684     389.2172    2997.1714     733.0055     579.3251    1607.7607     925.3705
     141    4941.5899     303.8401     259.5006    1899.5868     409.5955     364.9131    1060.9956     643.1583
     142    8090.4275     506.2613     407.5800    3269.8907     689.6253     688.2111    1799.8692     728.9900
     143    7892.6716     474.1919     508.4380    3515.4949     405.6243     313.7379    1743.3320     931.8527
     144    7566.5167     462.5385     511.1840    3077.8333     803.4825     682.9534    1195.8112     832.7138
     145    8088.0005     419.2995     422.6695    3181.6510     674.5847     500.2183    1878.6325    1010.9451
     146    6104.1430     517.3479     459.6044    2691.2309     412.9020     314.8808     906.9235     801.2535
     147    9436.4067     417.9118     452.5352    4501.5488     549.3475     415.7120    2218.5834     880.7679
     148    7467.8019     446.3475     484.9922    3209.3232     747.8996     466.7581    1285.1293     827.3520
     149    6406.9190     571.3907     413.4802    2786.7094     308.4045     262.4607    1342.1995     722.2741
     150    9077.8104     832.1669     536.4160    3909.7033     648.5615     444.9083    1733.7964     972.2580
     151    5377.7141     514.5462     405.0058    2083.8042     358.2953     274.1412    1018.7167     723.2048
     152    5574.1051     367.5896     378.3495    1996.3384     478.3442     387.4072    1236.4198     729.6565
     153    8393.6505     367.7239     416.0078    3624.7371     731.3005     741.8473    1506.3874    1005.6466
     154    5028.3371     380.2913     343.1334    2337.8824     279.9049     251.7894     864.0958     571.2399
     155    5773.0242     324.6521     278.7484    2538.8944     430.9836     359.1991    1130.7971     709.7496
     156    5992.9797     519.6144     336.2675    2708.3099     346.9374     361.3877    1220.6857     499.7771
     157    7554.5414     484.2176     465.1538    3483.7299     537.5231     469.7811    1354.6929     759.4430
     158    6699.2083     334.9387     246.2153    2682.8943     590.0868     478.6418    1418.6628     947.7687
     159    5869.1877     367.0102     304.5405    2194.5104     504.9812     406.8721    1385.5595     705.7138
     160    6585.5031     420.6731     510.3774    2473.3989     504.5433     404.8207    1344.7125     926.9771
     161    5895.9397     475.4321     366.0978    2138.4297     565.3957     437.7441    1227.8880     684.9523
     162    7881.4732     377.5809     448.5688    3509.4875     756.4379     528.8718    1192.8529    1067.6734
     163    6198.5033     359.1728     401.5562    2528.1771     487.9053     465.8834    1212.4067     743.4019
     164    6636.1687     396.7815     390.4306    2587.2184     525.5004     470.2707    1720.1700     545.7971
     165    5233.7920     374.0155     340.3636    2205.3782     378.0462     339.9314     954.3273     641.7298
     166    7922.4028     579.3381     517.2803    3359.4684     447.9473     395.3183    1666.6853     956.3651
     167    5789.3537     444.5438     371.3542    2272.0016     483.8867     380.4359    1307.8692     529.2623
     168    9554.6962     832.8417     650.0564    4221.7922     539.8366     435.4781    1905.2582     969.4329
     169    6184.9555     423.8925     329.9304    2549.0303     403.8673     412.8561    1392.8387     672.5403
     170    6872.7070     752.2000     578.3385    2665.1634     426.3085     410.8129    1385.1681     654.7157
     171    6920.1567     461.3841     330.0484    3022.2301     569.4843     455.4604    1177.7928     903.7567
     172    6799.0290     427.6618     409.1994    3068.4606     411.2842     447.0205    1290.4436     744.9588
     173    7439.8049     469.9375     366.8996    3426.5620     477.0524     353.7159    1424.5127     921.1249
     174    7177.7901     490.8197     369.4326    3087.9695     420.3291     372.1412    1570.5623     866.5355
     175    6566.7425     538.4533     486.5747    2642.2101     609.9873     465.4940    1346.4733     477.5499
     176    7503.0719     668.7044     479.0921    3308.8001     466.8262     357.3271    1132.6776    1089.6445
     177    8345.9392     966.9682     569.5193    3325.3905     375.7512     329.4744    2013.9349     764.9006
     178    5212.8183     346.7720     376.4755    2108.3290     390.2945     306.1951     996.6085     688.1438
     179    5630.7850     391.8181     407.9880    1972.6878     380.4900     423.0022    1497.1756     557.6233
     180    7840.2817     487.5763     466.4126    3374.8147     535.3602     506.3683    1483.5864     986.1631
     181    6426.2269     318.7790     250.4069    2370.5959     622.3901     541.3131    1575.9183     746.8236
     182    5441.0798     401.2659     321.3094    2193.2195     444.7750     338.6074    1020.9511     720.9515
     183    5889.6402     532.6619     356.2989    2168.1699     524.6585     439.0732    1082.8737     785.9040
     184    6614.0782     375.9756     297.2377    2606.1815     538.5549     450.3092    1419.1731     926.6462
     185    5722.6114     336.5896     264.2906    2304.4977     502.1903     404.5718    1130.3055     780.1659
     186    6547.7086     513.0295     490.2821    2907.1468     382.5242     279.4898    1267.9409     707.2952
     187    6937.0298     547.6628     555.1540    2567.1642     566.5031     528.3738    1234.7217     937.4503
     188    5696.5862     399.4023     286.6270    2303.6112     506.6970     424.3372    1118.9757     656.9359
     189    5307.1799     329.7263     260.0673    1840.2530     446.4535     370.0501    1408.4925     652.1371
     190    8088.5511     561.4321     477.2614    3545.4926     678.5459     660.0631    1279.0722     886.6838
     191    6183.6905     409.7788     379.0694    2621.6666     577.1042     428.4274    1041.6377     726.0064
     192    7770.6418     893.4157     522.9982    3511.6188     450.0438     373.3646    1346.7110     672.4897
     193    7287.5861     581.6712     480.3590    3095.2857     455.7937     359.6567    1284.3566    1030.4632
     194    6235.8917     642.3062     427.6503    2557.8328     486.0640     401.8506    1105.4758     614.7120
     195    6159.8154     552.8532     440.9656    2565.2183     357.9932     309.4288    1047.2654     886.0909
     196    7665.0189     498.1966     449.0066    3430.7906     387.0097     335.0387    1805.5937     759.3830
     197    7229.7426     518.7180     403.3201    3009.5507     562.5776     472.2020    1426.7579     836.6162
     198    6659.9701     641.9134     506.5020    2476.9987     469.3870     381.6214    1331.4192     852.1284
     199    6520.2000     511.4218     492.3672    2549.8714     549.6952     460.5548    1112.7431     843.5466
     200    7673.9949     920.7466     710.0706    2749.5966     687.0721     524.8038    1158.3832     923.3220
     201    6375.9858     326.6428     269.3747    2583.5276     570.9092     469.4985    1222.6096     933.4233
     202    5178.9621     432.2916     337.1007    1902.2334     420.2961     308.7594    1247.4868     530.7942
     203    7099.6484     495.4302     415.3786    2892.0479     599.2393     451.8081    1272.9327     972.8117
     204    8089.0525     424.0838     403.2760    3462.8820     537.4736     406.7500    1819.3930    1035.1941
     205    7979.9794     454.9714     424.7342    3651.2092     680.6364     505.9884    1397.2349     865.2050
     206    7914.0058     451.5220     369.0580    3702.2617     626.9603     530.1115    1267.0434     967.0490
     207    8165.9820     780.7991     596.2856    3590.4738     690.9405     592.2599    1169.5558     745.6673
     208    6986.5544     474.3981     426.5677    2765.2570     679.8865     507.8480    1239.7393     892.8578
     209    5816.5661     418.8857     327.6436    2366.9223     501.0278     417.9846    1095.2955     688.8066
     210    7309.8525     436.3954     386.5513    2982.0556     708.9979     608.9535    1173.1243    1013.7745
     211    6659.8270     395.5549     284.1233    2752.1966     654.2999     456.5337    1321.0240     796.0945
     212    7379.6650     568.2899     478.3743    3125.8201     349.2892     356.0715    1929.9783     571.8417
     213    7651.9578     627.4014     654.4931    3141.8012     487.0450     536.8394    1436.9991     767.3787
     214    6434.7091     569.9554     492.9959    2662.2635     484.0791     416.2245    1135.5671     673.6234
     215    6135.5288     313.4766     366.4178    2302.6521     580.8860     472.1350    1277.7860     822.1753
     216    8555.7135     342.1396     359.9194    3804.8496     588.1170     647.7708    1738.3959    1074.5212
     217    6703.3821     454.5148     407.5448    2905.1464     383.8906     349.8408    1351.9886     850.4561
     218    7306.6864     567.0845     378.3714    2882.3444     626.7279     509.8340    1543.4333     798.8908
     219    6419.9330     342.5408     322.0606    2592.7550     580.5904     492.5388    1229.4712     859.9761
     220    6588.4445     362.9417     330.0397    2481.0927     657.8272     555.3450    1286.1856     915.0126
     221    7182.9581     424.2898     438.7298    3261.9241     544.4427     414.0558    1352.2026     747.3132
     222    6519.7222     346.8979     353.8700    2891.5200     361.6068     272.5343    1325.1466     968.1466
     223    7899.6386     557.7878     535.4100    3483.7140     638.1995     529.2563    1223.3836     931.8873
     224    5473.6570     356.7885     325.0212    2471.6710     418.7879     405.9514    1010.2038     485.2332
     225    6818.9653     497.1245     338.8516    2883.8266     598.5953     440.1954    1181.9834     878.3885
     226    4929.6709     341.7512     296.0463    1882.1986     419.1671     330.8688    1027.8519     631.7868
     227    8268.9450     444.3636     435.0199    3681.6021     708.9905     542.6880    1476.4162     979.8648
     228    6449.8753     334.8825     271.0172    2923.9566     481.1706     418.9093    1159.1435     860.7955
     229    6921.5060     478.7615     388.1307    3134.8782     486.6651     459.1681    1176.2430     797.6595
     230    5768.8699     326.6710     301.8971    2445.0845     411.1974     348.2089    1340.4784     595.3327
     231    5666.1622     306.0734     259.5094    2376.4499     372.0034     356.3741    1285.6561     710.0958
     232    7164.7458     491.7336     441.0583    3211.7843     468.4441     331.4133    1451.0394     769.2727
     233    6959.4595     329.3579     310.1491    2891.1269     640.6661     575.2400    1339.5615     873.3579
     234    7181.5033     702.5516     551.1882    3002.2678     405.4987     363.6023    1369.7572     786.6375
     235    8191.3394     512.8549     570.9408    3153.9166     434.4907     353.6202    2059.9984    1105.5178
     236    6164.1028     524.9575     467.0052    2400.2635     428.9338     334.5001    1341.6583     666.7844
     237    6076.8986     321.1427     295.8128    2607.6286     402.6974     315.5631    1254.8326     879.2215
     238    6620.4771     446.2081     429.1959    2830.1942     578.4890     466.8904    1354.6883     514.8112
     239    7180.0620     413.6352     436.4225    3270.6665     650.3675     456.2693    1138.9770     813.7240
     240    6636.5459     396.4212     436.6008    2858.5963     591.1519     418.6300    1016.4319     918.7139
     241    6547.0928     623.8472     540.1186    2323.3981     569.7252     437.9563    1194.3778     857.6697
     242    6607.9936     532.9531     564.4223    2282.6917     574.5278     479.4264    1273.8506     900.1218
     243    6726.6671     392.9949     323.0524    2779.1849     602.2356     458.4623    1213.3691     957.3679
     244    7448.4231     792.3309     654.6916    3069.2892     564.1392     368.8641    1102.5767     896.5313
     245    6963.8707     530.3987     461.7392    2969.2183     453.6750     376.3824    1441.7577     730.6995
     246    4717.6994     314.0329     266.2534    2194.1856     255.6967     228.3277     998.6690     460.5341
     247    7749.9348     432.7537     542.5269    3467.4243     537.2644     441.0538    1430.9276     897.9841
     248    7064.1112     408.4726     482.3000    3157.8309     411.7691     464.4342    1515.2057     624.0987
     249    5761.5634     397.3799     329.6994    2377.0710     528.2180     415.8303     974.3785     738.9862
     250    5452.1808     312.8481     277.6541    2019.0633     473.8019     412.8434    1161.7908     794.1793
     251    6566.5956     333.8292     369.7178    2638.6447     509.0381     497.2262    1429.0272     789.1126
     252    5935.1952     350.1496     265.8424    2495.1174     524.3228     476.8728    1145.1558     677.7343
     253    7314.0960     389.5214     430.4451    3283.7183     566.3743     443.0793    1325.1539     875.8036
     254    8199.7592     635.6367     598.6487    3089.8264     881.0843     650.5585    1607.3502     736.6544
     255    6509.9716     452.9398     347.2359    2703.1545     468.5420     431.3008    1270.6079     836.1907
     256    5825.3084     481.8165     414.1939    2512.0893     354.6131     364.8050    1166.3886     531.4019
     257    4314.8711     337.5850     280.0785    1897.9253     277.1475     240.6170     815.1522     466.3657
     258    8104.8509     391.5893     446.6119    3749.3385     722.1376     649.6782    1378.1223     767.3730
     259    8017.4888     554.5352     437.3261    3254.8271     786.8284     700.2264    1354.8876     928.8580
     260    8692.8796     482.9208     513.5710    4183.1433     615.9532     467.9672    1473.9027     955.4215
     261    7283.1825     488.5013     417.0227    3007.1352     521.7896     366.9841    1763.2510     718.4986
     262    6188.5091     477.6559     488.7021    2603.0139     528.0640     432.0949    1138.7894     520.1889
     263    7459.1222     600.4631     545.3932    3402.1245     512.3582     518.1442    1192.2618     688.3772
     264    5643.8662     349.7438     256.4361    2192.6283     296.6762     300.9323    1447.6572     799.7923
     265    6373.9702     546.2961     377.9027    3022.9559     515.8189     401.2742    1035.4385     474.2837
     266    8126.0289     411.3641     446.2384    3599.5960     433.9955     362.4659    1869.2432    1003.1259
     267    8415.1741     836.8413     380.5243    3972.0940     459.6856     442.1814    1479.8647     843.9828
     268    6138.6410     489.6538     391.8541    2343.1154     388.7485     453.6967    1335.4151     736.1574
     269    6609.3091     388.0850     325.1920    3003.7241     473.8295     380.5368    1368.0459     669.8958
     270    5827.7842     331.8462     273.9558    2686.7402     585.4707     458.2472     929.0449     562.4792
     271    6179.6381     313.9530     278.2783    2450.0656     450.3729     451.2548    1576.8587     658.8548
     272    5738.3942     441.4714     461.9212    2218.1843     339.6580     286.9009    1325.6486     664.6097
     273    6229.0149     722.9888     489.6156    2293.1565     340.0305     332.2021    1337.2183     713.8030
     274    5937.4317     468.9592     338.9937    2348.1880     452.1245     346.0317    1470.1098     513.0247
     275    6566.4389     547.9386     382.0428    2611.5545     524.6003     380.6371    1246.8723     872.7933
     276    9229.1133     699.5075     608.1538    3360.6470     730.0242     531.4769    2360.6114     938.6925
     277    7728.7565     421.0290     377.5683    3142.5262     777.6888     551.0363    1578.2554     880.6525
     278    6429.9823     406.5913     417.7249    2392.4853     531.8599     434.6961    1404.7568     841.8680
     279    5849.0390     487.2426     375.2709    1944.2811     521.1351     466.0653    1226.1203     828.9238
     280    5814.3923     443.4723     348.2170    2557.3091     317.4118     306.8904    1197.4823     643.6094
     281    5964.0139     321.5199     291.9891    2383.0296     562.1596     466.6650    1150.6299     788.0207
     282    8242.4335     687.1046     455.0600    3458.6266     511.9966     508.9491    1672.9548     947.7417
     283    6037.8594     567.9387     553.0288    2320.7878     398.0466     380.3450    1167.3956     650.3170
     284    6809.4343     360.4041     363.2686    2949.6564     460.6542     467.6282    1398.7224     809.1005
     285    7678.9990     342.0015     358.0593    3498.3114     506.8479     511.4098    1636.0330     826.3361
     286    7484.1187     487.0497     454.9305    3406.7057     474.5062     686.9618    1217.3348     756.6299
     287    5559.2734     542.9152     287.1188    2381.8809     344.8104     355.6720    1098.5131     548.3630
     288    7396.4751     518.6250     494.7398    2972.3854     574.1064     506.9094    1671.2226     658.4864
     289    6732.3554     326.9897     320.8795    3136.8339     482.2654     449.8179    1079.7027     935.8664
     290    6865.0918     395.3131     350.0278    3356.1676     403.4073     453.9846    1022.2158     883.9756
     291    6688.3225     385.5078     364.2806    3085.9785     493.3992     410.9293    1110.4821     837.7449
     292    4795.5538     381.8524     269.9697    1939.5305     326.4264     320.8156    1007.2137     549.7456
     293    6574.9485     334.4874     286.8680    2298.2950     659.0945     581.1224    1524.6409     890.4403
     294    6922.5852     358.7495     383.0461    3375.8988     390.9090     409.4224    1175.5714     828.9881
     295    6334.9489     496.5345     516.9816    2539.9881     424.1112     477.3037    1257.5240     622.5057
     296    6582.3164     639.3812     436.0035    2841.1420     347.9649     334.0467    1327.9559     655.8220
     297    6088.6214     345.9550     403.5454    2116.7178     546.8657     519.7849    1320.3148     835.4379
     298    6735.2318     453.9337     372.6878    2948.6007     328.8869     300.6175    1386.7465     943.7588
     299    7520.4618     489.4074     425.4027    3343.0961     425.3629     404.8947    1617.5729     814.7251
     300    7379.0482     401.2102     368.7485    3732.4532     498.4454     345.7179     967.3887    1065.0842
     301    6000.2683     410.2320     515.8623    2538.4596     359.0858     304.7405    1038.8809     833.0071
     302    5419.7916     399.0560     267.9026    2224.2546     464.4707     399.0854    1160.0432     504.9791
     303    6620.4018     455.9887     364.5064    2720.6235     518.2046     406.0300    1497.2548     657.7938
     304    6343.7755     527.9703     360.8715    2710.2476     516.1704     463.9152    1095.7940     668.8066
     305    6503.8006     528.3036     356.5445    3079.3452     480.5753     390.1931    1163.8229     505.0160
     306    6013.7994     489.2248     474.5091    2900.1230     396.7073     310.6553     973.5894     468.9905
     307    6711.9653     382.6463     438.1237    2783.2418     577.2674     441.4755    1327.8892     761.3214
     308    6819.8764     340.1507     313.8224    3023.7882     472.5081     502.6983    1394.0784     772.8303
     309    8376.6041     635.1626     399.7301    3970.0711     483.2205     405.5273    1476.5482    1006.3444
     310    6235.0618     381.3838     477.1140    2615.5582     397.5038     288.7372    1377.4741     697.2908
     311    5934.1932     407.6120     335.1385    2556.1358     459.6818     391.1934    1023.3785     761.0533
     312    8216.3155     409.9319     420.8549    3393.2127     786.1138     527.5577    1639.3003    1039.3443
     313    6431.1710     359.6800     314.7887    2499.6146     646.5056     559.1113    1327.3246     724.1461
     314    6270.1822     378.1123     306.0518    2823.4065     376.3525     418.7849    1327.5533     639.9209
     315    6999.2308     533.3008     473.0667    2444.3799     428.9515     316.9410    1799.1943    1003.3965
     316    6723.7427     524.5080     411.9406    2637.3923     662.0170     567.4080    1088.1040     832.3728
     317    5243.2377     461.2062     297.0899    2239.5513     313.5690     310.4197    1056.3958     565.0057
     318    6495.4051     496.1191     381.3180    2819.0629     533.2943     411.9692    1206.0906     647.5511
     319    7353.5206     711.9246     456.3247    3123.2562     452.1177     421.1476    1296.3131     892.4367
     320    7000.2431     303.4885     245.3502    3023.4816     615.7133     592.1856    1339.8947     880.1291
     321    6749.8701     324.1572     358.2680    3098.8529     526.6096     356.9905    1137.5796     947.4121
     322    6806.0486     327.8801     330.5203    2837.4271     558.2580     380.5074    1387.2601     984.1956
     323    6251.7432     311.0666     230.3566    2414.3977     409.8386     475.6208    1660.1542     750.3087
     324    7449.3611     689.7709     629.8578    2564.5578     506.5141     571.3152    1522.9551     964.3901
     325    6770.8123     443.3075     345.5961    3011.6148     411.1463     430.4607    1404.8721     723.8148
     326    5904.3090     707.5352     436.1827    2692.7661     289.7816     268.0491     989.3364     520.6579
     327    5803.8903     304.7612     241.9215    2536.3186     520.3109     417.2898     951.2567     832.0318
     328    7231.2227     523.9003     528.1519    2969.7010     715.4098     458.8866    1084.4013     950.7717
     329    7494.9473     541.5942     360.2082    3304.8926     434.1115     343.0880    1562.8667     948.1860
     330    6703.4269     321.1256     273.8320    3325.4875     429.5882     443.0543    1192.7229     717.6164
     331    5498.6089     485.0659     459.1935    2196.7508     360.0789     338.7840    1006.2759     652.4598
     332    7249.2927     470.0765     394.5407    3402.4463     394.7329     435.7680    1451.8689     699.8594
     333    6880.6419     309.9397     293.5503    2936.8302     618.0624     539.0505    1344.9172     838.2917
     334    6393.2889     421.6590     364.8731    2686.7345     564.3917     462.7594    1111.6930     781.1781
     335    7374.1335     585.7957     686.3573    2909.5632     520.3112     514.4489    1187.5921     970.0651
     336    6319.2064     412.5603     301.9906    2866.8564     354.3780     454.9291    1333.3001     595.1919
     337    5386.3674     697.8464     346.6899    1780.3498     265.8951     262.0154    1419.7310     613.8398
     338    7715.9508     548.3496     480.1620    3006.1994     470.6692     382.6477    1730.6503    1097.2726
     339    5471.8649     367.0071     288.7422    2258.6711     436.0968     360.2092    1119.4318     641.7068
     340    7733.0443     683.6296     595.6076    3389.4289     428.8807     498.7768    1458.7642     677.9565
     341    7043.9149     427.6109     423.4469    2790.9535     601.1424     484.0431    1700.1304     616.5877
     342    5938.8859     419.6047     326.0226    2586.9460     533.6433     367.2747     965.4085     739.9861
     343    7542.4765     492.5508     459.1338    3169.6175     715.4334     606.7738    1231.5971     867.3702
     344    6329.3852     383.4592     318.9936    2749.5943     523.3909     388.1126    1188.3949     777.4397
     345    4875.5186     312.9252     254.9404    1846.5560     407.6561     361.7951    1086.5116     605.1341
     346    6239.9683     333.9991     504.3908    2138.4215     576.3381     535.0019    1191.1039     960.7129
     347    5782.9090     563.4314     373.6661    2408.8877     458.7916     350.2115     930.2438     697.6769
     348    8806.6242     509.7943     448.7048    3945.2248     691.3573     608.8692    1598.6800    1003.9939
     349    7968.0410     651.7589     446.5637    3266.1114     758.1856     567.9684    1415.3431     862.1098
     350    6189.7215     477.3063     313.0966    2588.9261     434.0663     308.7114    1469.4284     598.1864
     351    5079.8075     524.2309     400.7848    1869.9098     261.5504     273.7034    1135.1434     614.4849
     352    7075.0147     497.3612     618.9201    3024.8206     557.3541     464.0588    1011.6756     900.8245
     353    5203.0575     313.4755     266.2102    2291.2407     366.6490     292.7127     996.4481     676.3214
     354    7781.9313     481.5321     400.3403    3404.7317     574.6395     512.7572    1727.6975     680.2330
     355    7008.6422     422.1500     360.5726    3229.1178     502.9647     395.9261    1163.1509     934.7601
     356    6480.9053     623.2634     511.8450    2837.3468     344.6977     278.7423    1173.4643     711.5458
     357    5789.4122     360.5878     324.1498    2545.2012     360.8185     286.8141    1362.5009     549.3399
     358    7922.6863     601.4808     414.9163    3630.7732     750.0322     595.7476    1161.4788     768.2574
     359    5908.6406     307.4739     288.0439    2496.3215     543.3411     449.4148     998.3525     825.6928
     360    5277.2436     363.2161     276.5771    1892.1508     428.0901     404.3660    1180.4496     732.3941
     361    6837.1258     364.3186     334.7879    2443.1940     652.2652     537.0051    1642.5599     862.9951
     362    7543.4765     628.3305     565.0429    2999.1157     493.8814     664.5287    1467.2335     725.3438
     363    7276.5735     605.7441     629.1799    2866.0850     358.3397     273.9360    1452.3276    1090.9611
     364    6081.7205     454.0331     361.5976    2368.0102     464.1723     404.7512    1340.1654     688.9906
     365    6640.0204     509.1339     427.2915    2525.8976     676.8098     522.6174    1211.5413     766.7289
     366    9173.6347     481.1212     596.0596    4167.4893     587.6132     598.2725    1854.3581     888.7208
     367    7869.1114     512.7682     483.2233    3096.2565     626.9999     616.7819    1524.8164    1008.2652
     368    8558.6952     824.3072     595.9332    3492.5068     505.9280     457.2615    1704.7406     978.0178
     369    5908.3636     318.5668     323.4310    2691.4415     463.0226     383.4582    1248.8063     479.6372
     370    7212.5682     399.2692     437.1412    3072.6135     692.4144     537.2395    1244.7714     829.1190
     371    8562.3051     610.4142     538.0570    3901.9202     470.1904     402.4169    1651.2529     988.0535
     372    6831.2526     558.8260     402.4935    2935.1093     537.8667     426.2013    1100.1506     870.6052
     373    6306.3570     414.9464     339.4011    2532.7595     614.0569     458.6170    1164.4913     782.0847
     374    6350.7760     549.8512     619.8997    2448.6841     386.9094     368.8855    1348.2843     628.2618
     375    7027.8918     396.0053     517.5137    2569.3780     496.4886     447.4057    1645.4276     955.6728
     376    5542.7643     378.5439     369.6013    2236.8741     461.3096     377.1237    1015.8924     703.4192
     377    7296.9371     541.6210     579.8202    3126.9244     526.6781     478.2866    1148.0277     895.5791
     378    6898.6872     680.8402     600.1685    2530.9594     309.6260     284.2470    1583.7993     909.0468
     379    7216.9956     475.7969     321.9835    2887.3742     673.9200     532.5438    1563.4589     761.9183
     380    7231.9145     598.9707     485.5898    2892.1580     370.5830     345.7227    1450.5695    1088.3209
     381    6113.2582     515.9000     471.3490    2265.3108     364.8511     259.4996    1550.2590     686.0887
     382    8171.1767     436.9682     494.6431    3653.0138     626.6448     546.8597    1356.6369    1056.4102
     383    5441.6430     428.2107     336.3884    2190.6023     406.4999     337.7316    1241.5902     500.6198
     384    8159.1360     374.5225     408.3726    3475.6593     692.1419     597.4569    1647.9911     962.9917
     385    6836.1005     699.0507     533.5576    2807.1315     482.1302     431.7997    1040.5604     841.8703
     386    6005.2914     498.5849     402.6143    2682.2559     399.2008     347.0076     866.9561     808.6717
     387    7023.5663     394.9534     329.2086    2659.4361     668.1391     573.1035    1633.4159     765.3098
     388    5411.1872     438.1838     349.0331    2145.7092     420.1062     370.8905    1115.1652     572.0991
     389    8695.6867     763.7161     570.8831    3765.3668     420.3274     481.7752    1821.3733     872.2448
     390    6641.1825     343.7324     270.8364    2716.8765     566.9391     454.0999    1320.1930     968.5053
     391    6183.3923     429.6625     404.6276    2276.5389     603.1838     489.0225    1209.2720     771.0850
     392    7550.2351     562.7797     404.5326    3035.6940     503.1271     548.7715    1536.1951     959.1352
     393    7275.6077     398.1892     403.8952    3275.1707     446.8217     366.5427    1411.1937     973.7944
     394    8105.4299     538.6144     446.9304    3620.8527     509.2689     512.1693    1682.3374     795.2569
     395    7431.8501     596.5377     525.8577    2876.7505     528.7753     496.0488    1416.2841     991.5959
     396    7572.5254     541.1726     607.6665    3290.3481     486.2727     440.6323    1365.6371     840.7962
     397    6490.0393     358.1706     381.7220    2629.3710     498.7557     444.9164    1438.3597     738.7439
     398    6884.8084     428.0619     488.1037    2316.7343     557.3329     464.3876    1711.0657     919.1224
     399    7372.6097     480.4242     428.3313    3002.6651     595.7123     392.4321    1346.5025    1126.5421
     400    6300.0610     565.4795     441.8540    2897.8643     425.0895     323.9491    1079.5281     566.2966
     401    6679.5462     770.7185     600.9709    2617.8028     630.4509     355.6817     933.1371     770.7843
     402    8908.3852     498.2835     435.4698    3902.6503     830.7052     746.9258    1629.1136     865.2371
     403    6987.0027     348.5211     437.3084    3125.8398     578.0081     534.2454    1254.0467     709.0331
     404    8016.4179     422.4685     464.0012    3614.9430     652.0399     464.4055    1467.4446     931.1152
     405    5273.1508     334.3236     348.2196    2087.0481     389.3213     352.6323    1167.4184     594.1875
     406    6536.7080     377.5410     393.7951    2659.1021     480.9374     350.4138    1335.3127     939.6060
     407    6461.7549     436.2197     278.2604    2784.4973     431.2092     411.1939    1487.6552     632.7193
     408    5836.4110     413.7311     446.0029    2507.4151     552.4927     366.4859    1017.3350     532.9483
     409    6723.1706     349.0407     343.8887    2777.3921     542.3776     513.0450    1333.5160     863.9105
     410    5503.1781     398.8697     365.9022    2107.1689     501.4991     378.3615     945.9146     805.4621
     411    7370.1109     565.8902     448.0028    3002.5162     405.0846     372.2437    1552.2378    1024.1355
     412    6811.0954     406.6394     340.5942    2815.1721     619.0278     487.6880    1260.4520     881.5218
     413    7165.1092     476.1951     452.8779    2994.8419     581.8069     430.0644    1204.1832    1025.1399
     414    7286.2030     574.3544     412.5647    3064.6737     380.4122     438.4637    1667.9501     747.7841
     415    7645.9922     411.6779     428.8791    3188.1499     522.9453     535.9355    1648.0166     910.3879
     416    5378.8832     394.6075     325.4428    1910.7441     501.3008     409.6916    1194.3498     642.7466
     417    7292.7437     469.0610     403.5651    2723.9457     585.3634     595.8412    1732.6442     782.3231
     418    5252.8905     395.8986     364.1763    2099.3284     399.3944     317.3244     971.3393     705.4292
     419    4813.2481     333.7930     269.2444    2097.4346     393.7947     307.9817     944.0185     466.9813
     420    6996.3192     405.1671     532.1087    3145.3172     429.8374     362.3874    1336.2045     785.2970
     421    8005.1893     491.2748     534.4627    3163.5285     471.2835     380.6765    1927.5309    1036.4324
     422    9500.3970     589.4510     503.0873    4271.4950     548.2358     622.3999    2026.7425     938.9853
     423    5759.0621     485.6706     514.6258    2168.6628     406.2996     329.8429    1039.9906     813.9697
     424    5667.1352     442.4615     409.2458    2205.4192     453.5996     338.9449    1071.0352     746.4292
     425    8754.8574     548.9669     503.7038    3976.7296     476.3072     412.2489    1685.0500    1151.8509
     426    6979.7964     363.9723     388.0495    3306.9959     540.4186     455.6337    1101.2030     823.5234
     427    7703.6678     776.0522     610.0589    2610.4382     439.8575     393.3384    1853.8060    1020.1166
     428    6219.0581     521.6711     611.8846    2388.8338     487.1832     365.8264    1214.5289     629.1301
     429    9275.6961     749.5134     669.9200    4063.4832     526.9381     563.3351    1715.6160     986.8903
     430    7389.4325     590.2980     432.4408    3474.9691     371.2568     345.0035    1515.8377     659.6266
     431    7548.6767     311.2362     250.5511    3700.4852     602.2175     565.5140    1200.5954     918.0774
     432    6539.9863     389.1974     386.7179    3086.2799     456.6558     291.4329    1119.2405     810.4619
     433    6361.8894     552.8550     460.0636    2759.1909     504.7177     488.3687    1016.8953     579.7982
     434    6269.0873     396.6410     452.8315    2617.5632     490.0561     364.8764    1032.0356     915.0834
     435    5707.9218     348.9820     287.5607    2124.0968     546.1513     420.7500    1302.7658     677.6151
     436    7254.9900     389.0401     363.2840    3218.0192     608.6988     513.7401    1275.0220     887.1858
     437    7382.7447     666.1612     727.3350    3088.7847     589.9626     429.5021    1340.4077     540.5914
     438    7856.3043     589.1064     521.0784    3089.4607     441.6225     331.9384    1742.4824    1140.6156
     439    7865.6345     571.4669     543.8899    3092.1307     495.2703     428.1854    1861.1757     873.5156
     440    5830.5436     441.7075     486.0986    2106.7065     452.1721     468.2743    1170.0953     705.4892
     441    7121.4411     646.1199     544.4237    2554.6244     468.2816     429.4145    1545.1053     933.4716
     442    6818.7005     336.3682     258.7574    2752.8342     558.5372     573.9673    1731.9301     606.3061
     443    5707.1227     375.7916     294.7332    2213.2255     398.6111     344.4491    1508.9082     571.4041
     444    7100.1039     405.9091     383.5976    3553.9774     383.8787     407.5499    1225.4237     739.7675
     445    6962.4836     386.7652     370.4629    2859.0658     630.3618     664.7138    1125.0781     926.0361
     446    7643.1891     476.8757     414.1984    3333.3238     622.7162     541.2651    1302.2499     952.5601
     447    7795.4593     638.9111     500.6701    3313.1214     478.7012     480.4353    1644.3791     739.2410
     448    7462.1438     520.1762     418.2926    3040.5166     499.5048     452.3094    1841.0573     690.2868
     449    6899.7671     368.6534     304.3118    3049.0432     527.4621     355.1962    1460.4075     834.6929
     450    6266.0094     610.0234     382.9382    2696.2825     474.2287     429.9860    1005.0743     667.4763
     451    6352.6338     420.2351     385.5640    2750.4627     452.3978     386.3259    1002.0744     955.5740
     452    7679.3346     505.8106     419.6302    3535.8912     521.8482     470.9334    1301.6470     923.5738
     453    6591.1076     558.1085     358.4255    2895.2422     548.1425     518.4351    1002.0575     710.6961
     454    8399.1963     607.9237     443.2297    3569.4040     671.0177     616.2328    1480.4873    1010.9010
     455    6618.9498     381.0525     315.5859    3076.7041     445.5499     373.3996    1545.2100     481.4478
     456    7151.3819     719.0618     470.9874    3157.7849     390.8414     394.0221    1132.5578     886.1264
     457    6547.2806     548.9419     436.5008    2761.4197     595.8742     441.5453    1045.7547     717.2440
     458    8215.0767     355.8294     464.8015    3322.6702     944.4491     540.0783    1647.4504     939.7978
     459    8794.3130     577.0944     490.9081    3890.6790     680.4575     514.2610    1689.9335     950.9795
     460    5451.8891     499.0923     384.4662    2164.4727     402.8685     296.8967     897.7389     806.3538
     461    6898.7199     575.0443     361.7526    2535.7176     632.0530     496.9205    1468.3289     828.9030
     462    7203.1391     334.8374     275.8713    3199.1100     668.4043     547.5814    1115.0091    1062.3257
     463    6560.7630     369.8338     415.8456    2582.4372     536.8041     501.5351    1401.8033     752.5039
     464    5523.5158     335.5745     262.6434    2111.8915     427.7604     415.3240    1351.9158     618.4063
     465    6305.5284     585.0105     608.9650    2205.8173     401.5615     407.0567    1258.5983     838.5190
     466    6993.3867     368.9646     347.8650    2888.0973     613.2674     601.7319    1390.5388     782.9218
     467    7015.3863     413.3261     295.9536    3031.0340     403.6098     495.6302    1717.0381     658.7945
     468    7388.1835     706.3585     606.5514    2595.4333     451.1804     373.1992    1641.6319    1013.8287
     469    6602.5938     616.3541     407.4660    2831.9975     547.3758     526.7077    1034.0856     638.6071
     470    7966.0949     702.2998     661.9863    2876.7720     439.4446     350.2831    1692.8794    1242.4296
     471    5462.1730     646.9658     435.4797    2146.9268     384.6763     362.5107     964.5655     521.0482
     472    9124.9051     573.1311     813.1373    3807.0716     595.5285     383.6546    1737.4637    1214.9183
     473    6350.8374     500.5338     429.4457    2512.5611     514.6429     433.0238    1149.9927     810.6374
     474    6162.0049     607.3221     448.6806    2561.8419     377.8881     362.8512    1240.6468     562.7743
     475    9325.5838     941.1603     617.2258    3867.5769     464.5570     396.3084    1812.9448    1225.8107
     476    8088.2286     460.0607     502.3808    3623.6269     587.4851     528.4277    1515.7205     870.5269
     477    5957.9386     479.1764     355.4233    2493.1093     478.7452     330.6329    1084.2976     736.5538
     478    7764.9721     424.8525     298.0553    3663.9988     474.3968     535.7746    1531.2364     836.6576
     479    4256.9602     328.5449     262.2442    1728.4263     232.8088     194.7833     970.6072     539.5456
     480    7670.1376     552.6105     435.8900    3243.6343     660.3345     486.2201    1465.9497     825.4984
     481    6797.9563     467.0846     381.7293    2833.7859     544.2066     427.5728    1225.7519     917.8253
     482    7168.5269     628.3646     423.6411    3249.0270     385.5574     306.1884    1221.1522     954.5962
     483    5232.3050     407.9472     456.7713    2282.9024     326.5837     252.1050     802.1633     703.8320
     484    8376.8218     488.6438     489.2268    3986.4739     430.7631     455.8679    1392.1136    1133.7327
     485    7035.1680     732.7749     545.3103    3287.3920     564.6280     415.8786     922.6067     566.5776
     486    6429.5085     315.2532     278.1973    2909.7298     488.3961     448.8007    1300.8190     688.3125
     487    6890.3522     422.8237     402.7079    2961.8474     612.9379     565.9975    1206.3758     717.6619
     488    7554.1971     632.0520     612.1854    2788.7112     625.6192     566.1203    1336.0896     993.4194
     489    6956.4676     810.0431     387.6388    2760.5440     589.7093     428.9962    1153.1839     826.3524
     490    6964.1084     700.5269     456.5845    2815.0323     434.1733     345.2589    1474.3989     738.1336
     491    8949.7857     508.9709     479.0523    4073.6006     717.4573     609.5759    1528.4535    1032.6753
     492    7807.0003     546.1404     465.7659    3007.4052     688.5972     692.6292    1678.2977     728.1647
     493    7857.7880     372.1373     379.5781    3356.0755     676.4469     555.0826    1792.4926     725.9749
     494    7170.2955     723.4301     543.5096    2788.7415     701.5170     488.5564    1146.2567     778.2843
     495    7288.2161     440.1760     439.6919    2645.5924     619.9433     475.0351    1827.0413     840.7361
     496    7628.7542     521.4313     391.8379    3580.0285     657.8489     477.9354    1151.8324     847.8398
     497    5085.5188     353.5019     306.4460    2322.3966     369.4797     345.9079     917.5067     470.2799
     498    7575.1642     535.5084     391.5042    3331.8547     524.5150     405.5018    1369.5082    1016.7719
     499    5131.1811     372.1892     342.1851    2319.3362     270.8888     303.0662    1013.3138     510.2017
     500    6357.8212     527.1611     374.6364    2607.1986     582.9858     423.9481    1099.8264     742.0647
