#Frame           aTIP
       1      60.1634
       2      63.8744
       3      50.3375
       4      37.2298
       5      50.0815
       6      39.3996
       7      47.3284
       8      38.1900
       9      72.1077
      10      42.6879
      11      46.5418
      12      57.5740
      13      17.7999
      14      25.5748
      15      57.7936
      16      19.9698
      17      48.3302
      18      33.5015
      19      62.9854
      20      33.8159
      21      30.8666
      22      70.1191
      23      59.2244
      24      66.8387
      25      25.5234
      26      32.0715
      27      85.6953
      28      35.7235
      29      93.8029
      30      64.6274
      31      45.7853
      32      66.4155
      33      37.7964
      34      47.9320
      35      47.0999
      36      27.7366
      37      16.7557
      38      58.6850
      39      65.2331
      40      76.7468
      41      41.6688
      42      83.0455
      43      25.7900
      44      54.9220
      45      41.0949
      46      88.5401
      47      31.1326
      48      34.3499
      49      30.4528
      50      36.3372
      51      92.5810
      52     143.4332
      53      59.2650
      54      23.9997
      55      39.6988
      56      64.8654
      57      62.6395
      58      19.7894
      59      64.4726
      60      37.4104
      61      47.4017
      62      51.8165
      63      16.6069
      64      26.8204
      65      19.6620
      66      50.7102
      67      30.4463
      68      42.2759
      69      45.3255
      70     100.2767
      71      49.1148
      72      49.9145
      73     110.0410
      74      56.2916
      75      13.9172
      76      62.8367
      77      29.8856
      78      41.2463
      79      54.1393
      80      56.8511
      81      54.0319
      82     114.7060
      83      61.6965
      84      48.6464
      85      58.5283
      86      26.8634
      87      81.1754
      88      56.2889
      89      37.0298
      90      36.6905
      91      96.3830
      92      23.8562
      93     169.7186
      94     120.0950
      95      32.2984
      96      50.5243
      97      85.0190
      98      59.3321
      99      21.8613
     100      23.1175
     101     131.5464
     102     113.4540
     103     157.2388
     104      69.4506
     105      10.3347
     106      62.6846
     107      69.7235
     108      59.4982
     109      59.1662
     110      42.8470
     111      52.7325
     112      94.5135
     113      59.3890
     114      26.7078
     115      16.5571
     116      20.0366
     117      43.6853
     118      44.1103
     119      90.8365
     120      68.5796
     121     101.4048
     122      89.0575
     123      34.7607
     124      25.7452
     125      18.2574
     126      40.6838
     127      54.1082
     128      22.1387
     129      77.7341
     130      33.0165
     131      74.0047
     132      36.7056
     133      25.6176
     134      28.1525
     135      91.8930
     136      38.1631
     137      31.6076
     138      52.3078
     139     101.1738
     140      38.5144
     141      65.8876
     142      55.5988
     143      38.5447
     144     115.4062
     145      39.9023
     146      74.5161
     147      47.8681
     148      35.8612
     149      28.5908
     150      48.7281
     151      58.6056
     152      56.9349
     153      86.3359
     154      66.1014
     155      75.9321
     156      50.0418
     157      51.4392
     158      26.4588
     159      66.4138
     160      53.5677
     161      42.6699
     162      78.4357
     163      62.0998
     164      52.5348
     165      75.0065
     166      56.2154
     167       5.1889
     168      14.7072
     169      56.3610
     170      16.3857
     171      36.4199
     172      79.4377
     173      59.7526
     174      27.6815
     175      61.0872
     176      52.1188
     177      14.9010
     178      23.1012
     179      28.8813
     180      40.0720
     181      59.0637
     182      35.1293
     183      35.0130
     184      99.2127
     185      23.5867
     186      21.2301
     187      52.2948
     188      52.4744
     189      23.2197
     190      35.8296
     191      48.6742
     192      49.1093
     193      79.7828
     194      40.1455
     195      42.9996
     196      53.7900
     197     111.2817
     198      28.3323
     199      69.6329
     200      37.0512
     201      73.1644
     202      38.3924
     203      37.6047
     204      96.0477
     205      56.5505
     206     100.2308
     207      60.0630
     208      41.1279
     209      30.0600
     210      67.6401
     211      69.6263
     212      73.9352
     213      53.4718
     214      60.6889
     215      61.3132
     216      19.0798
     217      63.6813
     218      59.2807
     219      75.2208
     220     108.6772
     221      93.4838
     222      45.0812
     223      14.3558
     224      41.3856
     225      77.4980
     226      59.9115
     227      21.4998
     228      28.1162
     229      93.9938
     230      78.1743
     231      77.6813
     232      98.2484
     233      37.1238
     234       5.8202
     235      38.5861
     236      30.4926
     237      95.6702
     238      56.9953
     239      48.2935
     240      64.1681
     241      90.1054
     242      50.0795
     243      26.0914
     244      48.3664
     245      47.3450
     246      31.8291
     247      20.8878
     248      62.3964
     249      53.9593
     250      65.5826
     251      55.4228
     252      66.8877
     253      73.8610
     254      60.5899
     255      56.7267
     256     103.6666
     257      45.7569
     258      76.1884
     259      59.6454
     260      74.9673
     261      59.6635
     262      25.6521
     263      36.3346
     264      50.4214
     265      31.8356
     266      24.0767
     267      36.2208
     268       7.3244
     269      37.0531
     270      13.6676
     271       9.2705
     272      52.3909
     273      51.9951
     274      61.6085
     275      87.1641
     276      33.2926
     277      52.0607
     278      69.7484
     279      69.0501
     280      13.1629
     281      29.1420
     282      57.7093
     283      73.4399
     284      30.3157
     285      72.4713
     286      34.4165
     287      13.1379
     288      47.9893
     289      30.7236
     290      22.0619
     291      70.6222
     292      57.9610
     293      61.7772
     294      68.8551
     295      27.5681
     296      58.7274
     297      30.0340
     298      25.3356
     299      21.1994
     300      37.3883
     301      16.3231
     302      56.4724
     303      38.6271
     304      25.9576
     305      93.1694
     306      71.1169
     307      65.7686
     308      55.0628
     309      45.0359
     310      37.1030
     311      53.7704
     312      38.2329
     313     105.5478
     314      56.5463
     315     107.3719
     316      64.8891
     317      93.6002
     318      43.6979
     319      36.2601
     320      31.5184
     321      39.5793
     322      13.8288
     323      35.4661
     324      51.7254
     325      24.0963
     326      45.4469
     327      38.9732
     328      39.5469
     329      48.7300
     330      41.2830
     331     102.7253
     332      62.8610
     333      32.4059
     334      11.3426
     335      32.8101
     336      24.0447
     337      46.2503
     338      42.8536
     339      27.5745
     340      23.4878
     341      71.0114
     342     117.2758
     343      15.3712
     344      52.7117
     345      53.7716
     346      32.5967
     347      24.7353
     348      29.5420
     349      54.9072
     350      68.1550
     351      44.9180
     352      40.1537
     353      68.9200
     354     129.7296
     355      96.1013
     356      54.5346
     357      37.9093
     358      70.9541
     359      24.4165
     360      73.5390
     361      58.5558
     362      34.5296
     363      40.1239
     364      51.5508
     365      74.0131
     366      29.8397
     367      53.9621
     368      34.7859
     369      91.5750
     370      31.4499
     371      95.2679
     372      83.4418
     373      86.4348
     374      91.1385
     375      27.0516
     376      96.6958
     377      19.4349
     378      47.0180
     379      42.0290
     380     106.2354
     381      52.5458
     382      46.7092
     383      55.8817
     384      62.6811
     385      27.3760
     386      66.8278
     387      52.5266
     388      87.0806
     389      59.3512
     390      36.3426
     391      40.8661
     392      44.1681
     393      32.4131
     394      56.8903
     395      25.8465
     396      48.1721
     397      84.6802
     398       9.6221
     399      50.5125
     400      87.1512
     401      24.4682
     402      21.0710
     403      61.0406
     404      47.7181
     405      58.5482
     406      26.5448
     407      19.1300
     408      16.9754
     409      45.3951
     410      70.4058
     411      67.9725
     412      46.2653
     413      59.5994
     414      32.0530
     415      49.1095
     416      39.7299
     417      34.2776
     418      55.6660
     419      50.9062
     420      24.5366
     421      17.8649
     422      54.3333
     423      30.8259
     424      46.1917
     425      63.1588
     426      29.8899
     427      93.3743
     428     104.7739
     429      25.9301
     430      52.3723
     431      45.3282
     432      46.3485
     433      59.1764
     434      68.7301
     435      96.0494
     436      53.1091
     437      71.3785
     438      46.5690
     439      13.2188
     440     116.1679
     441      39.4620
     442      87.7655
     443      39.7503
     444      34.3464
     445      58.2574
     446      40.6609
     447     106.2976
     448      21.2285
     449      33.2262
     450      42.8584
     451      44.4567
     452      16.6296
     453      30.6629
     454      12.2870
     455      38.1012
     456      19.5890
     457      77.3482
     458      89.9630
     459      74.9575
     460      81.0339
     461      36.4571
     462      35.2260
     463      45.5151
     464     107.0919
     465      26.4856
     466      80.7211
     467      16.9001
     468      68.2153
     469      72.8528
     470      45.6831
     471      47.7867
     472      36.6646
     473      19.8538
     474     103.1774
     475     107.3657
     476      69.6088
     477      60.9345
     478      62.1700
     479     102.0813
     480      33.7122
     481      24.1800
     482      40.7116
     483      44.6508
     484      20.5203
     485      35.9801
     486      56.7835
     487      73.5918
     488      19.1821
     489      49.1363
     490      42.0653
     491      93.2481
     492     116.3382
     493      96.7192
     494      68.4745
     495      42.7252
     496      24.6978
     497      37.9038
     498      57.7922
     499      38.9476
     500      27.3192
